Sim_index	S	omega_T	omega_P	sigma_e	disp_shape	disp_scale	seed	divergence_factor	max_species	max_coex_sp	start_species	init_ab	grid_cell_distance	finished	final_timestep	initial_nb_species	final_nb_species	sp_events	ex_events	exchanged	prop_col_area	abs_col_area	div_col	dist_to_isthmus
Simulation_1	1.998	0.055	0.175	0.078	1.75	0.549	1	0.05	12000	1000	1	500	111	1	0	1	817	836	19	1	0.408942558746736	1253	139	6229.16179063152
Simulation_2	2.501	0.032	0.238	0.041	2.377	0.323	2	0.05	12000	1000	1	500	111	1	0	1	20	20	0	0	-1	-1	-1	5723.52121376863
Simulation_3	1.495	0.078	0.112	0.114	1.123	0.775	3	0.05	12000	1000	1	500	111	1	0	1	183	191	8	1	0.993798955613577	3045	180	4844.94434768332
Simulation_4	1.747	0.044	0.206	0.023	2.691	0.889	4	0.05	12000	1000	1	500	111	1	0	1	693	751	58	1	0.434725848563969	1332	562	3997.58075413004
Simulation_5	2.752	0.089	0.081	0.096	1.436	0.436	5	0.05	12000	1000	1	500	111	1	0	1	30	30	0	1	0.279373368146214	856	17	4523.73624216299
Simulation_6	2.25	0.021	0.144	0.059	0.809	0.662	6	0.05	12000	1000	1	500	111	1	0	1	53	70	17	1	0.39686684073107	1216	51	5619.36308835186
Simulation_7	1.244	0.066	0.269	0.132	2.064	0.21	7	0.05	12000	1000	1	500	111	1	0	1	23	23	0	0	-1	-1	-1	2652.0556188051
Simulation_8	1.369	0.038	0.128	0.105	1.907	0.266	8	0.05	12000	1000	1	500	111	1	0	1	39	39	0	0	-1	-1	-1	6435.10233972296
Simulation_9	2.375	0.083	0.253	0.032	0.652	0.719	9	0.05	12000	1000	1	500	111	1	0	1	14	14	0	1	0.514360313315927	1576	13	5677.76322960493
Simulation_10	2.878	0.015	0.191	0.141	1.279	0.493	10	0.05	12000	1000	1	500	111	1	0	1	0	1	1	-1	-1	-1	-1	3940.40439883649
Simulation_11	1.872	0.061	0.065	0.068	2.534	0.945	11	0.05	12000	1000	1	500	111	1	0	1	103	105	2	1	0.734660574412533	2251	101	3550.24401637907
Simulation_12	1.621	0.027	0.285	0.087	1.593	0.832	12	0.05	12000	1000	1	500	111	0	86	1	1647	1679	32	1	0.501831501831502	1507	1178	2605.04678445846
Simulation_13	2.627	0.072	0.159	0.014	2.848	0.379	13	0.05	12000	1000	1	500	111	1	0	1	182	182	0	0	-1	-1	-1	5052.09092607132
Simulation_14	2.124	0.049	0.097	0.123	2.221	0.606	14	0.05	12000	1000	1	500	111	1	0	1	3	3	0	1	0.0075065274151436	23	1	4632.29551090379
Simulation_15	1.118	0.095	0.222	0.05	0.966	0.153	15	0.05	12000	1000	1	500	111	1	0	1	199	199	0	1	0.14621409921671	448	5	3347.51405260439
Simulation_16	1.181	0.052	0.261	0.064	1.201	0.408	16	0.05	12000	1000	1	500	111	0	49	1	1715	1723	8	1	0.345971563981043	1022	887	4874.32475397722
Simulation_17	2.187	0.097	0.136	0.137	2.456	0.86	17	0.05	12000	1000	1	500	111	1	0	1	112	112	0	1	0.993798955613577	3045	107	2002.72266796438
Simulation_18	2.69	0.029	0.073	0.027	1.828	0.181	18	0.05	12000	1000	1	500	111	1	0	1	33	33	0	0	-1	-1	-1	2316.49880431623
Simulation_19	1.684	0.075	0.199	0.1	0.574	0.634	19	0.05	12000	1000	1	500	111	1	0	1	19	19	0	1	0.765339425587467	2345	19	5281.09942639321
Simulation_20	1.935	0.018	0.167	0.046	2.142	0.747	20	0.05	12000	1000	1	500	111	1	0	1	12	15	3	0	-1	-1	-1	4038.82455357554
Simulation_21	2.941	0.063	0.293	0.118	0.887	0.294	21	0.05	12000	1000	1	500	111	1	0	1	45	47	2	1	0.647845953002611	1985	39	2950.24581639803
Simulation_22	2.438	0.041	0.23	0.009	1.515	0.973	22	0.05	12000	1000	1	500	111	1	0	1	39	40	1	1	0.413838120104439	1268	39	3611.43844405608
Simulation_23	1.432	0.086	0.104	0.082	2.77	0.521	23	0.05	12000	1000	1	500	111	1	0	1	25	25	0	0	-1	-1	-1	5444.95537074586
Simulation_24	1.306	0.024	0.183	0.128	2.613	0.464	24	0.05	12000	1000	1	500	111	1	0	1	18	22	4	0	-1	-1	-1	4738.22627483984
Simulation_25	2.312	0.069	0.057	0.055	1.358	0.917	25	0.05	12000	1000	1	500	111	1	0	1	45	47	2	1	0.808746736292428	2478	45	3203.64187024303
Simulation_26	2.815	0.046	0.12	0.091	0.73	0.238	26	0.05	12000	1000	1	500	111	1	0	1	62	63	1	1	0.261422976501305	801	37	4611.49236051642
Simulation_27	1.809	0.092	0.246	0.018	1.985	0.691	27	0.05	12000	1000	1	500	111	1	0	1	20	21	1	1	0.406984334203655	1247	20	5309.57774824956
Simulation_28	1.558	0.035	0.089	0.146	1.044	0.577	28	0.05	12000	1000	1	500	111	1	0	1	119	128	9	1	0.371083550913838	1137	108	2211.62066614796
Simulation_29	2.564	0.08	0.214	0.073	2.299	0.125	29	0.05	12000	1000	1	500	111	1	0	1	2	2	0	0	-1	-1	-1	2592.1498279529
Simulation_30	2.061	0.012	0.277	0.109	2.926	0.804	30	0.05	12000	1000	1	500	111	1	0	1	0	1	1	-1	-1	-1	-1	3173.0731747003
Simulation_31	1.055	0.058	0.151	0.037	1.672	0.351	31	0.05	12000	1000	1	500	111	1	0	1	246	246	0	1	0.0378590078328982	116	2	5722.09377548857
Simulation_32	1.086	0.034	0.202	0.089	2.26	0.676	32	0.05	12000	1000	1	500	111	0	184	1	1637	1711	74	1	0.0329861111111111	95	43	2297.11958793749
Simulation_33	2.092	0.079	0.077	0.016	1.005	0.224	33	0.05	12000	1000	1	500	111	1	0	1	251	251	0	1	0.18701044386423	573	23	3411.59647554453
Simulation_34	2.595	0.011	0.14	0.125	1.632	0.903	34	0.05	12000	1000	1	500	111	1	0	1	0	1	1	-1	-1	-1	-1	2494.80299662609
Simulation_35	1.589	0.056	0.265	0.052	2.887	0.45	35	0.05	12000	1000	1	500	111	1	0	1	1	1	0	0	-1	-1	-1	5434.5092309092
Simulation_36	1.841	0.022	0.108	0.107	1.319	0.337	36	0.05	12000	1000	1	500	111	1	0	1	0	1	1	-1	-1	-1	-1	7443.79487367405
Simulation_37	2.847	0.068	0.234	0.034	2.574	0.79	37	0.05	12000	1000	1	500	111	1	0	1	42	42	0	1	0.441579634464752	1353	24	6575.92575658797
Simulation_38	2.344	0.045	0.297	0.143	1.946	0.111	38	0.05	12000	1000	1	500	111	1	0	1	2	3	1	0	-1	-1	-1	4038.82455357554
Simulation_39	1.338	0.09	0.171	0.071	0.691	0.563	39	0.05	12000	1000	1	500	111	1	0	1	25	25	0	1	0.859986945169713	2635	25	6370.7298084159
Simulation_40	1.464	0.017	0.25	0.025	0.848	0.62	40	0.05	12000	1000	1	500	111	0	13	1	2032	2201	169	1	0.466249588409615	1416	1582	3927.97223844689
Simulation_41	2.47	0.062	0.124	0.098	2.103	0.167	41	0.05	12000	1000	1	500	111	1	0	1	1	1	0	0	-1	-1	-1	5801.25111128812
Simulation_42	2.972	0.039	0.061	0.062	2.73	0.846	42	0.05	12000	1000	1	500	111	1	0	1	35	35	0	1	0.147193211488251	451	28	2989.29786913004
Simulation_43	1.967	0.085	0.187	0.134	1.475	0.394	43	0.05	12000	1000	1	500	111	1	0	1	89	89	0	1	0.0900783289817232	276	11	4996.45378239457
Simulation_44	1.715	0.051	0.155	0.007	2.417	0.507	44	0.05	12000	1000	1	500	111	1	0	1	120	121	1	0	-1	-1	-1	1492.69695582889
Simulation_45	2.721	0.096	0.281	0.08	1.162	0.959	45	0.05	12000	1000	1	500	111	1	0	1	25	25	0	1	0.900456919060052	2759	25	3301.64796155758
Simulation_46	2.218	0.028	0.218	0.043	0.534	0.28	46	0.05	12000	1000	1	500	111	1	0	1	15	20	5	1	0.342362924281984	1049	15	1583.99918712065
Simulation_47	1.212	0.073	0.093	0.116	1.789	0.733	47	0.05	12000	1000	1	500	111	1	0	1	2467	2651	184	1	0.996736292428198	3054	2368	3320.07930994564
Simulation_48	1.149	0.031	0.116	0.148	2.966	0.988	48	0.05	12000	1000	1	500	111	0	63	1	2161	2279	118	1	0.22089552238806	666	1112	5063.29752383782
Simulation_49	2.155	0.076	0.242	0.075	1.711	0.535	49	0.05	12000	1000	1	500	111	1	0	1	97	98	1	1	0.287532637075718	881	32	6947.23900611137
Simulation_50	2.658	0.053	0.179	0.112	1.083	0.761	50	0.05	12000	1000	1	500	111	1	0	1	63	71	8	1	0.830613577023499	2545	62	3742.7300372076
Simulation_51	1.652	0.099	0.053	0.039	2.338	0.309	51	0.05	12000	1000	1	500	111	1	0	1	3	3	0	0	-1	-1	-1	5152.35023463052
Simulation_52	1.904	0.042	0.273	0.13	0.77	0.195	52	0.05	12000	1000	1	500	111	1	0	1	86	87	1	1	0.117167101827676	359	49	2297.11958793749
Simulation_53	2.91	0.087	0.148	0.057	2.025	0.648	53	0.05	12000	1000	1	500	111	1	0	1	13	13	0	1	0.429830287206266	1317	10	5063.29752383782
Simulation_54	2.407	0.02	0.085	0.093	2.652	0.422	54	0.05	12000	1000	1	500	111	1	0	1	1	2	1	0	-1	-1	-1	2028.77959183059
Simulation_55	1.401	0.065	0.21	0.021	1.397	0.874	55	0.05	12000	1000	1	500	111	1	0	1	1212	1254	42	1	0.751305483028721	2302	1079	4587.69938139255
Simulation_56	1.275	0.048	0.069	0.048	1.554	0.818	56	0.05	12000	1000	1	500	111	1	0	1	990	1113	123	1	0.776762402088773	2380	988	5756.73473127449
Simulation_57	2.281	0.093	0.195	0.121	2.809	0.365	57	0.05	12000	1000	1	500	111	1	0	1	1	1	0	0	-1	-1	-1	5152.35023463052
Simulation_58	2.784	0.025	0.257	0.012	2.181	0.592	58	0.05	12000	1000	1	500	111	1	0	1	2	2	0	0	-1	-1	-1	5358.81309657792
Simulation_59	1.778	0.07	0.132	0.084	0.926	0.139	59	0.05	12000	1000	1	500	111	1	0	1	14	15	1	1	0.0319843342036554	98	1	3631.87772207896
Simulation_60	1.527	0.014	0.226	0.066	1.868	0.252	60	0.05	12000	1000	1	500	111	1	0	1	0	1	1	-1	-1	-1	-1	Inf
Simulation_61	2.532	0.059	0.1	0.139	0.613	0.705	61	0.05	12000	1000	1	500	111	1	0	1	5	5	0	1	0.418733681462141	1283	5	3785.80792061626
Simulation_62	2.029	0.037	0.163	0.03	1.24	0.478	62	0.05	12000	1000	1	500	111	1	0	1	1070	1099	29	1	0.242167101827676	742	623	2558.04992588775
Simulation_63	1.024	0.082	0.289	0.103	2.495	0.931	63	0.05	12000	1000	1	500	111	0	119	1	2100	2139	39	1	0.997998665777185	2992	1723	1645.66395920748
Simulation_64	1.039	0.046	0.161	0.122	1.025	0.882	64	0.05	12000	1000	1	500	111	1	0	1	988	1130	142	1	0.991840731070496	3039	973	4981.47564259033
Simulation_65	2.045	0.091	0.287	0.049	2.279	0.429	65	0.05	12000	1000	1	500	111	1	0	1	25	25	0	0	-1	-1	-1	3974.98107279354
Simulation_66	2.548	0.023	0.224	0.085	2.907	0.655	66	0.05	12000	1000	1	500	111	1	0	1	2	2	0	0	-1	-1	-1	5992.72710051526
Simulation_67	1.542	0.068	0.099	0.013	1.652	0.203	67	0.05	12000	1000	1	500	111	1	0	1	2	2	0	0	-1	-1	-1	5727.86900941402
Simulation_68	1.794	0.012	0.255	0.14	2.593	0.316	68	0.05	12000	1000	1	500	111	1	0	1	0	1	1	-1	-1	-1	-1	6260.9922860406
Simulation_69	2.8	0.057	0.13	0.067	1.338	0.768	69	0.05	12000	1000	1	500	111	1	0	1	47	50	3	1	0.738250652741514	2262	46	6229.16179063152
Simulation_70	2.297	0.034	0.067	0.104	0.711	0.542	70	0.05	12000	1000	1	500	111	1	0	1	26	36	10	1	0.462467362924282	1417	25	5784.36417121717
Simulation_71	1.291	0.08	0.193	0.031	1.966	0.995	71	0.05	12000	1000	1	500	111	1	0	1	698	722	24	1	0.805156657963446	2467	585	5723.52121376863
Simulation_72	1.417	0.029	0.083	0.076	2.123	0.938	72	0.05	12000	1000	1	500	111	0	88	1	1783	1816	33	1	0.375337837837838	1111	1283	2924.62451443925
Simulation_73	2.422	0.074	0.208	0.149	0.868	0.485	73	0.05	12000	1000	1	500	111	1	0	1	65	69	4	1	0.969647519582245	2971	65	3640.90702700406
Simulation_74	2.925	0.051	0.271	0.04	1.495	0.712	74	0.05	12000	1000	1	500	111	1	0	1	28	28	0	1	0.482375979112272	1478	25	6540.12690869614
Simulation_75	1.919	0.097	0.146	0.113	2.75	0.259	75	0.05	12000	1000	1	500	111	1	0	1	3	3	0	0	-1	-1	-1	6402.56030382498
Simulation_76	1.668	0.04	0.177	0.058	1.181	0.146	76	0.05	12000	1000	1	500	111	1	0	1	27	27	0	0	-1	-1	-1	6042.67073511917
Simulation_77	2.674	0.085	0.051	0.131	2.436	0.599	77	0.05	12000	1000	1	500	111	1	0	1	34	34	0	1	0.113577023498695	348	2	2381.93532269427
Simulation_78	2.171	0.017	0.114	0.022	1.809	0.372	78	0.05	12000	1000	1	500	111	1	0	1	51	63	12	0	-1	-1	-1	5864.26299567163
Simulation_79	1.165	0.063	0.24	0.095	0.554	0.825	79	0.05	12000	1000	1	500	111	1	0	1	16	16	0	1	0.466383812010444	1429	16	5529.61477688566
Simulation_80	1.228	0.02	0.216	0.099	1.73	0.57	80	0.05	12000	1000	1	500	111	1	0	1	61	94	33	0	-1	-1	-1	5001.50981556817
Simulation_81	2.234	0.066	0.091	0.026	2.985	0.118	81	0.05	12000	1000	1	500	111	1	0	1	1	1	0	0	-1	-1	-1	5758.0306896353
Simulation_82	2.737	0.043	0.153	0.136	2.358	0.797	82	0.05	12000	1000	1	500	111	1	0	1	79	84	5	1	0.16710182767624	512	25	6081.54188401147
Simulation_83	1.731	0.088	0.279	0.063	1.103	0.344	83	0.05	12000	1000	1	500	111	1	0	1	163	164	1	1	0.535574412532637	1641	93	3740.18056941882
Simulation_84	1.982	0.054	0.059	0.081	2.044	0.457	84	0.05	12000	1000	1	500	111	1	0	1	4	4	0	0	-1	-1	-1	5340.64595658504
Simulation_85	2.988	0.099	0.185	0.008	0.789	0.91	85	0.05	12000	1000	1	500	111	1	0	1	10	10	0	1	0.504895561357702	1547	10	3486.99708711741
Simulation_86	2.485	0.032	0.248	0.117	1.417	0.231	86	0.05	12000	1000	1	500	111	1	0	1	11	11	0	0	-1	-1	-1	5483.60514986607
Simulation_87	1.479	0.077	0.122	0.045	2.672	0.683	87	0.05	12000	1000	1	500	111	0	228	1	1474	1480	6	0	-1	-1	-1	3976.51484817058
Simulation_88	1.354	0.037	0.295	0.017	2.828	0.74	88	0.05	12000	1000	1	500	111	0	150	1	1187	1188	1	1	0.00825593395252838	24	5	5066.53258586703
Simulation_89	2.36	0.082	0.169	0.09	1.574	0.287	89	0.05	12000	1000	1	500	111	1	0	1	2	2	0	0	-1	-1	-1	5332.47416274282
Simulation_90	2.862	0.015	0.106	0.054	0.946	0.966	90	0.05	12000	1000	1	500	111	1	0	1	20	30	10	1	0.109334203655352	335	18	6116.23502903304
Simulation_91	1.857	0.06	0.232	0.126	2.201	0.514	91	0.05	12000	1000	1	500	111	1	0	1	26	26	0	0	-1	-1	-1	6252.99981695835
Simulation_92	1.605	0.026	0.138	0.035	0.632	0.401	92	0.05	12000	1000	1	500	111	1	0	1	131	166	35	1	0.599869451697128	1838	122	2952.06413685252
Simulation_93	2.611	0.071	0.263	0.108	1.887	0.853	93	0.05	12000	1000	1	500	111	1	0	1	12	15	3	1	0.713446475195822	2186	12	3438.10014478688
Simulation_94	2.108	0.049	0.2	0.072	2.515	0.174	94	0.05	12000	1000	1	500	111	1	0	1	1	1	0	0	-1	-1	-1	3376.75329928504
Simulation_95	1.102	0.094	0.075	0.145	1.26	0.627	95	0.05	12000	1000	1	500	111	1	0	1	3163	3373	210	1	0.99967362924282	3063	3121	5920.88606979317
Simulation_96	1.071	0.022	0.283	0.056	1.77	0.528	96	0.05	12000	1000	1	500	111	1	0	1	602	721	119	1	0.00489556135770235	15	16	3410.17309182167
Simulation_97	2.077	0.067	0.157	0.129	0.515	0.981	97	0.05	12000	1000	1	500	111	1	0	1	2	2	0	1	0.35443864229765	1086	2	2519.83223284695
Simulation_98	2.58	0.044	0.095	0.02	1.142	0.302	98	0.05	12000	1000	1	500	111	1	0	1	71	71	0	1	0.0241514360313316	74	15	3707.48466278215
Simulation_99	1.574	0.09	0.22	0.092	2.397	0.754	99	0.05	12000	1000	1	500	111	1	0	1	33	33	0	1	0.413838120104439	1268	27	4366.18973173741
Simulation_100	1.825	0.033	0.126	0.074	1.456	0.641	100	0.05	12000	1000	1	500	111	1	0	1	700	721	21	1	0.326697127937337	1001	522	3952.0319978047
Simulation_101	2.831	0.078	0.251	0.147	2.711	0.188	101	0.05	12000	1000	1	500	111	1	0	1	1	1	0	0	-1	-1	-1	4981.47564259033
Simulation_102	2.328	0.01	0.189	0.038	2.083	0.867	102	0.05	12000	1000	1	500	111	1	0	1	37	41	4	0	-1	-1	-1	4306.61770468137
Simulation_103	1.322	0.056	0.063	0.11	0.828	0.415	103	0.05	12000	1000	1	500	111	1	0	1	1859	2129	270	1	0.992819843342037	3042	1840	2765.05706467643
Simulation_104	1.448	0.05	0.236	0.138	0.672	0.358	104	0.05	12000	1000	1	500	111	1	0	1	550	644	94	1	0.990861618798956	3036	543	4219.92704260107
Simulation_105	2.454	0.095	0.11	0.065	1.926	0.811	105	0.05	12000	1000	1	500	111	1	0	1	15	16	1	1	0.623041775456919	1909	15	4390.8796421587
Simulation_106	2.957	0.027	0.173	0.101	2.554	0.132	106	0.05	12000	1000	1	500	111	1	0	1	1	1	0	0	-1	-1	-1	6642.83497575434
Simulation_107	1.951	0.073	0.299	0.029	1.299	0.584	107	0.05	12000	1000	1	500	111	1	0	1	99	107	8	1	0.656331592689295	2011	93	4035.4583682403
Simulation_108	1.699	0.016	0.079	0.12	2.868	0.698	108	0.05	12000	1000	1	500	111	1	0	1	27	45	18	0	-1	-1	-1	5936.41959959783
Simulation_109	2.705	0.061	0.204	0.047	1.613	0.245	109	0.05	12000	1000	1	500	111	1	0	1	1	1	0	0	-1	-1	-1	5897.54845070553
Simulation_110	2.202	0.039	0.267	0.083	0.985	0.924	110	0.05	12000	1000	1	500	111	1	0	1	14	17	3	1	0.348563968668407	1068	14	4830.12586234371
Simulation_111	1.196	0.084	0.142	0.01	2.24	0.471	111	0.05	12000	1000	1	500	111	1	0	1	321	321	0	1	0.107375979112272	329	1	3641.2378721616
Simulation_112	1.134	0.041	0.102	0.033	2.475	0.217	112	0.05	12000	1000	1	500	111	0	86	1	1226	1228	2	0	-1	-1	-1	1937.47736053883
Simulation_113	2.139	0.087	0.228	0.106	1.221	0.669	113	0.05	12000	1000	1	500	111	1	0	1	80	81	1	1	0.951044386422977	2914	80	3048.09808241801
Simulation_114	2.642	0.019	0.291	0.07	0.593	0.443	114	0.05	12000	1000	1	500	111	1	0	1	7	14	7	1	0.142624020887728	437	7	4603.71623725253
Simulation_115	1.637	0.064	0.165	0.142	1.848	0.896	115	0.05	12000	1000	1	500	111	1	0	1	786	803	17	1	0.909921671018277	2788	390	6759.82161725532
Simulation_116	1.888	0.03	0.197	0.015	0.907	0.783	116	0.05	12000	1000	1	500	111	1	0	1	114	127	13	1	0.527415143603133	1616	110	2527.1797261798
Simulation_117	2.894	0.075	0.071	0.088	2.162	0.33	117	0.05	12000	1000	1	500	111	1	0	1	1	1	0	0	-1	-1	-1	5281.09942639321
Simulation_118	2.391	0.053	0.134	0.051	2.789	0.556	118	0.05	12000	1000	1	500	111	1	0	1	180	180	0	0	-1	-1	-1	6151.23200117399
Simulation_119	1.385	0.098	0.259	0.124	1.534	0.104	119	0.05	12000	1000	1	500	111	1	0	1	36	36	0	0	-1	-1	-1	4238.37619576343
Simulation_120	1.259	0.013	0.15	0.079	1.377	0.16	120	0.05	12000	1000	1	500	111	1	0	1	53	68	15	0	-1	-1	-1	4661.93373984018
Simulation_121	2.265	0.058	0.275	0.006	2.632	0.613	121	0.05	12000	1000	1	500	111	1	0	1	35	36	1	0	-1	-1	-1	5430.60584665762
Simulation_122	2.768	0.036	0.212	0.115	2.005	0.386	122	0.05	12000	1000	1	500	111	1	0	1	7	7	0	0	-1	-1	-1	2574.43166625836
Simulation_123	1.762	0.081	0.087	0.042	0.75	0.839	123	0.05	12000	1000	1	500	111	1	0	1	15	15	0	1	0.516644908616188	1583	15	3786.59642896218
Simulation_124	1.511	0.047	0.244	0.097	2.319	0.952	124	0.05	12000	1000	1	500	111	1	0	1	405	442	37	1	0.772845953002611	2368	397	4289.42644739369
Simulation_125	2.517	0.092	0.118	0.024	1.064	0.5	125	0.05	12000	1000	1	500	111	1	0	1	75	80	5	1	0.70822454308094	2170	72	5539.95804094216
Simulation_126	2.014	0.024	0.055	0.133	1.691	0.726	126	0.05	12000	1000	1	500	111	1	0	1	454	542	88	0	-1	-1	-1	6397.82458793154
Simulation_127	1.008	0.07	0.181	0.06	2.946	0.273	127	0.05	12000	1000	1	500	111	1	0	1	32	32	0	0	-1	-1	-1	5006.83674061563
Simulation_128	1.016	0.04	0.247	0.142	1.662	0.475	128	0.05	12000	1000	1	500	111	0	15	1	1393	1467	74	1	0.153717347622237	459	182	2795.14905715543
Simulation_129	2.022	0.085	0.121	0.069	2.917	0.928	129	0.05	12000	1000	1	500	111	1	0	1	69	70	1	1	0.909921671018277	2788	65	4006.34009781027
Simulation_130	2.525	0.017	0.058	0.105	2.289	0.249	130	0.05	12000	1000	1	500	111	1	0	1	7	9	2	0	-1	-1	-1	4721.73747796753
Simulation_131	1.519	0.062	0.184	0.033	1.034	0.701	131	0.05	12000	1000	1	500	111	1	0	1	218	231	13	1	0.806462140992167	2471	209	6809.48165204354
Simulation_132	1.77	0.028	0.152	0.124	1.975	0.588	132	0.05	12000	1000	1	500	111	1	0	1	70	82	12	1	0.0186031331592689	57	6	5469.14269015356
Simulation_133	2.776	0.074	0.278	0.051	0.721	0.135	133	0.05	12000	1000	1	500	111	1	0	1	88	88	0	1	0.226827676240209	695	27	3373.99564124608
Simulation_134	2.273	0.051	0.215	0.087	1.348	0.814	134	0.05	12000	1000	1	500	111	1	0	1	33	38	5	1	0.611945169712794	1875	33	5496.15259421333
Simulation_135	1.267	0.096	0.09	0.014	2.603	0.362	135	0.05	12000	1000	1	500	111	0	126	1	1436	1469	33	0	-1	-1	-1	6402.56030382498
Simulation_136	1.393	0.011	0.2	0.042	2.76	0.418	136	0.05	12000	1000	1	500	111	1	0	1	0	1	1	-1	-1	-1	-1	3118.63735371444
Simulation_137	2.399	0.057	0.074	0.114	1.505	0.871	137	0.05	12000	1000	1	500	111	1	0	1	38	41	3	1	0.769255874673629	2357	38	3751.15081483643
Simulation_138	2.902	0.034	0.137	0.005	0.877	0.192	138	0.05	12000	1000	1	500	111	1	0	1	120	123	3	1	0.0195822454308094	60	38	4198.05843594056
Simulation_139	1.896	0.079	0.262	0.078	2.132	0.645	139	0.05	12000	1000	1	500	111	1	0	1	22	22	0	1	0.22911227154047	702	13	5706.9207141581
Simulation_140	1.644	0.045	0.105	0.06	0.564	0.758	140	0.05	12000	1000	1	500	111	1	0	1	25	25	0	1	0.491187989556136	1505	24	5978.10106744119
Simulation_141	2.65	0.091	0.231	0.133	1.819	0.305	141	0.05	12000	1000	1	500	111	1	0	1	1	1	0	0	-1	-1	-1	4152.28442574645
Simulation_142	2.147	0.023	0.294	0.023	2.446	0.984	142	0.05	12000	1000	1	500	111	1	0	1	461	467	6	1	0.0806135770234987	247	214	5028.71965325359
Simulation_143	1.141	0.068	0.168	0.096	1.191	0.531	143	0.05	12000	1000	1	500	111	0	114	1	2204	2310	106	1	0.998249299719888	2851	1827	2943.43177808323
Simulation_144	1.204	0.026	0.066	0.092	1.113	0.277	144	0.05	12000	1000	1	500	111	0	71	1	3561	3756	195	1	0.00807265388496468	24	7	6041.44755848682
Simulation_145	2.21	0.071	0.192	0.019	2.368	0.729	145	0.05	12000	1000	1	500	111	1	0	1	74	75	1	1	0.490208877284595	1502	53	4650.78181094294
Simulation_146	2.713	0.048	0.254	0.128	2.995	0.503	146	0.05	12000	1000	1	500	111	1	0	1	4	4	0	0	-1	-1	-1	3027.53750576887
Simulation_147	1.707	0.093	0.129	0.055	1.74	0.956	147	0.05	12000	1000	1	500	111	1	0	1	60	61	1	1	0.913838120104439	2800	60	2007.10108606207
Simulation_148	1.959	0.037	0.223	0.11	2.681	0.843	148	0.05	12000	1000	1	500	111	1	0	1	533	551	18	1	0.164164490861619	503	126	6254.79899134498
Simulation_149	2.965	0.082	0.098	0.037	1.426	0.39	149	0.05	12000	1000	1	500	111	1	0	1	39	39	0	1	0.138054830287206	423	10	1583.99918712065
Simulation_150	2.462	0.014	0.16	0.146	0.799	0.616	150	0.05	12000	1000	1	500	111	1	0	1	1	1	0	0	-1	-1	-1	3503.32865763815
Simulation_151	1.456	0.06	0.286	0.074	2.054	0.164	151	0.05	12000	1000	1	500	111	1	0	1	2	2	0	0	-1	-1	-1	5680.22270301403
Simulation_152	1.33	0.054	0.113	0.028	2.211	0.107	152	0.05	12000	1000	1	500	111	1	0	1	23	23	0	0	-1	-1	-1	3429.99574657322
Simulation_153	2.336	0.099	0.239	0.101	0.956	0.56	153	0.05	12000	1000	1	500	111	1	0	1	89	89	0	1	0.997389033942559	3056	83	6086.85946986692
Simulation_154	2.839	0.031	0.176	0.064	1.583	0.333	154	0.05	12000	1000	1	500	111	1	0	1	16	17	1	0	-1	-1	-1	5657.79002892574
Simulation_155	1.833	0.076	0.05	0.137	2.838	0.786	155	0.05	12000	1000	1	500	111	1	0	1	12	12	0	1	0.140665796344648	431	8	2952.06413685252
Simulation_156	1.582	0.02	0.27	0.01	1.27	0.899	156	0.05	12000	1000	1	500	111	1	0	1	26	44	18	1	0.0163185378590078	50	4	5272.17162084848
Simulation_157	2.587	0.065	0.145	0.083	2.525	0.447	157	0.05	12000	1000	1	500	111	1	0	1	2	2	0	0	-1	-1	-1	3420.68955067549
Simulation_158	2.084	0.043	0.082	0.046	1.897	0.673	158	0.05	12000	1000	1	500	111	1	0	1	354	366	12	1	0.196801566579634	603	52	4543.07987753627
Simulation_159	1.079	0.088	0.207	0.119	0.642	0.22	159	0.05	12000	1000	1	500	111	0	64	1	3452	3611	159	1	1	3013	3317	5712.15568583384
Simulation_160	1.11	0.016	0.133	0.062	2.407	0.828	160	0.05	12000	1000	1	500	111	1	0	1	186	244	58	1	0.00195822454308094	6	1	4614.08428880179
Simulation_161	2.116	0.061	0.258	0.135	1.152	0.376	161	0.05	12000	1000	1	500	111	1	0	1	95	97	2	1	0.326044386422977	999	67	4031.92156443538
Simulation_162	2.619	0.038	0.196	0.026	0.525	0.602	162	0.05	12000	1000	1	500	111	1	0	1	4	4	0	1	0.286227154046997	877	4	3832.53454701709
Simulation_163	1.613	0.084	0.07	0.099	1.779	0.15	163	0.05	12000	1000	1	500	111	1	0	1	1	1	0	0	-1	-1	-1	5920.88606979317
Simulation_164	1.864	0.05	0.29	0.044	0.838	0.263	164	0.05	12000	1000	1	500	111	1	0	1	482	511	29	1	0.549934725848564	1685	396	5134.82954411655
Simulation_165	2.87	0.095	0.164	0.117	2.093	0.715	165	0.05	12000	1000	1	500	111	1	0	1	26	28	2	1	0.892950391644909	2736	21	5985.96511203075
Simulation_166	2.367	0.027	0.101	0.008	2.721	0.489	166	0.05	12000	1000	1	500	111	1	0	1	80	82	2	0	-1	-1	-1	3722.39060118763
Simulation_167	1.361	0.072	0.227	0.08	1.466	0.942	167	0.05	12000	1000	1	500	111	1	0	1	328	356	28	1	0.99934725848564	3062	319	4390.8796421587
Simulation_168	1.487	0.033	0.054	0.126	1.309	0.998	168	0.05	12000	1000	1	500	111	1	0	1	124	133	9	1	0.484007832898172	1483	93	7028.76036785929
Simulation_169	2.493	0.078	0.18	0.053	2.564	0.546	169	0.05	12000	1000	1	500	111	1	0	1	31	31	0	0	-1	-1	-1	5935.00673579349
Simulation_170	2.996	0.01	0.243	0.089	1.936	0.772	170	0.05	12000	1000	1	500	111	1	0	1	0	1	1	-1	-1	-1	-1	4507.53600960354
Simulation_171	1.99	0.055	0.117	0.017	0.681	0.319	171	0.05	12000	1000	1	500	111	1	0	1	63	68	5	1	0.593015665796345	1817	60	4094.64098383138
Simulation_172	1.739	0.021	0.211	0.144	2.25	0.206	172	0.05	12000	1000	1	500	111	1	0	1	15	27	12	0	-1	-1	-1	3888.24767128675
Simulation_173	2.745	0.067	0.086	0.071	0.995	0.659	173	0.05	12000	1000	1	500	111	1	0	1	49	52	3	1	0.843015665796345	2583	49	2937.15095431449
Simulation_174	2.242	0.044	0.149	0.108	1.623	0.432	174	0.05	12000	1000	1	500	111	1	0	1	16	19	3	0	-1	-1	-1	4939.23008882512
Simulation_175	1.236	0.089	0.274	0.035	2.877	0.885	175	0.05	12000	1000	1	500	111	0	13	1	2167	2221	54	1	0.904840302930524	2748	1920	3297.23235690237
Simulation_176	1.173	0.047	0.188	0.012	1.858	0.63	176	0.05	12000	1000	1	500	111	0	123	1	1538	1542	4	1	0.188002680965147	561	289	4566.94198663083
Simulation_177	2.179	0.092	0.062	0.085	0.603	0.178	177	0.05	12000	1000	1	500	111	1	0	1	172	189	17	1	0.995104438642298	3049	161	5646.37011154077
Simulation_178	2.682	0.024	0.125	0.048	1.23	0.857	178	0.05	12000	1000	1	500	111	1	0	1	127	141	14	1	0.359334203655352	1101	120	3265.12834694549
Simulation_179	1.676	0.069	0.25	0.121	2.485	0.404	179	0.05	12000	1000	1	500	111	1	0	1	2	2	0	0	-1	-1	-1	2323.98928602479
Simulation_180	1.927	0.013	0.094	0.03	1.544	0.517	180	0.05	12000	1000	1	500	111	1	0	1	100	117	17	0	-1	-1	-1	2608.38946675082
Simulation_181	2.933	0.058	0.219	0.103	2.799	0.97	181	0.05	12000	1000	1	500	111	1	0	1	16	17	1	1	0.564947780678851	1731	16	4965.68824932942
Simulation_182	2.43	0.035	0.282	0.067	2.172	0.291	182	0.05	12000	1000	1	500	111	1	0	1	10	10	0	0	-1	-1	-1	2270.74022151679
Simulation_183	1.424	0.081	0.156	0.139	0.917	0.744	183	0.05	12000	1000	1	500	111	1	0	1	49	50	1	1	0.95920365535248	2939	48	5088.87975036462
Simulation_184	1.299	0.03	0.266	0.112	0.76	0.687	184	0.05	12000	1000	1	500	111	1	0	1	68	89	21	1	0.772193211488251	2366	67	4707.56109103762
Simulation_185	2.305	0.075	0.141	0.039	2.015	0.234	185	0.05	12000	1000	1	500	111	1	0	1	1	1	0	0	-1	-1	-1	3235.89439325258
Simulation_186	2.807	0.052	0.078	0.149	2.642	0.913	186	0.05	12000	1000	1	500	111	1	0	1	29	30	1	1	0.524477806788512	1607	29	2166.78455782771
Simulation_187	1.802	0.098	0.203	0.076	1.387	0.461	187	0.05	12000	1000	1	500	111	1	0	1	85	88	3	1	0.765992167101828	2347	70	6022.21172138534
Simulation_188	1.55	0.041	0.172	0.094	2.956	0.348	188	0.05	12000	1000	1	500	111	1	0	1	0	1	1	-1	-1	-1	-1	7664.57840117823
Simulation_189	2.556	0.086	0.298	0.021	1.701	0.8	189	0.05	12000	1000	1	500	111	1	0	1	27	28	1	1	0.572127937336815	1753	26	6042.67073511917
Simulation_190	2.053	0.018	0.235	0.13	1.074	0.121	190	0.05	12000	1000	1	500	111	1	0	1	13	17	4	0	-1	-1	-1	4981.95255469103
Simulation_191	1.047	0.064	0.109	0.058	2.328	0.574	191	0.05	12000	1000	1	500	111	0	117	1	1595	1597	2	1	0.155486756105951	452	8	1982.91350078378
Simulation_192	1.031	0.028	0.233	0.041	1.132	0.737	192	0.05	12000	1000	1	500	111	0	52	1	2631	2847	216	1	0.794028849379403	2367	2532	4760.9209654496
Simulation_193	2.037	0.073	0.107	0.113	2.387	0.284	193	0.05	12000	1000	1	500	111	1	0	1	1	1	0	0	-1	-1	-1	5746.91007962273
Simulation_194	2.54	0.05	0.17	0.077	1.76	0.963	194	0.05	12000	1000	1	500	111	1	0	1	63	64	1	1	0.684399477806789	2097	53	5566.14137970158
Simulation_195	1.534	0.096	0.296	0.15	0.505	0.51	195	0.05	12000	1000	1	500	111	1	0	1	27	27	0	1	0.900783289817232	2760	25	2588.80868954344
Simulation_196	1.786	0.039	0.076	0.022	2.074	0.397	196	0.05	12000	1000	1	500	111	1	0	1	15	15	0	0	-1	-1	-1	6976.11317320526
Simulation_197	2.792	0.084	0.201	0.095	0.819	0.85	197	0.05	12000	1000	1	500	111	1	0	1	6	6	0	1	0.6677545691906	2046	6	2584.51635786864
Simulation_198	2.289	0.016	0.264	0.059	1.446	0.171	198	0.05	12000	1000	1	500	111	1	0	1	6	8	2	0	-1	-1	-1	5450.43777042418
Simulation_199	1.283	0.062	0.139	0.132	2.701	0.623	199	0.05	12000	1000	1	500	111	0	65	1	1450	1460	10	1	0.0381016042780749	114	8	3203.27455796695
Simulation_200	1.409	0.045	0.28	0.086	2.544	0.567	200	0.05	12000	1000	1	500	111	1	0	1	187	195	8	0	-1	-1	-1	4038.82455357554
Simulation_201	2.415	0.09	0.154	0.013	1.289	0.114	201	0.05	12000	1000	1	500	111	1	0	1	3	3	0	0	-1	-1	-1	6086.85946986692
Simulation_202	2.917	0.022	0.092	0.122	0.662	0.793	202	0.05	12000	1000	1	500	111	1	0	1	2	5	3	1	0.158289817232376	485	2	4603.6325345474
Simulation_203	1.912	0.067	0.217	0.05	1.917	0.34	203	0.05	12000	1000	1	500	111	1	0	1	1	1	0	0	-1	-1	-1	5727.86900941402
Simulation_204	1.66	0.011	0.123	0.104	0.975	0.454	204	0.05	12000	1000	1	500	111	1	0	1	10	17	7	0	-1	-1	-1	5818.63564447419
Simulation_205	2.666	0.056	0.249	0.031	2.23	0.906	205	0.05	12000	1000	1	500	111	1	0	1	40	46	6	1	0.546671018276762	1675	40	5286.46453572323
Simulation_206	2.163	0.033	0.186	0.141	2.858	0.227	206	0.05	12000	1000	1	500	111	1	0	1	10	12	2	0	-1	-1	-1	4996.45378239457
Simulation_207	1.157	0.079	0.06	0.068	1.603	0.68	207	0.05	12000	1000	1	500	111	0	24	1	2719	2862	143	1	0.997992639678822	2983	2577	1583.99918712065
Simulation_208	1.22	0.036	0.147	0.054	0.583	0.935	208	0.05	12000	1000	1	500	111	1	0	1	8	8	0	1	0.278394255874674	853	8	4552.87208813788
Simulation_209	2.226	0.081	0.272	0.127	1.838	0.482	209	0.05	12000	1000	1	500	111	1	0	1	488	488	0	1	0.0959530026109661	294	35	3008.20212680416
Simulation_210	2.729	0.014	0.209	0.018	2.466	0.708	210	0.05	12000	1000	1	500	111	1	0	1	17	18	1	0	-1	-1	-1	5299.8298442958
Simulation_211	1.723	0.059	0.084	0.091	1.211	0.256	211	0.05	12000	1000	1	500	111	1	0	1	653	656	3	1	0.0884464751958225	271	4	3867.52723323398
Simulation_212	1.974	0.025	0.241	0.072	2.779	0.142	212	0.05	12000	1000	1	500	111	1	0	1	29	30	1	0	-1	-1	-1	1582.77777443937
Simulation_213	2.98	0.07	0.115	0.145	1.525	0.595	213	0.05	12000	1000	1	500	111	1	0	1	17	20	3	1	0.64686684073107	1982	17	3502.04013378852
Simulation_214	2.477	0.047	0.052	0.036	0.897	0.369	214	0.05	12000	1000	1	500	111	1	0	1	71	77	6	1	0.537532637075718	1647	70	4031.92156443538
Simulation_215	1.472	0.093	0.178	0.109	2.152	0.821	215	0.05	12000	1000	1	500	111	1	0	1	1018	1081	63	1	0.998694516971279	3060	980	2841.82034902015
Simulation_216	1.346	0.019	0.1	0.136	1.995	0.878	216	0.05	12000	1000	1	500	111	1	0	1	0	1	1	-1	-1	-1	-1	6312.12512423304
Simulation_217	2.352	0.064	0.225	0.063	0.74	0.425	217	0.05	12000	1000	1	500	111	1	0	1	42	48	6	1	0.737924281984334	2261	42	4215.55333403286
Simulation_218	2.855	0.042	0.288	0.1	1.368	0.652	218	0.05	12000	1000	1	500	111	1	0	1	33	37	4	1	0.462140992167102	1416	33	6275.79405199464
Simulation_219	1.849	0.087	0.162	0.027	2.623	0.199	219	0.05	12000	1000	1	500	111	1	0	1	2	2	0	0	-1	-1	-1	5332.47416274282
Simulation_220	1.597	0.053	0.194	0.118	1.681	0.312	220	0.05	12000	1000	1	500	111	1	0	1	5	5	0	0	-1	-1	-1	3008.20212680416
Simulation_221	2.603	0.098	0.068	0.045	2.936	0.765	221	0.05	12000	1000	1	500	111	1	0	1	4	4	0	1	0.152088772845953	466	2	5057.0741833263
Simulation_222	2.1	0.031	0.131	0.081	2.309	0.539	222	0.05	12000	1000	1	500	111	1	0	1	115	124	9	1	0.0186031331592689	57	1	4650.78181094294
Simulation_223	1.094	0.076	0.256	0.009	1.054	0.991	223	0.05	12000	1000	1	500	111	1	0	1	1045	1070	25	1	0.605417754569191	1855	1021	4753.31967383707
Simulation_224	1.063	0.052	0.088	0.102	2.897	0.157	224	0.05	12000	1000	1	500	111	1	0	1	57	57	0	0	-1	-1	-1	4963.8324809925
Simulation_225	2.069	0.097	0.213	0.029	1.642	0.609	225	0.05	12000	1000	1	500	111	1	0	1	900	915	15	1	0.75097911227154	2301	530	6531.63987457686
Simulation_226	2.572	0.029	0.276	0.138	1.015	0.383	226	0.05	12000	1000	1	500	111	1	0	1	184	203	19	1	0.0731070496083551	224	25	6360.68544436972
Simulation_227	1.566	0.074	0.15	0.066	2.27	0.836	227	0.05	12000	1000	1	500	111	1	0	1	171	184	13	1	0.858355091383812	2630	163	4762.91233403309
Simulation_228	1.817	0.018	0.182	0.084	0.701	0.949	228	0.05	12000	1000	1	500	111	1	0	1	10	11	1	1	0.257832898172324	790	10	5638.56959139088
Simulation_229	2.823	0.063	0.056	0.011	1.956	0.496	229	0.05	12000	1000	1	500	111	1	0	1	60	60	0	1	0.0296997389033943	91	4	3814.12278328125
Simulation_230	2.32	0.04	0.119	0.12	2.583	0.722	230	0.05	12000	1000	1	500	111	1	0	1	20	20	0	1	0.0691906005221932	212	3	2180.35762202593
Simulation_231	1.314	0.086	0.245	0.047	1.328	0.27	231	0.05	12000	1000	1	500	111	0	90	1	1935	1951	16	1	0.0389302640487475	115	6	5642.07906515699
Simulation_232	1.44	0.023	0.166	0.02	1.485	0.213	232	0.05	12000	1000	1	500	111	1	0	1	629	673	44	0	-1	-1	-1	5516.63240121514
Simulation_233	2.446	0.069	0.292	0.093	2.74	0.666	233	0.05	12000	1000	1	500	111	1	0	1	16	16	0	0	-1	-1	-1	5515.05142015435
Simulation_234	2.949	0.046	0.229	0.056	2.113	0.439	234	0.05	12000	1000	1	500	111	1	0	1	2	2	0	0	-1	-1	-1	3788.93891430325
Simulation_235	1.943	0.091	0.103	0.129	0.858	0.892	235	0.05	12000	1000	1	500	111	1	0	1	11	11	0	1	0.686031331592689	2102	11	5605.30135397968
Simulation_236	1.692	0.035	0.26	0.038	1.799	0.779	236	0.05	12000	1000	1	500	111	1	0	1	700	723	23	1	0.264360313315927	810	503	5088.62653120344
Simulation_237	2.697	0.08	0.135	0.111	0.544	0.326	237	0.05	12000	1000	1	500	111	1	0	1	11	12	1	1	0.658942558746736	2019	11	5551.45616957143
Simulation_238	2.194	0.012	0.072	0.075	1.172	0.553	238	0.05	12000	1000	1	500	111	1	0	1	0	1	1	-1	-1	-1	-1	Inf
Simulation_239	1.189	0.057	0.198	0.147	2.426	0.1	239	0.05	12000	1000	1	500	111	1	0	1	22	22	0	0	-1	-1	-1	2588.80868954344
Simulation_240	1.126	0.015	0.3	0.116	2.348	0.355	240	0.05	12000	1000	1	500	111	1	0	1	74	102	28	0	-1	-1	-1	4523.73624216299
Simulation_241	2.132	0.06	0.174	0.043	1.093	0.807	241	0.05	12000	1000	1	500	111	1	0	1	48	54	6	1	0.752937336814621	2307	48	6435.10233972296
Simulation_242	2.635	0.038	0.111	0.079	1.721	0.128	242	0.05	12000	1000	1	500	111	1	0	1	10	10	0	0	-1	-1	-1	7355.80936000505
Simulation_243	1.629	0.083	0.237	0.006	2.975	0.581	243	0.05	12000	1000	1	500	111	1	0	1	118	118	0	0	-1	-1	-1	5814.29818756769
Simulation_244	1.88	0.049	0.143	0.134	1.407	0.694	244	0.05	12000	1000	1	500	111	1	0	1	847	868	21	1	0.799281984334204	2449	445	6225.97813908835
Simulation_245	2.886	0.094	0.268	0.061	2.662	0.241	245	0.05	12000	1000	1	500	111	1	0	1	72	72	0	0	-1	-1	-1	3778.04025244747
Simulation_246	2.383	0.026	0.205	0.097	2.034	0.92	246	0.05	12000	1000	1	500	111	1	0	1	57	61	4	1	0.0169712793733681	52	2	4476.1991935319
Simulation_247	1.377	0.072	0.08	0.025	0.779	0.468	247	0.05	12000	1000	1	500	111	1	0	1	549	593	44	1	0.865861618798956	2653	528	2251.16979418556
Simulation_248	1.251	0.043	0.221	0.07	0.936	0.524	248	0.05	12000	1000	1	500	111	1	0	1	0	1	1	-1	-1	-1	-1	Inf
Simulation_249	2.257	0.089	0.096	0.143	2.191	0.977	249	0.05	12000	1000	1	500	111	1	0	1	34	35	1	1	0.984986945169713	3018	34	4152.97610985182
Simulation_250	2.76	0.021	0.158	0.034	2.819	0.298	250	0.05	12000	1000	1	500	111	1	0	1	6	6	0	0	-1	-1	-1	5320.80844541425
Simulation_251	1.754	0.066	0.284	0.106	1.564	0.751	251	0.05	12000	1000	1	500	111	1	0	1	183	196	13	1	0.970300261096606	2973	181	3842.79128700622
Simulation_252	1.503	0.032	0.064	0.052	2.505	0.638	252	0.05	12000	1000	1	500	111	0	118	1	2414	2529	115	1	0.00807265388496468	24	2	5566.14137970158
Simulation_253	2.509	0.077	0.19	0.125	1.25	0.185	253	0.05	12000	1000	1	500	111	1	0	1	1	1	0	0	-1	-1	-1	5990.75524357421
Simulation_254	2.006	0.055	0.252	0.016	0.623	0.864	254	0.05	12000	1000	1	500	111	1	0	1	9	9	0	1	0.391971279373368	1201	9	3814.12278328125
Simulation_255	1	0.1	0.127	0.088	1.877	0.411	255	0.05	12000	1000	1	500	111	0	93	1	1371	1371	0	1	0.01506456241033	42	2	2778.53750155248
Simulation_256	1.004	0.055	0.214	0.046	2.588	0.979	256	0.05	12000	1000	1	500	111	0	70	1	1893	1926	33	1	0.954061251664447	2866	1825	2094.10860196127
Simulation_257	2.01	0.1	0.088	0.119	1.333	0.526	257	0.05	12000	1000	1	500	111	1	0	1	398	407	9	1	0.995430809399478	3050	369	3822.65975630375
Simulation_258	2.513	0.032	0.151	0.01	0.706	0.752	258	0.05	12000	1000	1	500	111	1	0	1	7	7	0	1	0.218994778067885	671	7	4600.73550994678
Simulation_259	1.507	0.077	0.276	0.082	1.961	0.3	259	0.05	12000	1000	1	500	111	1	0	1	3	3	0	0	-1	-1	-1	2604.17067059993
Simulation_260	1.758	0.021	0.057	0.064	1.02	0.187	260	0.05	12000	1000	1	500	111	1	0	1	21	24	3	0	-1	-1	-1	6004.65154471746
Simulation_261	2.764	0.066	0.182	0.137	2.275	0.639	261	0.05	12000	1000	1	500	111	1	0	1	14	14	0	1	0.033289817232376	102	3	3623.52398459864
Simulation_262	2.261	0.043	0.245	0.028	2.902	0.413	262	0.05	12000	1000	1	500	111	1	0	1	33	33	0	0	-1	-1	-1	5992.72710051526
Simulation_263	1.255	0.089	0.12	0.101	1.647	0.866	263	0.05	12000	1000	1	500	111	1	0	1	248	267	19	1	0.99934725848564	3062	245	5666.67887159284
Simulation_264	1.381	0.026	0.292	0.146	1.176	0.809	264	0.05	12000	1000	1	500	111	1	0	1	120	139	19	1	0.075065274151436	230	44	6037.39488981806
Simulation_265	2.387	0.072	0.167	0.073	2.431	0.356	265	0.05	12000	1000	1	500	111	1	0	1	2	2	0	0	-1	-1	-1	2039.9292143924
Simulation_266	2.89	0.049	0.104	0.11	1.804	0.583	266	0.05	12000	1000	1	500	111	1	0	1	39	43	4	1	0.113250652741514	347	21	3127.0635476807
Simulation_267	1.884	0.094	0.229	0.037	0.549	0.13	267	0.05	12000	1000	1	500	111	1	0	1	465	526	61	1	0.881853785900783	2702	401	3952.19928482557
Simulation_268	1.633	0.038	0.135	0.128	2.118	0.243	268	0.05	12000	1000	1	500	111	1	0	1	18	20	2	0	-1	-1	-1	4714.48484967605
Simulation_269	2.639	0.083	0.261	0.055	0.863	0.696	269	0.05	12000	1000	1	500	111	1	0	1	23	23	0	1	0.871083550913838	2669	22	2611.13446413871
Simulation_270	2.136	0.015	0.198	0.091	1.49	0.47	270	0.05	12000	1000	1	500	111	1	0	1	25	33	8	0	-1	-1	-1	3934.88237745742
Simulation_271	1.13	0.06	0.073	0.019	2.745	0.922	271	0.05	12000	1000	1	500	111	0	67	1	1756	1764	8	1	0.801470588235294	2289	1595	6022.21172138534
Simulation_272	1.193	0.012	0.175	0.023	2.039	0.668	272	0.05	12000	1000	1	500	111	1	0	1	215	266	51	0	-1	-1	-1	5444.95537074586
Simulation_273	2.198	0.058	0.3	0.096	0.784	0.215	273	0.05	12000	1000	1	500	111	1	0	1	94	95	1	1	0.341710182767624	1047	72	5996.59993708145
Simulation_274	2.701	0.035	0.237	0.06	1.412	0.894	274	0.05	12000	1000	1	500	111	1	0	1	20	22	2	1	0.367167101827676	1125	20	3327.41697670353
Simulation_275	1.695	0.08	0.112	0.132	2.667	0.441	275	0.05	12000	1000	1	500	111	1	0	1	2	2	0	0	-1	-1	-1	2749.10351192983
Simulation_276	1.947	0.046	0.269	0.005	1.725	0.328	276	0.05	12000	1000	1	500	111	1	0	1	45	45	0	0	-1	-1	-1	6086.85946986692
Simulation_277	2.953	0.092	0.143	0.078	2.98	0.781	277	0.05	12000	1000	1	500	111	1	0	1	7	7	0	1	0.463446475195822	1420	4	4633.10111749539
Simulation_278	2.45	0.024	0.08	0.041	2.353	0.102	278	0.05	12000	1000	1	500	111	1	0	1	1	1	0	0	-1	-1	-1	4370.2099691548
Simulation_279	1.444	0.069	0.206	0.114	1.098	0.554	279	0.05	12000	1000	1	500	111	1	0	1	577	639	62	1	0.993146214099217	3043	568	2826.18078934911
Simulation_280	1.318	0.041	0.096	0.087	0.627	0.611	280	0.05	12000	1000	1	500	111	1	0	1	21	21	0	1	0.549281984334204	1683	21	5006.83674061563
Simulation_281	2.324	0.086	0.222	0.014	1.882	0.158	281	0.05	12000	1000	1	500	111	1	0	1	2	2	0	0	-1	-1	-1	5489.57487460213
Simulation_282	2.827	0.018	0.284	0.123	2.51	0.837	282	0.05	12000	1000	1	500	111	1	0	1	0	1	1	-1	-1	-1	-1	5236.00701325087
Simulation_283	1.821	0.063	0.159	0.05	1.255	0.385	283	0.05	12000	1000	1	500	111	1	0	1	109	109	0	1	0.27023498694517	828	49	5602.20112533145
Simulation_284	1.57	0.029	0.19	0.105	2.824	0.498	284	0.05	12000	1000	1	500	111	0	43	1	1163	1345	182	0	-1	-1	-1	2362.36489536304
Simulation_285	2.576	0.075	0.065	0.032	1.569	0.95	285	0.05	12000	1000	1	500	111	1	0	1	75	76	1	1	0.75097911227154	2301	73	3713.29064823909
Simulation_286	2.073	0.052	0.127	0.141	0.941	0.272	286	0.05	12000	1000	1	500	111	1	0	1	95	98	3	1	0.264033942558747	809	68	6225.97813908835
Simulation_287	1.067	0.097	0.253	0.069	2.196	0.724	287	0.05	12000	1000	1	500	111	0	177	1	1652	1659	7	1	0.359824146094014	1064	82	7624.36991871146
Simulation_288	1.098	0.031	0.108	0.13	1.451	0.427	288	0.05	12000	1000	1	500	111	0	116	1	1261	1418	157	1	0.0253789213958407	72	46	6097.13261762875
Simulation_289	2.104	0.076	0.233	0.057	2.706	0.88	289	0.05	12000	1000	1	500	111	1	0	1	45	46	1	1	0.668080939947781	2047	42	5071.95846974085
Simulation_290	2.607	0.053	0.296	0.094	2.078	0.201	290	0.05	12000	1000	1	500	111	1	0	1	1	1	0	0	-1	-1	-1	5926.26089282466
Simulation_291	1.601	0.099	0.171	0.021	0.824	0.653	291	0.05	12000	1000	1	500	111	1	0	1	203	207	4	1	0.889686684073107	2726	200	3986.16298163594
Simulation_292	1.853	0.042	0.202	0.148	1.765	0.767	292	0.05	12000	1000	1	500	111	1	0	1	236	256	20	1	0.453655352480418	1390	207	5391.64572909454
Simulation_293	2.859	0.087	0.076	0.076	0.51	0.314	293	0.05	12000	1000	1	500	111	1	0	1	13	13	0	1	0.73009138381201	2237	13	4714.48484967605
Simulation_294	2.356	0.019	0.139	0.112	1.137	0.993	294	0.05	12000	1000	1	500	111	1	0	1	0	1	1	-1	-1	-1	-1	2075.57807800962
Simulation_295	1.35	0.065	0.265	0.039	2.392	0.54	295	0.05	12000	1000	1	500	111	1	0	1	774	774	0	1	0.0300261096605744	92	5	4676.80372072978
Simulation_296	1.475	0.048	0.155	0.066	2.863	0.484	296	0.05	12000	1000	1	500	111	1	0	1	10	10	0	0	-1	-1	-1	5682.77659627167
Simulation_297	2.481	0.093	0.28	0.139	1.608	0.936	297	0.05	12000	1000	1	500	111	1	0	1	32	32	0	1	0.966710182767624	2962	31	7084.21194297101
Simulation_298	2.984	0.025	0.218	0.03	0.98	0.257	298	0.05	12000	1000	1	500	111	1	0	1	37	42	5	1	0.00489556135770235	15	5	1802.72515143177
Simulation_299	1.978	0.07	0.092	0.103	2.235	0.71	299	0.05	12000	1000	1	500	111	1	0	1	113	116	3	1	0.616187989556136	1888	53	6480.4460056938
Simulation_300	1.727	0.014	0.249	0.048	0.667	0.597	300	0.05	12000	1000	1	500	111	1	0	1	14	21	7	1	0.16677545691906	511	12	4089.49916719976
Simulation_301	2.733	0.059	0.124	0.121	1.922	0.144	301	0.05	12000	1000	1	500	111	1	0	1	1	1	0	0	-1	-1	-1	5132.94937108404
Simulation_302	2.23	0.036	0.061	0.012	2.549	0.823	302	0.05	12000	1000	1	500	111	1	0	1	440	443	3	1	0.12565274151436	385	237	3228.82460755076
Simulation_303	1.224	0.082	0.186	0.085	1.294	0.371	303	0.05	12000	1000	1	500	111	0	285	1	1494	1519	25	1	0.0173724212812161	48	2	3867.52723323398
Simulation_304	1.161	0.034	0.273	0.107	0.902	0.116	304	0.05	12000	1000	1	500	111	1	0	1	399	415	16	1	0.02088772845953	64	8	6326.77547583798
Simulation_305	2.167	0.079	0.147	0.035	2.157	0.569	305	0.05	12000	1000	1	500	111	1	0	1	141	141	0	1	0.0959530026109661	294	7	7840.34278259179
Simulation_306	2.67	0.011	0.084	0.144	2.784	0.342	306	0.05	12000	1000	1	500	111	1	0	1	4	8	4	0	-1	-1	-1	5088.62653120344
Simulation_307	1.664	0.056	0.21	0.071	1.529	0.795	307	0.05	12000	1000	1	500	111	1	0	1	242	258	16	1	0.803198433420366	2461	237	3439.41364010825
Simulation_308	1.916	0.022	0.116	0.089	2.471	0.908	308	0.05	12000	1000	1	500	111	1	0	1	131	150	19	1	0.0189295039164491	58	41	5597.25062482481
Simulation_309	2.921	0.067	0.241	0.016	1.216	0.455	309	0.05	12000	1000	1	500	111	1	0	1	44	46	2	1	0.424608355091384	1301	42	1929.68542656003
Simulation_310	2.418	0.045	0.178	0.126	0.588	0.682	310	0.05	12000	1000	1	500	111	1	0	1	6	6	0	1	0.318211488250653	975	6	2921.87951705136
Simulation_311	1.413	0.09	0.053	0.053	1.843	0.229	311	0.05	12000	1000	1	500	111	0	81	1	1214	1227	13	0	-1	-1	-1	4902.5845058069
Simulation_312	1.287	0.017	0.225	0.007	2.314	0.286	312	0.05	12000	1000	1	500	111	0	33	1	2133	2364	231	0	-1	-1	-1	2381.93532269427
Simulation_313	2.293	0.062	0.1	0.08	1.059	0.738	313	0.05	12000	1000	1	500	111	1	0	1	19	21	2	1	0.706266318537859	2164	19	5539.95804094216
Simulation_314	2.796	0.039	0.163	0.044	1.686	0.512	314	0.05	12000	1000	1	500	111	1	0	1	52	52	0	1	0.0221932114882507	68	16	3173.0731747003
Simulation_315	1.79	0.084	0.288	0.116	2.941	0.965	315	0.05	12000	1000	1	500	111	1	0	1	170	173	3	1	0.995757180156658	3051	162	5382.16072607599
Simulation_316	1.538	0.05	0.069	0.025	1.373	0.851	316	0.05	12000	1000	1	500	111	1	0	1	174	194	20	1	0.60476501305483	1853	169	4874.58840138385
Simulation_317	2.544	0.096	0.194	0.098	2.627	0.399	317	0.05	12000	1000	1	500	111	1	0	1	3	3	0	0	-1	-1	-1	5932.72753338571
Simulation_318	2.041	0.028	0.257	0.062	2	0.625	318	0.05	12000	1000	1	500	111	1	0	1	203	212	9	1	0.02088772845953	64	60	3894.77704763905
Simulation_319	1.035	0.073	0.131	0.135	0.745	0.172	319	0.05	12000	1000	1	500	111	0	167	1	1642	1654	12	1	0.198958333333333	573	126	2166.78455782771
Simulation_320	1.051	0.019	0.259	0.081	2.725	0.236	320	0.05	12000	1000	1	500	111	1	0	1	0	1	1	-1	-1	-1	-1	6511.55322528091
Simulation_321	2.057	0.064	0.133	0.008	1.471	0.689	321	0.05	12000	1000	1	500	111	1	0	1	227	232	5	1	0.472911227154047	1449	158	6575.92575658797
Simulation_322	2.56	0.041	0.071	0.118	0.843	0.462	322	0.05	12000	1000	1	500	111	1	0	1	74	78	4	1	0.531331592689295	1628	48	7300.33193437752
Simulation_323	1.554	0.087	0.196	0.045	2.098	0.915	323	0.05	12000	1000	1	500	111	0	8	1	2074	2135	61	1	0.865032792544011	2506	1519	5566.14137970158
Simulation_324	1.806	0.053	0.165	0.099	0.529	0.802	324	0.05	12000	1000	1	500	111	1	0	1	16	16	0	1	0.605417754569191	1855	16	2781.08837620677
Simulation_325	2.811	0.098	0.29	0.027	1.784	0.349	325	0.05	12000	1000	1	500	111	1	0	1	2	2	0	0	-1	-1	-1	6176.51414714857
Simulation_326	2.308	0.03	0.227	0.136	2.412	0.576	326	0.05	12000	1000	1	500	111	1	0	1	34	39	5	0	-1	-1	-1	4676.80372072978
Simulation_327	1.303	0.075	0.102	0.063	1.157	0.123	327	0.05	12000	1000	1	500	111	1	0	1	20	20	0	0	-1	-1	-1	2541.81183097273
Simulation_328	1.428	0.036	0.18	0.036	1.627	0.18	328	0.05	12000	1000	1	500	111	1	0	1	578	580	2	0	-1	-1	-1	5371.86606145338
Simulation_329	2.434	0.081	0.055	0.108	2.882	0.632	329	0.05	12000	1000	1	500	111	1	0	1	60	60	0	0	-1	-1	-1	3502.04013378852
Simulation_330	2.937	0.013	0.118	0.072	2.255	0.406	330	0.05	12000	1000	1	500	111	1	0	1	0	1	1	-1	-1	-1	-1	Inf
Simulation_331	1.931	0.058	0.243	0.145	1	0.859	331	0.05	12000	1000	1	500	111	1	0	1	44	47	3	1	0.929503916449086	2848	44	4415.17697342218
Simulation_332	1.68	0.024	0.086	0.018	1.941	0.972	332	0.05	12000	1000	1	500	111	0	86	1	1714	1723	9	1	0.251748251748252	756	886	3108.63910745596
Simulation_333	2.686	0.07	0.212	0.09	0.686	0.519	333	0.05	12000	1000	1	500	111	1	0	1	7	7	0	1	0.56201044386423	1722	7	3310.71586217929
Simulation_334	2.183	0.047	0.275	0.054	1.314	0.745	334	0.05	12000	1000	1	500	111	1	0	1	79	92	13	1	0.694843342036554	2129	79	5165.11069556748
Simulation_335	1.177	0.092	0.149	0.127	2.569	0.293	335	0.05	12000	1000	1	500	111	1	0	1	22	22	0	0	-1	-1	-1	5666.67887159284
Simulation_336	1.24	0.044	0.063	0.14	2.176	0.547	336	0.05	12000	1000	1	500	111	1	0	1	675	723	48	1	0.0231723237597911	71	12	5203.31889085773
Simulation_337	2.246	0.089	0.188	0.068	0.922	1	337	0.05	12000	1000	1	500	111	1	0	1	40	40	0	1	0.939295039164491	2878	39	4804.01241035246
Simulation_338	2.749	0.021	0.251	0.104	1.549	0.321	338	0.05	12000	1000	1	500	111	1	0	1	5	6	1	0	-1	-1	-1	3742.7300372076
Simulation_339	1.743	0.067	0.125	0.031	2.804	0.774	339	0.05	12000	1000	1	500	111	0	61	1	1610	1614	4	1	0.33816266052025	1027	125	6809.48165204354
Simulation_340	1.994	0.01	0.22	0.122	1.235	0.661	340	0.05	12000	1000	1	500	111	1	0	1	0	1	1	-1	-1	-1	-1	2481.13418095421
Simulation_341	3	0.055	0.094	0.049	2.49	0.208	341	0.05	12000	1000	1	500	111	1	0	1	4	4	0	0	-1	-1	-1	7576.78128243147
Simulation_342	2.497	0.033	0.157	0.086	1.863	0.887	342	0.05	12000	1000	1	500	111	1	0	1	152	165	13	1	0.476174934725849	1459	137	1741.14408205007
Simulation_343	1.491	0.078	0.282	0.013	0.608	0.434	343	0.05	12000	1000	1	500	111	1	0	1	101	102	1	1	0.701697127937337	2150	98	6480.4460056938
Simulation_344	1.365	0.027	0.141	0.058	1.078	0.378	344	0.05	12000	1000	1	500	111	1	0	1	1369	1429	60	1	0.0319843342036554	98	402	5751.75387087924
Simulation_345	2.371	0.072	0.267	0.131	2.333	0.83	345	0.05	12000	1000	1	500	111	1	0	1	33	33	0	1	0.758485639686684	2324	26	5602.04177050125
Simulation_346	2.874	0.05	0.204	0.022	2.961	0.151	346	0.05	12000	1000	1	500	111	1	0	1	1	1	0	0	-1	-1	-1	6781.37040993088
Simulation_347	1.868	0.095	0.078	0.095	1.706	0.604	347	0.05	12000	1000	1	500	111	1	0	1	239	244	5	1	0.97911227154047	3000	197	6097.13261762875
Simulation_348	1.617	0.038	0.298	0.077	2.647	0.717	348	0.05	12000	1000	1	500	111	1	0	1	1812	1887	75	1	0.0225195822454308	69	32	3957.91378468837
Simulation_349	2.623	0.084	0.173	0.149	1.392	0.264	349	0.05	12000	1000	1	500	111	1	0	1	12	12	0	0	-1	-1	-1	5048.9001781584
Simulation_350	2.12	0.016	0.11	0.04	0.765	0.943	350	0.05	12000	1000	1	500	111	1	0	1	10	13	3	1	0.239229765013055	733	10	2526.06604074812
Simulation_351	1.114	0.061	0.235	0.113	2.02	0.491	351	0.05	12000	1000	1	500	111	1	0	1	1372	1382	10	1	0.0923629242819843	283	12	5597.25062482481
Simulation_352	1.083	0.043	0.122	0.015	1.353	0.561	352	0.05	12000	1000	1	500	111	0	226	1	1643	1650	7	1	0.218055555555556	628	450	2258.88762405484
Simulation_353	2.088	0.088	0.247	0.088	2.608	0.109	353	0.05	12000	1000	1	500	111	1	0	1	2	2	0	0	-1	-1	-1	4740.8547796446
Simulation_354	2.591	0.02	0.184	0.052	1.98	0.788	354	0.05	12000	1000	1	500	111	1	0	1	63	68	5	1	0.00489556135770235	15	18	4829.55999949183
Simulation_355	1.585	0.065	0.059	0.124	0.725	0.335	355	0.05	12000	1000	1	500	111	1	0	1	413	483	70	1	0.998368146214099	3059	409	3740.18056941882
Simulation_356	1.837	0.031	0.278	0.033	2.294	0.448	356	0.05	12000	1000	1	500	111	1	0	1	0	1	1	-1	-1	-1	-1	7885.36219011419
Simulation_357	2.843	0.077	0.153	0.106	1.039	0.901	357	0.05	12000	1000	1	500	111	1	0	1	9	9	0	1	0.764360313315927	2342	9	6224.97463011156
Simulation_358	2.34	0.054	0.09	0.07	1.667	0.222	358	0.05	12000	1000	1	500	111	1	0	1	1	1	0	0	-1	-1	-1	5750.01044075838
Simulation_359	1.334	0.099	0.216	0.143	2.922	0.675	359	0.05	12000	1000	1	500	111	0	94	1	1154	1155	1	1	0.0636640704368439	188	4	3832.53454701709
Simulation_360	1.46	0.014	0.075	0.097	2.451	0.731	360	0.05	12000	1000	1	500	111	1	0	1	76	95	19	0	-1	-1	-1	6651.62249355228
Simulation_361	2.466	0.06	0.2	0.024	1.196	0.279	361	0.05	12000	1000	1	500	111	1	0	1	124	125	1	1	0.0257832898172324	79	1	4282.99569961971
Simulation_362	2.969	0.037	0.263	0.134	0.569	0.958	362	0.05	12000	1000	1	500	111	1	0	1	3	3	0	1	0.267624020887728	820	3	5756.73473127449
Simulation_363	1.963	0.082	0.137	0.061	1.824	0.505	363	0.05	12000	1000	1	500	111	1	0	1	138	138	0	1	0.195822454308094	600	23	5332.47416274282
Simulation_364	1.711	0.048	0.231	0.079	0.882	0.392	364	0.05	12000	1000	1	500	111	1	0	1	680	752	72	1	0.846932114882507	2595	669	3411.59647554453
Simulation_365	2.717	0.094	0.106	0.006	2.137	0.844	365	0.05	12000	1000	1	500	111	1	0	1	79	82	3	1	0.527415143603133	1616	74	6867.98413482495
Simulation_366	2.214	0.026	0.169	0.115	2.765	0.165	366	0.05	12000	1000	1	500	111	1	0	1	3	4	1	0	-1	-1	-1	2497.23667061089
Simulation_367	1.208	0.071	0.294	0.043	1.51	0.618	367	0.05	12000	1000	1	500	111	1	0	1	1558	1640	82	1	0.787859007832898	2414	1459	5116.81923645266
Simulation_368	1.145	0.023	0.192	0.074	0.804	0.873	368	0.05	12000	1000	1	500	111	1	0	1	150	195	45	1	0.834856396866841	2558	147	4981.93321670355
Simulation_369	2.151	0.068	0.067	0.147	2.059	0.42	369	0.05	12000	1000	1	500	111	1	0	1	2	2	0	0	-1	-1	-1	4385.87933234391
Simulation_370	2.654	0.046	0.129	0.038	2.686	0.646	370	0.05	12000	1000	1	500	111	1	0	1	114	119	5	1	0.00522193211488251	16	1	5419.89454291559
Simulation_371	1.648	0.091	0.255	0.111	1.431	0.194	371	0.05	12000	1000	1	500	111	1	0	1	2	2	0	0	-1	-1	-1	4936.18947993333
Simulation_372	1.9	0.034	0.098	0.056	3	0.307	372	0.05	12000	1000	1	500	111	1	0	1	134	135	1	0	-1	-1	-1	5132.94937108404
Simulation_373	2.906	0.079	0.224	0.129	1.745	0.76	373	0.05	12000	1000	1	500	111	1	0	1	21	21	0	1	0.876305483028721	2685	21	5175.09185460784
Simulation_374	2.403	0.012	0.286	0.02	1.118	0.533	374	0.05	12000	1000	1	500	111	1	0	1	18	18	0	0	-1	-1	-1	5974.27608341641
Simulation_375	1.397	0.057	0.161	0.093	2.373	0.986	375	0.05	12000	1000	1	500	111	1	0	1	287	303	16	1	0.861618798955614	2640	281	5978.10106744119
Simulation_376	1.271	0.051	0.239	0.12	1.902	0.929	376	0.05	12000	1000	1	500	111	1	0	1	912	933	21	1	0.611945169712794	1875	247	7664.57840117823
Simulation_377	2.277	0.096	0.114	0.047	0.647	0.477	377	0.05	12000	1000	1	500	111	1	0	1	9	9	0	1	0.70757180156658	2168	9	5272.89434338134
Simulation_378	2.78	0.029	0.051	0.083	1.275	0.703	378	0.05	12000	1000	1	500	111	1	0	1	86	86	0	1	0.275456919060052	844	79	5116.81042911184
Simulation_379	1.774	0.074	0.176	0.011	2.529	0.25	379	0.05	12000	1000	1	500	111	1	0	1	1	1	0	0	-1	-1	-1	5286.46453572323
Simulation_380	1.523	0.017	0.145	0.138	1.588	0.137	380	0.05	12000	1000	1	500	111	1	0	1	22	31	9	0	-1	-1	-1	4302.36975399828
Simulation_381	2.528	0.063	0.271	0.065	2.843	0.59	381	0.05	12000	1000	1	500	111	1	0	1	497	511	14	0	-1	-1	-1	6891.78743099965
Simulation_382	2.026	0.04	0.208	0.102	2.216	0.363	382	0.05	12000	1000	1	500	111	1	0	1	20	20	0	0	-1	-1	-1	4446.57134232311
Simulation_383	1.02	0.085	0.082	0.029	0.961	0.816	383	0.05	12000	1000	1	500	111	1	0	1	1993	2083	90	1	0.991840731070496	3039	1903	3817.72845061452
Simulation_384	1.012	0.025	0.158	0.11	2.088	0.615	384	0.05	12000	1000	1	500	111	1	0	1	0	1	1	-1	-1	-1	-1	2473.88243909502
Simulation_385	2.018	0.07	0.283	0.037	0.833	0.162	385	0.05	12000	1000	1	500	111	1	0	1	220	220	0	1	0.113250652741514	347	24	3299.32077669303
Simulation_386	2.521	0.047	0.221	0.147	1.461	0.841	386	0.05	12000	1000	1	500	111	1	0	1	70	73	3	1	0.56331592689295	1726	68	4412.61354183065
Simulation_387	1.515	0.093	0.095	0.074	2.716	0.388	387	0.05	12000	1000	1	500	111	1	0	1	3	3	0	0	-1	-1	-1	2826.18078934911
Simulation_388	1.766	0.036	0.252	0.092	1.147	0.501	388	0.05	12000	1000	1	500	111	1	0	1	585	614	29	1	0.463120104438642	1419	484	4415.79954604734
Simulation_389	2.772	0.081	0.126	0.019	2.402	0.954	389	0.05	12000	1000	1	500	111	1	0	1	8	8	0	1	0.399804177545692	1225	8	5487.58053549153
Simulation_390	2.269	0.013	0.064	0.128	1.775	0.275	390	0.05	12000	1000	1	500	111	1	0	1	0	1	1	-1	-1	-1	-1	Inf
Simulation_391	1.263	0.059	0.189	0.056	0.52	0.728	391	0.05	12000	1000	1	500	111	1	0	1	48	48	0	1	0.712793733681462	2184	45	3475.62309777066
Simulation_392	1.389	0.053	0.111	0.01	0.99	0.671	392	0.05	12000	1000	1	500	111	1	0	1	320	331	11	1	0.578981723237598	1774	266	6809.48165204354
Simulation_393	2.395	0.098	0.236	0.083	2.245	0.218	393	0.05	12000	1000	1	500	111	1	0	1	1	1	0	0	-1	-1	-1	6976.42027928679
Simulation_394	2.898	0.03	0.299	0.047	2.873	0.897	394	0.05	12000	1000	1	500	111	1	0	1	18	18	0	1	0.0515665796344648	158	12	4310.69367766123
Simulation_395	1.892	0.076	0.174	0.119	1.618	0.445	395	0.05	12000	1000	1	500	111	1	0	1	640	650	10	1	0.158942558746736	487	38	6326.77547583798
Simulation_396	1.64	0.019	0.205	0.028	2.559	0.332	396	0.05	12000	1000	1	500	111	1	0	1	510	568	58	0	-1	-1	-1	2337.56235022301
Simulation_397	2.646	0.064	0.079	0.101	1.304	0.784	397	0.05	12000	1000	1	500	111	1	0	1	37	38	1	1	0.924934725848564	2834	36	3623.18901682573
Simulation_398	2.143	0.042	0.142	0.065	0.676	0.105	398	0.05	12000	1000	1	500	111	1	0	1	64	66	2	1	0.0231723237597911	71	12	3530.66323917169
Simulation_399	1.138	0.087	0.268	0.137	1.931	0.558	399	0.05	12000	1000	1	500	111	0	193	1	1943	1962	19	1	0.0388349514563107	112	4	6004.35941603224
Simulation_400	1.2	0.039	0.228	0.124	2.794	0.813	400	0.05	12000	1000	1	500	111	0	2	1	1615	1691	76	1	0.188145188145188	565	562	6046.10346546884
Simulation_401	2.206	0.084	0.103	0.051	1.539	0.36	401	0.05	12000	1000	1	500	111	1	0	1	94	94	0	0	-1	-1	-1	5541.7852958542
Simulation_402	2.709	0.016	0.166	0.087	0.912	0.586	402	0.05	12000	1000	1	500	111	1	0	1	2	2	0	0	-1	-1	-1	5157.89411019062
Simulation_403	1.703	0.061	0.291	0.015	2.167	0.134	403	0.05	12000	1000	1	500	111	1	0	1	17	17	0	0	-1	-1	-1	3815.68034422428
Simulation_404	1.955	0.028	0.072	0.142	0.598	0.247	404	0.05	12000	1000	1	500	111	1	0	1	99	111	12	1	0.329634464751958	1010	89	2370.66057788951
Simulation_405	2.961	0.073	0.197	0.069	1.853	0.699	405	0.05	12000	1000	1	500	111	1	0	1	30	32	2	1	0.669386422976501	2051	30	2699.05247737581
Simulation_406	2.458	0.05	0.26	0.106	2.48	0.473	406	0.05	12000	1000	1	500	111	1	0	1	8	9	1	0	-1	-1	-1	3644.24970929643
Simulation_407	1.452	0.095	0.134	0.033	1.225	0.926	407	0.05	12000	1000	1	500	111	1	0	1	934	946	12	1	0.997715404699739	3057	799	6699.82038496089
Simulation_408	1.326	0.011	0.275	0.06	1.696	0.982	408	0.05	12000	1000	1	500	111	1	0	1	861	1038	177	0	-1	-1	-1	4415.17697342218
Simulation_409	2.332	0.056	0.15	0.133	2.951	0.53	409	0.05	12000	1000	1	500	111	1	0	1	3	3	0	0	-1	-1	-1	5816.59080349138
Simulation_410	2.835	0.033	0.087	0.024	2.324	0.756	410	0.05	12000	1000	1	500	111	1	0	1	112	113	1	1	0.0704960835509138	216	58	4323.84012527582
Simulation_411	1.829	0.078	0.213	0.097	1.069	0.303	411	0.05	12000	1000	1	500	111	1	0	1	62	63	1	1	0.23009138381201	705	27	4199.02165507741
Simulation_412	1.578	0.044	0.119	0.042	2.01	0.19	412	0.05	12000	1000	1	500	111	1	0	1	46	46	0	0	-1	-1	-1	5646.37011154077
Simulation_413	2.583	0.09	0.244	0.115	0.755	0.643	413	0.05	12000	1000	1	500	111	1	0	1	25	25	0	1	0.753263707571802	2308	25	3109.26886504959
Simulation_414	2.081	0.022	0.181	0.006	1.382	0.417	414	0.05	12000	1000	1	500	111	1	0	1	24	29	5	1	0.0153394255874674	47	3	2730.29843940562
Simulation_415	1.075	0.067	0.056	0.078	2.637	0.869	415	0.05	12000	1000	1	500	111	0	117	1	2548	2595	47	1	0.748194014447884	2175	721	6473.86972385808
Simulation_416	1.106	0.049	0.287	0.031	0.716	0.289	416	0.05	12000	1000	1	500	111	0	77	1	2763	2927	164	1	0.867137571476623	2578	2663	5517.23008565589
Simulation_417	2.112	0.094	0.162	0.103	1.971	0.742	417	0.05	12000	1000	1	500	111	1	0	1	54	57	3	1	0.969321148825065	2970	49	5818.63564447419
Simulation_418	2.615	0.026	0.099	0.067	2.598	0.516	418	0.05	12000	1000	1	500	111	1	0	1	24	25	1	0	-1	-1	-1	5223.61161084328
Simulation_419	1.609	0.071	0.225	0.14	1.343	0.968	419	0.05	12000	1000	1	500	111	1	0	1	114	116	2	1	0.984986945169713	3018	113	2094.6820887359
Simulation_420	1.861	0.015	0.13	0.012	2.912	0.855	420	0.05	12000	1000	1	500	111	1	0	1	68	71	3	0	-1	-1	-1	5057.0741833263
Simulation_421	2.866	0.06	0.256	0.085	1.657	0.402	421	0.05	12000	1000	1	500	111	1	0	1	38	38	0	0	-1	-1	-1	2897.67319528378
Simulation_422	2.363	0.037	0.193	0.049	1.029	0.629	422	0.05	12000	1000	1	500	111	1	0	1	42	57	15	1	0.512402088772846	1570	42	5778.82820649256
Simulation_423	1.358	0.083	0.068	0.122	2.284	0.176	423	0.05	12000	1000	1	500	111	1	0	1	14	14	0	0	-1	-1	-1	5510.06710685863
Simulation_424	1.483	0.032	0.209	0.094	1.814	0.119	424	0.05	12000	1000	1	500	111	1	0	1	0	1	1	-1	-1	-1	-1	7948.32479549947
Simulation_425	2.489	0.077	0.083	0.021	0.559	0.572	425	0.05	12000	1000	1	500	111	1	0	1	9	9	0	1	0.564621409921671	1730	9	5888.10802952944
Simulation_426	2.992	0.054	0.146	0.131	1.186	0.346	426	0.05	12000	1000	1	500	111	1	0	1	2	2	0	1	0.0283942558746736	87	1	5905.92255879076
Simulation_427	1.986	0.1	0.272	0.058	2.441	0.798	427	0.05	12000	1000	1	500	111	1	0	1	182	196	14	1	0.909268929503916	2786	168	5011.31560052686
Simulation_428	1.735	0.043	0.052	0.112	1.5	0.912	428	0.05	12000	1000	1	500	111	1	0	1	134	141	7	1	0.68701044386423	2105	133	5715.92875093232
Simulation_429	2.741	0.088	0.177	0.04	2.755	0.459	429	0.05	12000	1000	1	500	111	1	0	1	2	2	0	0	-1	-1	-1	4586.67730740215
Simulation_430	2.238	0.02	0.24	0.149	2.127	0.685	430	0.05	12000	1000	1	500	111	1	0	1	0	1	1	-1	-1	-1	-1	7467.19008165353
Simulation_431	1.232	0.066	0.115	0.076	0.873	0.233	431	0.05	12000	1000	1	500	111	0	70	1	1655	1655	0	1	0.407789613848202	1225	453	2447.80613805538
Simulation_432	1.169	0.018	0.091	0.044	1.422	0.487	432	0.05	12000	1000	1	500	111	1	0	1	108	132	24	0	-1	-1	-1	2166.78455782771
Simulation_433	2.175	0.063	0.217	0.117	2.676	0.94	433	0.05	12000	1000	1	500	111	1	0	1	96	97	1	1	0.815274151436031	2498	95	4600.73550994678
Simulation_434	2.678	0.04	0.279	0.008	2.049	0.261	434	0.05	12000	1000	1	500	111	1	0	1	15	15	0	0	-1	-1	-1	5090.91158256297
Simulation_435	1.672	0.086	0.154	0.081	0.794	0.714	435	0.05	12000	1000	1	500	111	1	0	1	22	22	0	1	0.886749347258486	2717	22	6260.9922860406
Simulation_436	1.923	0.052	0.185	0.062	2.363	0.6	436	0.05	12000	1000	1	500	111	1	0	1	40	41	1	1	0.0199086161879896	61	1	1739.92266936879
Simulation_437	2.929	0.097	0.06	0.135	1.108	0.148	437	0.05	12000	1000	1	500	111	1	0	1	2	2	0	0	-1	-1	-1	6242.25490204239
Simulation_438	2.426	0.029	0.123	0.026	1.735	0.827	438	0.05	12000	1000	1	500	111	1	0	1	162	163	1	1	0.200718015665796	615	117	5778.82820649256
Simulation_439	1.42	0.074	0.248	0.099	2.99	0.374	439	0.05	12000	1000	1	500	111	1	0	1	10	10	0	0	-1	-1	-1	3842.52919549229
Simulation_440	1.295	0.035	0.17	0.144	2.52	0.431	440	0.05	12000	1000	1	500	111	1	0	1	200	211	11	0	-1	-1	-1	5131.43963696796
Simulation_441	2.301	0.08	0.295	0.072	1.265	0.883	441	0.05	12000	1000	1	500	111	1	0	1	32	32	0	1	0.93831592689295	2875	32	1849.89635786499
Simulation_442	2.804	0.012	0.232	0.108	0.637	0.204	442	0.05	12000	1000	1	500	111	1	0	1	2	3	1	0	-1	-1	-1	4588.13551256316
Simulation_443	1.798	0.057	0.107	0.035	1.892	0.657	443	0.05	12000	1000	1	500	111	1	0	1	39	40	1	1	0.298629242819843	915	31	5134.82954411655
Simulation_444	1.546	0.023	0.264	0.126	0.951	0.77	444	0.05	12000	1000	1	500	111	1	0	1	162	210	48	1	0.388707571801567	1191	143	5208.20517044955
Simulation_445	2.552	0.069	0.138	0.053	2.206	0.317	445	0.05	12000	1000	1	500	111	1	0	1	2	2	0	0	-1	-1	-1	4390.8796421587
Simulation_446	2.049	0.046	0.075	0.09	2.833	0.996	446	0.05	12000	1000	1	500	111	1	0	1	68	80	12	1	0.497715404699739	1525	66	6022.21172138534
Simulation_447	1.043	0.091	0.201	0.017	1.578	0.544	447	0.05	12000	1000	1	500	111	0	142	1	2052	2069	17	1	0.363960113960114	1022	144	5747.83635032755
Simulation_448	1.028	0.037	0.077	0.073	1.951	0.367	448	0.05	12000	1000	1	500	111	1	0	1	1403	1450	47	0	-1	-1	-1	5086.10355926957
Simulation_449	2.033	0.082	0.203	0.145	0.696	0.82	449	0.05	12000	1000	1	500	111	1	0	1	16	16	0	1	0.617819843342037	1893	16	5821.80082821944
Simulation_450	2.536	0.014	0.266	0.036	1.324	0.141	450	0.05	12000	1000	1	500	111	1	0	1	1	1	0	0	-1	-1	-1	5897.54845070553
Simulation_451	1.53	0.059	0.14	0.109	2.578	0.593	451	0.05	12000	1000	1	500	111	1	0	1	3085	3155	70	1	0.0238250652741514	73	1	4913.23127376803
Simulation_452	1.782	0.025	0.234	0.054	1.637	0.706	452	0.05	12000	1000	1	500	111	1	0	1	0	1	1	-1	-1	-1	-1	2715.18741334132
Simulation_453	2.788	0.071	0.109	0.127	2.892	0.254	453	0.05	12000	1000	1	500	111	1	0	1	2	2	0	0	-1	-1	-1	2408.23098640985
Simulation_454	2.285	0.048	0.172	0.018	2.265	0.933	454	0.05	12000	1000	1	500	111	1	0	1	16	18	2	1	0.272845953002611	836	16	4171.53946349214
Simulation_455	1.279	0.093	0.297	0.091	1.01	0.48	455	0.05	12000	1000	1	500	111	0	2	1	3040	3387	347	1	1	3003	2929	5194.56494821937
Simulation_456	1.405	0.02	0.125	0.118	0.539	0.537	456	0.05	12000	1000	1	500	111	1	0	1	8	11	3	1	0.240535248041775	737	8	5773.16314772606
Simulation_457	2.411	0.065	0.25	0.045	1.794	0.989	457	0.05	12000	1000	1	500	111	1	0	1	55	56	1	1	0.696475195822454	2134	53	1993.35054984984
Simulation_458	2.914	0.042	0.187	0.082	2.422	0.31	458	0.05	12000	1000	1	500	111	1	0	1	4	4	0	0	-1	-1	-1	3751.15081483643
Simulation_459	1.908	0.088	0.062	0.009	1.167	0.763	459	0.05	12000	1000	1	500	111	1	0	1	123	130	7	1	0.637728459530026	1954	103	2368.86131255104
Simulation_460	1.656	0.054	0.281	0.136	2.735	0.65	460	0.05	12000	1000	1	500	111	0	29	1	2241	2339	98	1	0.0278357689631176	80	4	6260.9922860406
Simulation_461	2.662	0.099	0.156	0.064	1.48	0.197	461	0.05	12000	1000	1	500	111	1	0	1	1	1	0	0	-1	-1	-1	5624.380974269
Simulation_462	2.159	0.031	0.093	0.1	0.853	0.876	462	0.05	12000	1000	1	500	111	1	0	1	7	9	2	1	0.305809399477807	937	7	6224.97463011156
Simulation_463	1.153	0.076	0.219	0.027	2.108	0.424	463	0.05	12000	1000	1	500	111	1	0	1	71	71	0	0	-1	-1	-1	5554.63792944716
Simulation_464	1.216	0.028	0.242	0.023	2.657	0.169	464	0.05	12000	1000	1	500	111	0	72	1	1298	1326	28	0	-1	-1	-1	1381.17941209692
Simulation_465	2.222	0.073	0.117	0.095	1.402	0.622	465	0.05	12000	1000	1	500	111	1	0	1	59	64	5	1	0.845626631853786	2591	56	4603.71623725253
Simulation_466	2.725	0.051	0.054	0.059	0.775	0.395	466	0.05	12000	1000	1	500	111	1	0	1	56	60	4	1	0.703328981723238	2155	54	2649.79802179737
Simulation_467	1.719	0.096	0.179	0.132	2.029	0.848	467	0.05	12000	1000	1	500	111	1	0	1	290	296	6	1	0.99902088772846	3061	285	3925.21458040793
Simulation_468	1.971	0.04	0.148	0.041	1.088	0.961	468	0.05	12000	1000	1	500	111	1	0	1	27	31	4	1	0.538185378590078	1649	26	3750.77203296704
Simulation_469	2.976	0.085	0.274	0.114	2.343	0.508	469	0.05	12000	1000	1	500	111	1	0	1	82	82	0	0	-1	-1	-1	2337.56235022301
Simulation_470	2.473	0.017	0.211	0.077	2.971	0.735	470	0.05	12000	1000	1	500	111	1	0	1	0	1	1	-1	-1	-1	-1	5165.18389545081
Simulation_471	1.468	0.062	0.085	0.15	1.716	0.282	471	0.05	12000	1000	1	500	111	1	0	1	364	369	5	0	-1	-1	-1	3314.27270420483
Simulation_472	1.342	0.045	0.195	0.105	1.245	0.226	472	0.05	12000	1000	1	500	111	1	0	1	100	102	2	0	-1	-1	-1	3721.68223188844
Simulation_473	2.348	0.09	0.07	0.032	2.5	0.678	473	0.05	12000	1000	1	500	111	1	0	1	36	36	0	1	0.236945169712794	726	8	6056.20820092368
Simulation_474	2.851	0.023	0.132	0.141	1.873	0.452	474	0.05	12000	1000	1	500	111	1	0	1	1	1	0	0	-1	-1	-1	5165.11069556748
Simulation_475	1.845	0.068	0.258	0.068	0.618	0.905	475	0.05	12000	1000	1	500	111	1	0	1	14	14	0	1	0.468668407310705	1436	14	6468.34349362236
Simulation_476	1.593	0.011	0.101	0.086	2.186	0.791	476	0.05	12000	1000	1	500	111	1	0	1	115	152	37	0	-1	-1	-1	4401.94838005612
Simulation_477	2.599	0.057	0.226	0.014	0.931	0.339	477	0.05	12000	1000	1	500	111	1	0	1	90	95	5	1	0.399477806788512	1224	86	1649.32819725133
Simulation_478	2.096	0.034	0.289	0.123	1.559	0.565	478	0.05	12000	1000	1	500	111	1	0	1	54	55	1	1	0.0404699738903394	124	29	6113.45405851846
Simulation_479	1.09	0.079	0.164	0.05	2.814	0.112	479	0.05	12000	1000	1	500	111	1	0	1	68	68	0	0	-1	-1	-1	2813.90671026557
Simulation_480	1.059	0.013	0.175	0.134	0.814	0.919	480	0.05	12000	1000	1	500	111	1	0	1	31	81	50	1	0.066579634464752	204	15	6575.92575658797
Simulation_481	2.065	0.058	0.05	0.061	2.069	0.466	481	0.05	12000	1000	1	500	111	1	0	1	31	31	0	0	-1	-1	-1	6132.44378092205
Simulation_482	2.568	0.035	0.113	0.098	2.696	0.692	482	0.05	12000	1000	1	500	111	1	0	1	10	10	0	1	0.0192558746736292	59	1	4996.45378239457
Simulation_483	1.562	0.081	0.238	0.025	1.441	0.24	483	0.05	12000	1000	1	500	111	1	0	1	2	2	0	0	-1	-1	-1	2636.03972924432
Simulation_484	1.813	0.047	0.081	0.116	2.382	0.127	484	0.05	12000	1000	1	500	111	1	0	1	1	1	0	0	-1	-1	-1	3170.4632927266
Simulation_485	2.819	0.092	0.207	0.043	1.127	0.579	485	0.05	12000	1000	1	500	111	1	0	1	79	81	2	1	0.822127937336815	2519	78	2101.64697765176
Simulation_486	2.316	0.024	0.27	0.079	0.5	0.353	486	0.05	12000	1000	1	500	111	1	0	1	6	8	2	1	0.198433420365535	608	6	5932.72753338571
Simulation_487	1.31	0.069	0.144	0.007	1.755	0.806	487	0.05	12000	1000	1	500	111	1	0	1	2174	2242	68	1	0.640013054830287	1961	1141	5747.83635032755
Simulation_488	1.436	0.041	0.254	0.052	2.225	0.862	488	0.05	12000	1000	1	500	111	0	48	1	1912	1974	62	1	0.779979501195764	2283	1560	5090.91158256297
Simulation_489	2.442	0.086	0.128	0.125	0.971	0.409	489	0.05	12000	1000	1	500	111	1	0	1	6	6	0	1	0.660900783289817	2025	5	4762.62334763966
Simulation_490	2.945	0.018	0.066	0.016	1.598	0.636	490	0.05	12000	1000	1	500	111	1	0	1	1	3	2	0	-1	-1	-1	5364.99740960846
Simulation_491	1.939	0.064	0.191	0.089	2.853	0.183	491	0.05	12000	1000	1	500	111	1	0	1	9	9	0	0	-1	-1	-1	5013.21977717901
Simulation_492	1.688	0.03	0.16	0.07	1.284	0.296	492	0.05	12000	1000	1	500	111	1	0	1	300	325	25	1	0.0195822454308094	60	8	5112.49751021718
Simulation_493	2.694	0.075	0.285	0.143	2.539	0.749	493	0.05	12000	1000	1	500	111	1	0	1	2	2	0	1	0.147845953002611	453	2	5602.20112533145
Simulation_494	2.191	0.052	0.223	0.034	1.912	0.523	494	0.05	12000	1000	1	500	111	1	0	1	26	26	0	1	0.0231723237597911	71	1	2592.1498279529
Simulation_495	1.185	0.098	0.097	0.107	0.657	0.975	495	0.05	12000	1000	1	500	111	1	0	1	14	14	0	1	0.775130548302872	2375	14	2856.25720557289
Simulation_496	1.122	0.049	0.136	0.084	1.52	0.721	496	0.05	12000	1000	1	500	111	0	97	1	2062	2186	124	1	0.858018386108274	2520	1952	5667.76338833838
Simulation_497	2.128	0.095	0.262	0.011	2.775	0.268	497	0.05	12000	1000	1	500	111	1	0	1	5	5	0	0	-1	-1	-1	3360.51520437003
Simulation_498	2.631	0.027	0.199	0.12	2.147	0.947	498	0.05	12000	1000	1	500	111	1	0	1	107	111	4	1	0.0776762402088773	238	64	5382.16072607599
Simulation_499	1.625	0.072	0.074	0.048	0.892	0.494	499	0.05	12000	1000	1	500	111	1	0	1	116	124	8	1	0.815274151436031	2498	113	5798.26936962501
Simulation_500	1.876	0.015	0.293	0.102	1.833	0.381	500	0.05	12000	1000	1	500	111	1	0	1	17	23	6	0	-1	-1	-1	3738.20750823185
