Sim_index	S	omega_T	sigma_e	disp_shape	disp_scale	seed	divergence_factor	max_species	max_coex_sp	start_species	init_ab	grid_cell_distance	finished	final_timestep	initial_nb_species	final_nb_species	sp_events	ex_events	exchanged	prop_col_area	div_col	dist_to_isthmus	start_biome
Simulation_1	1.998	0.055	0.078	1.75	0.55	1	0.05	12000	1000	1	500	111	1	0	1	0	1	1	-1	-1	-1	4953.44873279652	4
Simulation_2	2.501	0.032	0.114	1.123	0.776	2	0.05	12000	1000	1	500	111	1	0	1	4	5	1	0	-1	-1	3730.30261984419	3
Simulation_3	1.495	0.078	0.041	2.377	0.324	3	0.05	12000	1000	1	500	111	1	0	1	1	1	0	0	-1	-1	7718.86333670905	4
Simulation_4	1.747	0.044	0.096	0.809	0.889	4	0.05	12000	1000	1	500	111	1	0	1	1	1	0	0	-1	-1	4264.32809747601	3
Simulation_5	2.752	0.089	0.023	2.064	0.437	5	0.05	12000	1000	1	500	111	1	0	1	0	1	1	-1	-1	-1	4619.55632318253	4
Simulation_6	2.25	0.021	0.059	1.436	0.211	6	0.05	12000	1000	1	500	111	1	0	1	0	1	1	-1	-1	-1	4154.99637525818	4
Simulation_7	1.244	0.066	0.132	2.691	0.663	7	0.05	12000	1000	1	500	111	1	0	1	0	1	1	-1	-1	-1	5151.08237216938	4
Simulation_8	1.369	0.038	0.05	2.221	0.606	8	0.05	12000	1000	1	500	111	1	0	1	0	1	1	-1	-1	-1	5361.69964017827	3
Simulation_9	2.375	0.083	0.123	0.966	0.155	9	0.05	12000	1000	1	500	111	1	0	1	1173	1233	60	0	-1	-1	8456.38573930731	4
Simulation_10	2.878	0.015	0.087	2.848	0.381	10	0.05	12000	1000	1	500	111	1	0	1	0	1	1	-1	-1	-1	6962.72181872771	4
Simulation_11	1.872	0.061	0.014	1.593	0.832	11	0.05	12000	1000	1	500	111	1	0	1	60	61	1	1	0.956242707117853	59	1512.90265010755	1
Simulation_12	1.621	0.027	0.141	1.907	0.494	12	0.05	12000	1000	1	500	111	1	0	1	0	1	1	-1	-1	-1	6650.3942791647	4
Simulation_13	2.627	0.072	0.068	0.652	0.945	13	0.05	12000	1000	1	500	111	1	0	1	1	1	0	0	-1	-1	4257.77064182026	3
Simulation_14	2.124	0.049	0.032	2.534	0.719	14	0.05	12000	1000	1	500	111	1	0	1	0	1	1	-1	-1	-1	6230.3487793739	4
Simulation_15	1.118	0.095	0.105	1.279	0.268	15	0.05	12000	1000	1	500	111	0	78	1	2250	2286	36	1	0.02975495915986	2	6615.85951898636	3
Simulation_16	1.181	0.052	0.128	1.515	0.352	16	0.05	12000	1000	1	500	111	0	35	1	3658	3672	14	1	0.727537922987165	1362	333.585303532452	1
Simulation_17	2.187	0.097	0.055	2.77	0.804	17	0.05	12000	1000	1	500	111	1	0	1	324	324	0	1	0.99416569428238	270	2045.98239145797	3
Simulation_18	2.69	0.029	0.018	0.887	0.578	18	0.05	12000	1000	1	500	111	1	0	1	0	1	1	-1	-1	-1	6753.42823119129	4
Simulation_19	1.684	0.075	0.091	2.142	0.126	19	0.05	12000	1000	1	500	111	0	15	1	1414	1414	0	1	0.900233372228705	1409	1635.240861546	2
Simulation_20	1.935	0.018	0.073	1.201	0.691	20	0.05	12000	1000	1	500	111	1	0	1	0	1	1	-1	-1	-1	9144.61845421503	4
Simulation_21	2.941	0.063	0.146	2.456	0.239	21	0.05	12000	1000	1	500	111	1	0	1	0	1	1	-1	-1	-1	6287.78994692632	4
Simulation_22	2.438	0.041	0.109	0.574	0.465	22	0.05	12000	1000	1	500	111	1	0	1	1	1	0	0	-1	-1	4616.98461704759	3
Simulation_23	1.432	0.086	0.037	1.828	0.917	23	0.05	12000	1000	1	500	111	1	0	1	9	10	1	0	-1	-1	4637.2799523033	2
Simulation_24	1.306	0.024	0.082	2.613	0.861	24	0.05	12000	1000	1	500	111	0	65	1	2870	2945	75	1	0.00233372228704784	2	7424.67542285945	5
Simulation_25	2.312	0.069	0.009	1.358	0.409	25	0.05	12000	1000	1	500	111	1	0	1	0	1	1	-1	-1	-1	7420.81809177115	4
Simulation_26	2.815	0.046	0.046	1.985	0.183	26	0.05	12000	1000	1	500	111	1	0	1	0	1	1	-1	-1	-1	5400.59266823569	4
Simulation_27	1.809	0.092	0.118	0.73	0.635	27	0.05	12000	1000	1	500	111	1	0	1	1	1	0	0	-1	-1	7997.29837661835	4
Simulation_28	1.558	0.035	0.027	2.926	0.296	28	0.05	12000	1000	1	500	111	0	64	1	1295	1296	1	1	0.657526254375729	105	3792.23882108639	2
Simulation_29	2.564	0.08	0.1	1.672	0.748	29	0.05	12000	1000	1	500	111	1	0	1	17	17	0	0	-1	-1	7422.95258127641	5
Simulation_30	2.061	0.012	0.137	2.299	0.974	30	0.05	12000	1000	1	500	111	1	0	1	0	1	1	-1	-1	-1	6789.72266633157	4
Simulation_31	1.055	0.058	0.064	1.044	0.522	31	0.05	12000	1000	1	500	111	0	80	1	2104	2124	20	1	1	1551	3736.12202502515	3
Simulation_32	1.086	0.034	0.093	1.946	0.734	32	0.05	12000	1000	1	500	111	1	0	1	0	1	1	-1	-1	-1	6153.55734404844	4
Simulation_33	2.092	0.079	0.021	0.691	0.282	33	0.05	12000	1000	1	500	111	1	0	1	0	1	1	-1	-1	-1	6263.41192486067	4
Simulation_34	2.595	0.011	0.057	2.574	0.508	34	0.05	12000	1000	1	500	111	1	0	1	0	1	1	-1	-1	-1	6934.47901439331	4
Simulation_35	1.589	0.056	0.13	1.319	0.959	35	0.05	12000	1000	1	500	111	1	0	1	0	1	1	-1	-1	-1	4645.64126494622	2
Simulation_36	1.841	0.022	0.039	2.26	0.395	36	0.05	12000	1000	1	500	111	1	0	1	198	208	10	0	-1	-1	4722.3172645792	3
Simulation_37	2.847	0.068	0.112	1.005	0.846	37	0.05	12000	1000	1	500	111	1	0	1	2	2	0	0	-1	-1	4959.91767498739	2
Simulation_38	2.344	0.045	0.148	2.887	0.621	38	0.05	12000	1000	1	500	111	1	0	1	69	69	0	1	0.00758459743290548	2	3427.80732119444	3
Simulation_39	1.338	0.09	0.075	1.632	0.169	39	0.05	12000	1000	1	500	111	1	0	1	0	1	1	-1	-1	-1	5116.18989388541	4
Simulation_40	1.464	0.017	0.121	0.848	0.225	40	0.05	12000	1000	1	500	111	1	0	1	32	36	4	0	-1	-1	577.803831854341	1
Simulation_41	2.47	0.062	0.048	2.103	0.677	41	0.05	12000	1000	1	500	111	1	0	1	133	133	0	0	-1	-1	3887.21265792509	2
Simulation_42	2.972	0.039	0.012	1.475	0.903	42	0.05	12000	1000	1	500	111	1	0	1	0	1	1	-1	-1	-1	6358.5869410463	4
Simulation_43	1.967	0.085	0.084	2.73	0.451	43	0.05	12000	1000	1	500	111	1	0	1	0	1	1	-1	-1	-1	4775.03730637112	4
Simulation_44	1.715	0.051	0.066	0.534	0.79	44	0.05	12000	1000	1	500	111	1	0	1	0	1	1	-1	-1	-1	4122.71125595801	2
Simulation_45	2.721	0.096	0.139	1.789	0.338	45	0.05	12000	1000	1	500	111	1	0	1	0	1	1	-1	-1	-1	6615.85951898636	3
Simulation_46	2.218	0.028	0.103	1.162	0.112	46	0.05	12000	1000	1	500	111	1	0	1	117	119	2	1	0.490665110851809	28	4308.39193444929	2
Simulation_47	1.212	0.073	0.03	2.417	0.564	47	0.05	12000	1000	1	500	111	1	0	1	0	1	1	-1	-1	-1	6043.13990294183	4
Simulation_48	1.149	0.031	0.043	2.966	0.988	48	0.05	12000	1000	1	500	111	1	0	1	0	1	1	-1	-1	-1	5296.48042657216	2
Simulation_49	2.155	0.076	0.116	1.711	0.536	49	0.05	12000	1000	1	500	111	1	0	1	38	40	2	0	-1	-1	3451.69478258347	3
Simulation_50	2.658	0.053	0.08	2.338	0.31	50	0.05	12000	1000	1	500	111	1	0	1	0	1	1	-1	-1	-1	5495.47442780051	4
Simulation_51	1.652	0.099	0.007	1.083	0.762	51	0.05	12000	1000	1	500	111	1	0	1	11	11	0	1	0.907234539089848	7	3405.74546621041	2
Simulation_52	1.904	0.042	0.134	2.652	0.197	52	0.05	12000	1000	1	500	111	1	0	1	0	1	1	-1	-1	-1	6099.65475815905	4
Simulation_53	2.91	0.087	0.062	1.397	0.649	53	0.05	12000	1000	1	500	111	1	0	1	31	31	0	0	-1	-1	5119.20927844193	4
Simulation_54	2.407	0.02	0.025	2.025	0.875	54	0.05	12000	1000	1	500	111	1	0	1	0	1	1	-1	-1	-1	9199.54632965355	4
Simulation_55	1.401	0.065	0.098	0.77	0.423	55	0.05	12000	1000	1	500	111	1	0	1	0	1	1	-1	-1	-1	5028.1008265604	4
Simulation_56	1.275	0.048	0.016	1.24	0.479	56	0.05	12000	1000	1	500	111	1	0	1	0	1	1	-1	-1	-1	9183.55936576675	4
Simulation_57	2.281	0.093	0.089	2.495	0.931	57	0.05	12000	1000	1	500	111	1	0	1	0	1	1	-1	-1	-1	2815.32267737443	2
Simulation_58	2.784	0.025	0.125	0.613	0.705	58	0.05	12000	1000	1	500	111	1	0	1	0	1	1	-1	-1	-1	5372.48142612303	5
Simulation_59	1.778	0.07	0.052	1.868	0.254	59	0.05	12000	1000	1	500	111	1	0	1	0	1	1	-1	-1	-1	7747.34499517765	4
Simulation_60	1.527	0.014	0.107	1.554	0.592	60	0.05	12000	1000	1	500	111	1	0	1	162	170	8	0	-1	-1	3507.91241748923	3
Simulation_61	2.532	0.059	0.034	2.809	0.141	61	0.05	12000	1000	1	500	111	1	0	1	0	1	1	-1	-1	-1	5842.49212074588	4
Simulation_62	2.029	0.037	0.071	0.926	0.366	62	0.05	12000	1000	1	500	111	1	0	1	0	1	1	-1	-1	-1	6595.18789989823	4
Simulation_63	1.024	0.082	0.143	2.181	0.818	63	0.05	12000	1000	1	500	111	1	0	1	1462	1476	14	1	0.857642940490082	26	8555.36998035818	4
Simulation_64	1.039	0.046	0.07	2.515	0.289	64	0.05	12000	1000	1	500	111	1	0	1	29	40	11	0	-1	-1	4343.26353493817	4
Simulation_65	2.045	0.091	0.142	1.26	0.741	65	0.05	12000	1000	1	500	111	1	0	1	4	4	0	1	0.748541423570595	1	1593.8517988332	1
Simulation_66	2.548	0.023	0.106	1.887	0.966	66	0.05	12000	1000	1	500	111	1	0	1	0	1	1	-1	-1	-1	5774.07279539982	4
Simulation_67	1.542	0.068	0.033	0.632	0.515	67	0.05	12000	1000	1	500	111	1	0	1	1	1	0	0	-1	-1	4496.46340634304	2
Simulation_68	1.794	0.012	0.124	2.828	0.854	68	0.05	12000	1000	1	500	111	1	0	1	0	1	1	-1	-1	-1	4980.041991029	2
Simulation_69	2.8	0.057	0.051	1.574	0.402	69	0.05	12000	1000	1	500	111	1	0	1	34	34	0	1	0.658109684947491	3	4682.92471479189	2
Simulation_70	2.297	0.034	0.015	2.201	0.176	70	0.05	12000	1000	1	500	111	1	0	1	449	449	0	1	0.598599766627771	64	3245.48492047852	3
Simulation_71	1.291	0.08	0.088	0.946	0.628	71	0.05	12000	1000	1	500	111	1	0	1	0	1	1	-1	-1	-1	5059.36370996829	4
Simulation_72	1.417	0.029	0.024	1.73	0.684	72	0.05	12000	1000	1	500	111	1	0	1	0	1	1	-1	-1	-1	6132.83572227566	4
Simulation_73	2.422	0.074	0.097	2.985	0.232	73	0.05	12000	1000	1	500	111	1	0	1	0	1	1	-1	-1	-1	6257.63227088988	4
Simulation_74	2.925	0.051	0.133	1.103	0.458	74	0.05	12000	1000	1	500	111	1	0	1	0	1	1	-1	-1	-1	5372.48142612303	4
Simulation_75	1.919	0.097	0.06	2.358	0.91	75	0.05	12000	1000	1	500	111	1	0	1	9	10	1	0	-1	-1	2718.11603648608	2
Simulation_76	1.668	0.04	0.079	1.417	0.345	76	0.05	12000	1000	1	500	111	0	110	1	2897	2951	54	1	0.453325554259043	48	5578.96514522013	3
Simulation_77	2.674	0.085	0.006	2.672	0.797	77	0.05	12000	1000	1	500	111	1	0	1	0	1	1	-1	-1	-1	7329.70963988962	4
Simulation_78	2.171	0.017	0.042	0.789	0.571	78	0.05	12000	1000	1	500	111	1	0	1	0	1	1	-1	-1	-1	4496.46340634304	4
Simulation_79	1.165	0.063	0.115	2.044	0.119	79	0.05	12000	1000	1	500	111	1	0	1	1	1	0	0	-1	-1	3593.66769854493	3
Simulation_80	1.228	0.02	0.101	2.123	0.543	80	0.05	12000	1000	1	500	111	1	0	1	0	1	1	-1	-1	-1	8874.54741412224	4
Simulation_81	2.234	0.066	0.029	0.868	0.995	81	0.05	12000	1000	1	500	111	1	0	1	1	1	0	0	-1	-1	2815.32267737443	2
Simulation_82	2.737	0.043	0.065	2.75	0.769	82	0.05	12000	1000	1	500	111	1	0	1	156	158	2	0	-1	-1	5498.30755373344	4
Simulation_83	1.731	0.088	0.138	1.495	0.317	83	0.05	12000	1000	1	500	111	1	0	1	0	1	1	-1	-1	-1	6467.79155222795	4
Simulation_84	1.982	0.054	0.01	1.809	0.656	84	0.05	12000	1000	1	500	111	1	0	1	0	1	1	-1	-1	-1	4670.52110620269	2
Simulation_85	2.988	0.099	0.083	0.554	0.204	85	0.05	12000	1000	1	500	111	1	0	1	2	2	0	0	-1	-1	3553.85677107466	2
Simulation_86	2.485	0.032	0.12	2.436	0.43	86	0.05	12000	1000	1	500	111	1	0	1	0	1	1	-1	-1	-1	7171.3071056882	4
Simulation_87	1.479	0.077	0.047	1.181	0.882	87	0.05	12000	1000	1	500	111	1	0	1	0	1	1	-1	-1	-1	4912.06253787755	4
Simulation_88	1.354	0.037	0.147	0.711	0.938	88	0.05	12000	1000	1	500	111	1	0	1	0	1	1	-1	-1	-1	5926.58387771793	4
Simulation_89	2.36	0.082	0.074	1.966	0.486	89	0.05	12000	1000	1	500	111	1	0	1	0	1	1	-1	-1	-1	7082.89024162556	4
Simulation_90	2.862	0.015	0.038	1.338	0.261	90	0.05	12000	1000	1	500	111	1	0	1	0	1	1	-1	-1	-1	7790.02636074101	5
Simulation_91	1.857	0.06	0.11	2.593	0.712	91	0.05	12000	1000	1	500	111	1	0	1	809	842	33	1	0.683780630105018	11	5158.60282998832	4
Simulation_92	1.605	0.026	0.056	1.025	0.148	92	0.05	12000	1000	1	500	111	1	0	1	0	1	1	-1	-1	-1	6595.18789989823	4
Simulation_93	2.611	0.071	0.129	2.279	0.599	93	0.05	12000	1000	1	500	111	1	0	1	0	1	1	-1	-1	-1	7026.29641695514	4
Simulation_94	2.108	0.049	0.092	1.652	0.825	94	0.05	12000	1000	1	500	111	1	0	1	0	1	1	-1	-1	-1	7897.81802442523	5
Simulation_95	1.102	0.094	0.02	2.907	0.374	95	0.05	12000	1000	1	500	111	0	197	1	1318	1318	0	1	0.900233372228705	1318	2701.02512999587	3
Simulation_96	1.071	0.022	0.14	1.377	0.557	96	0.05	12000	1000	1	500	111	1	0	1	0	1	1	-1	-1	-1	7757.49207434296	5
Simulation_97	2.077	0.067	0.067	2.632	0.105	97	0.05	12000	1000	1	500	111	1	0	1	1	1	0	0	-1	-1	7552.35896021376	5
Simulation_98	2.58	0.044	0.031	0.75	0.331	98	0.05	12000	1000	1	500	111	1	0	1	0	1	1	-1	-1	-1	7761.98951339721	5
Simulation_99	1.574	0.09	0.104	2.005	0.783	99	0.05	12000	1000	1	500	111	1	0	1	146	150	4	0	-1	-1	3925.74018665293	3
Simulation_100	1.825	0.033	0.049	1.691	0.444	100	0.05	12000	1000	1	500	111	0	55	1	1620	1621	1	1	0.673278879813302	295	1910.25658429938	1
Simulation_101	2.831	0.078	0.122	2.946	0.896	101	0.05	12000	1000	1	500	111	1	0	1	10	10	0	0	-1	-1	4781.82430198646	4
Simulation_102	2.328	0.01	0.085	1.064	0.67	102	0.05	12000	1000	1	500	111	1	0	1	0	1	1	-1	-1	-1	7084.60722398837	4
Simulation_103	1.322	0.056	0.013	2.319	0.218	103	0.05	12000	1000	1	500	111	1	0	1	0	1	1	-1	-1	-1	7902.24037808589	5
Simulation_104	1.448	0.05	0.113	2.789	0.162	104	0.05	12000	1000	1	500	111	1	0	1	0	1	1	-1	-1	-1	6503.96016081309	4
Simulation_105	2.454	0.095	0.04	1.534	0.614	105	0.05	12000	1000	1	500	111	1	0	1	0	1	1	-1	-1	-1	6467.79155222795	4
Simulation_106	2.957	0.027	0.076	2.162	0.839	106	0.05	12000	1000	1	500	111	1	0	1	75	75	0	0	-1	-1	6228.71626454543	4
Simulation_107	1.951	0.073	0.149	0.907	0.388	107	0.05	12000	1000	1	500	111	1	0	1	0	1	1	-1	-1	-1	7572.43332947394	5
Simulation_108	1.699	0.016	0.022	2.475	0.952	108	0.05	12000	1000	1	500	111	1	0	1	0	1	1	-1	-1	-1	5528.48319084843	3
Simulation_109	2.705	0.061	0.095	1.221	0.501	109	0.05	12000	1000	1	500	111	1	0	1	49	49	0	1	0.00116686114352392	1	3174.32711395677	3
Simulation_110	2.202	0.039	0.131	1.848	0.275	110	0.05	12000	1000	1	500	111	1	0	1	0	1	1	-1	-1	-1	6233.31966848033	4
Simulation_111	1.196	0.084	0.058	0.593	0.726	111	0.05	12000	1000	1	500	111	1	0	1	0	1	1	-1	-1	-1	5661.95077143406	4
Simulation_112	1.134	0.041	0.035	0.985	0.811	112	0.05	12000	1000	1	500	111	1	0	1	3	3	0	0	-1	-1	8531.21265970246	4
Simulation_113	2.139	0.087	0.108	2.24	0.359	113	0.05	12000	1000	1	500	111	1	0	1	0	1	1	-1	-1	-1	5624.88703206687	4
Simulation_114	2.642	0.019	0.145	1.613	0.134	114	0.05	12000	1000	1	500	111	1	0	1	0	1	1	-1	-1	-1	7854.25625044967	4
Simulation_115	1.637	0.064	0.072	2.868	0.585	115	0.05	12000	1000	1	500	111	1	0	1	522	524	2	1	0.731621936989498	56	5124.00766474821	3
Simulation_116	1.888	0.03	0.09	0.672	0.246	116	0.05	12000	1000	1	500	111	1	0	1	0	1	1	-1	-1	-1	5831.54040527573	4
Simulation_117	2.894	0.075	0.017	1.926	0.698	117	0.05	12000	1000	1	500	111	1	0	1	86	87	1	0	-1	-1	4604.73791640531	4
Simulation_118	2.391	0.053	0.054	1.299	0.924	118	0.05	12000	1000	1	500	111	1	0	1	0	1	1	-1	-1	-1	5569.97663789681	4
Simulation_119	1.385	0.098	0.126	2.554	0.472	119	0.05	12000	1000	1	500	111	1	0	1	0	1	1	-1	-1	-1	4704.44828943885	4
Simulation_120	1.259	0.013	0.063	1.77	0.416	120	0.05	12000	1000	1	500	111	1	0	1	0	1	1	-1	-1	-1	5419.41937386277	2
Simulation_121	2.265	0.058	0.136	0.515	0.868	121	0.05	12000	1000	1	500	111	1	0	1	2	2	0	1	0.0600933488914819	1	3113.8588736223	2
Simulation_122	2.768	0.036	0.099	2.397	0.642	122	0.05	12000	1000	1	500	111	1	0	1	0	1	1	-1	-1	-1	7542.95773398771	5
Simulation_123	1.762	0.081	0.026	1.142	0.19	123	0.05	12000	1000	1	500	111	1	0	1	0	1	1	-1	-1	-1	7302.23876850186	5
Simulation_124	1.511	0.047	0.117	2.083	0.755	124	0.05	12000	1000	1	500	111	1	0	1	736	749	13	1	0.647024504084014	20	4931.75392782851	3
Simulation_125	2.517	0.092	0.045	0.828	0.303	125	0.05	12000	1000	1	500	111	1	0	1	91	91	0	0	-1	-1	4397.4732269091	4
Simulation_126	2.014	0.024	0.008	2.711	0.529	126	0.05	12000	1000	1	500	111	1	0	1	0	1	1	-1	-1	-1	5419.93993469031	4
Simulation_127	1.008	0.07	0.081	1.456	0.981	127	0.05	12000	1000	1	500	111	1	0	1	0	1	1	-1	-1	-1	7169.19158227892	5
Simulation_128	1.016	0.04	0.119	2.858	0.518	128	0.05	12000	1000	1	500	111	1	0	1	0	1	1	-1	-1	-1	7390.18142640645	5
Simulation_129	2.022	0.085	0.046	1.603	0.97	129	0.05	12000	1000	1	500	111	1	0	1	0	1	1	-1	-1	-1	7143.49251466851	4
Simulation_130	2.525	0.017	0.01	2.23	0.744	130	0.05	12000	1000	1	500	111	1	0	1	0	1	1	-1	-1	-1	4511.42728480223	4
Simulation_131	1.519	0.062	0.083	0.975	0.292	131	0.05	12000	1000	1	500	111	1	0	1	1100	1134	34	1	0.686114352392065	20	4958.06767847224	2
Simulation_132	1.77	0.028	0.064	2.544	0.631	132	0.05	12000	1000	1	500	111	0	80	1	2434	2456	22	1	0.00175029171528588	22	3980.99331143716	2
Simulation_133	2.776	0.074	0.137	1.289	0.179	133	0.05	12000	1000	1	500	111	1	0	1	0	1	1	-1	-1	-1	6128.69669800444	4
Simulation_134	2.273	0.051	0.101	1.917	0.405	134	0.05	12000	1000	1	500	111	1	0	1	0	1	1	-1	-1	-1	4891.43499578229	4
Simulation_135	1.267	0.096	0.028	0.662	0.857	135	0.05	12000	1000	1	500	111	1	0	1	0	1	1	-1	-1	-1	5721.54352324366	4
Simulation_136	1.393	0.011	0.092	1.132	0.914	136	0.05	12000	1000	1	500	111	1	0	1	0	1	1	-1	-1	-1	6538.9493587497	4
Simulation_137	2.399	0.057	0.019	2.387	0.462	137	0.05	12000	1000	1	500	111	1	0	1	5	5	0	0	-1	-1	3729.94618371533	2
Simulation_138	2.902	0.034	0.055	0.505	0.236	138	0.05	12000	1000	1	500	111	1	0	1	0	1	1	-1	-1	-1	5784.29877165774	4
Simulation_139	1.896	0.079	0.128	1.76	0.688	139	0.05	12000	1000	1	500	111	1	0	1	193	200	7	1	0.816219369894982	12	2951.93691160181	3
Simulation_140	1.644	0.045	0.037	1.446	0.123	140	0.05	12000	1000	1	500	111	1	0	1	0	1	1	-1	-1	-1	6902.27436359098	4
Simulation_141	2.65	0.091	0.11	2.701	0.575	141	0.05	12000	1000	1	500	111	1	0	1	0	1	1	-1	-1	-1	5584.94781851817	2
Simulation_142	2.147	0.023	0.146	0.819	0.801	142	0.05	12000	1000	1	500	111	1	0	1	0	1	1	-1	-1	-1	5331.51212154335	4
Simulation_143	1.141	0.068	0.074	2.074	0.349	143	0.05	12000	1000	1	500	111	1	0	1	0	1	1	-1	-1	-1	6142.10225292981	4
Simulation_144	1.204	0.026	0.014	1.995	0.321	144	0.05	12000	1000	1	500	111	1	0	1	0	1	1	-1	-1	-1	4939.6021005998	2
Simulation_145	2.21	0.071	0.087	0.74	0.772	145	0.05	12000	1000	1	500	111	1	0	1	0	1	1	-1	-1	-1	6398.79342070168	4
Simulation_146	2.713	0.048	0.124	2.623	0.998	146	0.05	12000	1000	1	500	111	1	0	1	2	2	0	0	-1	-1	7897.81802442523	4
Simulation_147	1.707	0.093	0.051	1.368	0.546	147	0.05	12000	1000	1	500	111	1	0	1	641	643	2	0	-1	-1	8760.74466448168	4
Simulation_148	1.959	0.037	0.105	2.309	0.885	148	0.05	12000	1000	1	500	111	1	0	1	29	31	2	1	0.557176196032672	2	2844.46299406568	2
Simulation_149	2.965	0.082	0.033	1.054	0.434	149	0.05	12000	1000	1	500	111	1	0	1	102	103	1	0	-1	-1	7887.90225695683	4
Simulation_150	2.462	0.014	0.069	2.936	0.208	150	0.05	12000	1000	1	500	111	1	0	1	0	1	1	-1	-1	-1	4704.69335949986	3
Simulation_151	1.456	0.06	0.142	1.681	0.659	151	0.05	12000	1000	1	500	111	1	0	1	0	1	1	-1	-1	-1	6630.54046851625	4
Simulation_152	1.33	0.054	0.042	0.897	0.716	152	0.05	12000	1000	1	500	111	1	0	1	0	1	1	-1	-1	-1	5722.20555043624	4
Simulation_153	2.336	0.099	0.114	2.152	0.264	153	0.05	12000	1000	1	500	111	1	0	1	26	26	0	1	0.784130688448075	26	4594.70812480062	2
Simulation_154	2.839	0.031	0.078	1.525	0.49	154	0.05	12000	1000	1	500	111	1	0	1	290	291	1	1	0.614935822637106	117	1593.8517988332	1
Simulation_155	1.833	0.076	0.005	2.779	0.942	155	0.05	12000	1000	1	500	111	1	0	1	0	1	1	-1	-1	-1	6715.46636153806	4
Simulation_156	1.582	0.02	0.133	0.583	0.377	156	0.05	12000	1000	1	500	111	1	0	1	0	1	1	-1	-1	-1	3651.6495545647	3
Simulation_157	2.587	0.065	0.06	1.838	0.829	157	0.05	12000	1000	1	500	111	1	0	1	0	1	1	-1	-1	-1	6222.85983583167	4
Simulation_158	2.084	0.043	0.023	1.211	0.603	158	0.05	12000	1000	1	500	111	1	0	1	0	1	1	-1	-1	-1	4945.25139713016	4
Simulation_159	1.079	0.088	0.096	2.466	0.151	159	0.05	12000	1000	1	500	111	1	0	1	2	2	0	0	-1	-1	4027.90217514412	2
Simulation_160	1.11	0.016	0.053	1.485	0.786	160	0.05	12000	1000	1	500	111	0	92	1	2990	3205	215	1	0.474912485414236	18	4078.54548970024	4
Simulation_161	2.116	0.061	0.126	2.74	0.335	161	0.05	12000	1000	1	500	111	1	0	1	0	1	1	-1	-1	-1	5021.62989312868	4
Simulation_162	2.619	0.038	0.089	0.858	0.109	162	0.05	12000	1000	1	500	111	1	0	1	0	1	1	-1	-1	-1	7756.40543845935	5
Simulation_163	1.613	0.084	0.017	2.113	0.561	163	0.05	12000	1000	1	500	111	1	0	1	451	454	3	1	0.725204200700117	4	3550.64573762718	2
Simulation_164	1.864	0.05	0.144	1.172	0.222	164	0.05	12000	1000	1	500	111	1	0	1	0	1	1	-1	-1	-1	7101.91628080227	4
Simulation_165	2.87	0.095	0.071	2.426	0.674	165	0.05	12000	1000	1	500	111	1	0	1	53	54	1	0	-1	-1	3593.66769854493	3
Simulation_166	2.367	0.027	0.035	0.544	0.899	166	0.05	12000	1000	1	500	111	1	0	1	0	1	1	-1	-1	-1	6001.30035033416	4
Simulation_167	1.361	0.072	0.108	1.799	0.448	167	0.05	12000	1000	1	500	111	1	0	1	0	1	1	-1	-1	-1	6409.71588185469	4
Simulation_168	1.487	0.033	0.008	2.583	0.391	168	0.05	12000	1000	1	500	111	0	60	1	1235	1236	1	1	0.624854142357059	74	4947.57448476568	2
Simulation_169	2.493	0.078	0.08	1.328	0.843	169	0.05	12000	1000	1	500	111	1	0	1	1	1	0	0	-1	-1	8255.09879701382	5
Simulation_170	2.996	0.01	0.117	1.956	0.617	170	0.05	12000	1000	1	500	111	1	0	1	0	1	1	-1	-1	-1	5483.78593256906	4
Simulation_171	1.99	0.055	0.044	0.701	0.165	171	0.05	12000	1000	1	500	111	1	0	1	0	1	1	-1	-1	-1	6728.89487634115	4
Simulation_172	1.739	0.021	0.099	2.897	0.73	172	0.05	12000	1000	1	500	111	1	0	1	0	1	1	-1	-1	-1	6001.45683811936	4
Simulation_173	2.745	0.067	0.026	1.642	0.278	173	0.05	12000	1000	1	500	111	1	0	1	85	86	1	0	-1	-1	7725.94177177867	4
Simulation_174	2.242	0.044	0.062	2.27	0.504	174	0.05	12000	1000	1	500	111	1	0	1	534	535	1	1	0.0134189031505251	7	2579.66459828706	2
Simulation_175	1.236	0.089	0.135	1.015	0.956	175	0.05	12000	1000	1	500	111	1	0	1	0	1	1	-1	-1	-1	6924.53524053084	4
Simulation_176	1.173	0.047	0.085	0.623	0.589	176	0.05	12000	1000	1	500	111	1	0	1	0	1	1	-1	-1	-1	6589.17559784544	5
Simulation_177	2.179	0.092	0.012	1.877	0.137	177	0.05	12000	1000	1	500	111	1	0	1	1	1	0	0	-1	-1	7328.28760787153	4
Simulation_178	2.682	0.024	0.048	1.25	0.363	178	0.05	12000	1000	1	500	111	1	0	1	0	1	1	-1	-1	-1	6650.35014004076	4
Simulation_179	1.676	0.069	0.121	2.505	0.815	179	0.05	12000	1000	1	500	111	1	0	1	0	1	1	-1	-1	-1	5584.94781851817	4
Simulation_180	1.927	0.013	0.03	0.936	0.476	180	0.05	12000	1000	1	500	111	1	0	1	0	1	1	-1	-1	-1	5978.70616065683	4
Simulation_181	2.933	0.058	0.103	2.191	0.928	181	0.05	12000	1000	1	500	111	1	0	1	0	1	1	-1	-1	-1	4863.83812998851	4
Simulation_182	2.43	0.035	0.139	1.564	0.702	182	0.05	12000	1000	1	500	111	1	0	1	0	1	1	-1	-1	-1	5235.63533779198	4
Simulation_183	1.424	0.081	0.067	2.819	0.25	183	0.05	12000	1000	1	500	111	1	0	1	0	1	1	-1	-1	-1	5520.57528721111	4
Simulation_184	1.299	0.03	0.13	2.348	0.194	184	0.05	12000	1000	1	500	111	1	0	1	0	1	1	-1	-1	-1	5351.41327280535	4
Simulation_185	2.305	0.075	0.058	1.093	0.645	185	0.05	12000	1000	1	500	111	1	0	1	1	1	0	0	-1	-1	7343.76248281744	5
Simulation_186	2.807	0.052	0.021	2.975	0.871	186	0.05	12000	1000	1	500	111	1	0	1	14	14	0	0	-1	-1	3135.56022446859	3
Simulation_187	1.802	0.098	0.094	1.721	0.419	187	0.05	12000	1000	1	500	111	1	0	1	0	1	1	-1	-1	-1	6839.29330770343	4
Simulation_188	1.55	0.041	0.076	2.034	0.984	188	0.05	12000	1000	1	500	111	1	0	1	0	1	1	-1	-1	-1	5573.84720028238	3
Simulation_189	2.556	0.086	0.149	0.779	0.532	189	0.05	12000	1000	1	500	111	1	0	1	1	1	0	0	-1	-1	5446.50203771985	3
Simulation_190	2.053	0.018	0.112	2.662	0.306	190	0.05	12000	1000	1	500	111	1	0	1	0	1	1	-1	-1	-1	1552.92738212813	1
Simulation_191	1.047	0.064	0.039	1.407	0.758	191	0.05	12000	1000	1	500	111	1	0	1	0	1	1	-1	-1	-1	8967.01048308816	4
Simulation_192	1.031	0.028	0.111	1.113	0.328	192	0.05	12000	1000	1	500	111	1	0	1	0	1	1	-1	-1	-1	7926.04820555126	4
Simulation_193	2.037	0.073	0.038	2.368	0.779	193	0.05	12000	1000	1	500	111	1	0	1	6	6	0	0	-1	-1	7878.56106280671	4
Simulation_194	2.54	0.05	0.075	1.74	0.554	194	0.05	12000	1000	1	500	111	1	0	1	0	1	1	-1	-1	-1	5410.45685718178	4
Simulation_195	1.534	0.096	0.147	2.995	0.102	195	0.05	12000	1000	1	500	111	1	0	1	0	1	1	-1	-1	-1	6587.49237476384	4
Simulation_196	1.786	0.039	0.02	0.799	0.666	196	0.05	12000	1000	1	500	111	1	0	1	1	1	0	0	-1	-1	5168.99531863644	3
Simulation_197	2.792	0.084	0.093	2.054	0.215	197	0.05	12000	1000	1	500	111	1	0	1	0	1	1	-1	-1	-1	7397.02531526167	4
Simulation_198	2.289	0.016	0.129	1.426	0.441	198	0.05	12000	1000	1	500	111	1	0	1	0	1	1	-1	-1	-1	4252.61006046464	2
Simulation_199	1.283	0.062	0.056	2.681	0.892	199	0.05	12000	1000	1	500	111	1	0	1	0	1	1	-1	-1	-1	7001.86326496609	4
Simulation_200	1.409	0.045	0.138	1.897	0.836	200	0.05	12000	1000	1	500	111	1	0	1	57	59	2	1	0.466161026837806	3	9222.50027731847	5
Simulation_201	2.415	0.09	0.066	0.642	0.384	201	0.05	12000	1000	1	500	111	1	0	1	1	2	1	0	-1	-1	4559.84296260248	2
Simulation_202	2.917	0.022	0.029	2.525	0.158	202	0.05	12000	1000	1	500	111	1	0	1	0	1	1	-1	-1	-1	7313.51779685732	5
Simulation_203	1.912	0.067	0.102	1.27	0.61	203	0.05	12000	1000	1	500	111	1	0	1	155	159	4	1	0.793465577596266	2	4403.26476723259	2
Simulation_204	1.66	0.011	0.047	2.211	0.271	204	0.05	12000	1000	1	500	111	1	0	1	0	1	1	-1	-1	-1	4403.26476723259	4
Simulation_205	2.666	0.056	0.12	0.956	0.723	205	0.05	12000	1000	1	500	111	1	0	1	0	1	1	-1	-1	-1	7120.73671493941	4
Simulation_206	2.163	0.033	0.084	2.838	0.949	206	0.05	12000	1000	1	500	111	1	0	1	0	1	1	-1	-1	-1	5250.75014688454	4
Simulation_207	1.157	0.079	0.011	1.583	0.497	207	0.05	12000	1000	1	500	111	0	55	1	2261	2294	33	1	0.00758459743290548	1	7785.21491489508	4
Simulation_208	1.22	0.036	0.061	1.348	0.13	208	0.05	12000	1000	1	500	111	1	0	1	0	1	1	-1	-1	-1	5924.50594874793	4
Simulation_209	2.226	0.081	0.134	2.603	0.582	209	0.05	12000	1000	1	500	111	1	0	1	156	156	0	1	0.8512252042007	27	2988.46473249144	3
Simulation_210	2.729	0.014	0.097	0.721	0.808	210	0.05	12000	1000	1	500	111	1	0	1	0	1	1	-1	-1	-1	6728.89343073279	4
Simulation_211	1.723	0.059	0.025	1.975	0.356	211	0.05	12000	1000	1	500	111	1	0	1	0	1	1	-1	-1	-1	4708.1979613225	4
Simulation_212	1.974	0.025	0.116	1.662	0.921	212	0.05	12000	1000	1	500	111	1	0	1	0	1	1	-1	-1	-1	8939.17885667067	4
Simulation_213	2.98	0.07	0.043	2.917	0.469	213	0.05	12000	1000	1	500	111	1	0	1	20	20	0	1	0.701283547257876	19	3546.50386339736	3
Simulation_214	2.477	0.047	0.006	1.034	0.243	214	0.05	12000	1000	1	500	111	1	0	1	0	1	1	-1	-1	-1	6995.26385462569	4
Simulation_215	1.472	0.093	0.079	2.289	0.695	215	0.05	12000	1000	1	500	111	1	0	1	0	1	1	-1	-1	-1	6653.27556456122	4
Simulation_216	1.346	0.019	0.034	2.76	0.638	216	0.05	12000	1000	1	500	111	0	2	1	3941	4281	340	0	-1	-1	7780.94737760025	4
Simulation_217	2.352	0.064	0.106	1.505	0.186	217	0.05	12000	1000	1	500	111	1	0	1	0	1	1	-1	-1	-1	6981.54328223822	5
Simulation_218	2.855	0.042	0.143	2.132	0.412	218	0.05	12000	1000	1	500	111	1	0	1	0	1	1	-1	-1	-1	7097.41518307773	4
Simulation_219	1.849	0.087	0.07	0.877	0.864	219	0.05	12000	1000	1	500	111	1	0	1	3	3	0	0	-1	-1	7060.89199313487	4
Simulation_220	1.597	0.053	0.088	2.446	0.525	220	0.05	12000	1000	1	500	111	0	59	1	2446	2452	6	1	0.537922987164527	3	3112.58584013083	2
Simulation_221	2.603	0.098	0.016	1.191	0.977	221	0.05	12000	1000	1	500	111	1	0	1	4	4	0	0	-1	-1	7665.80614018898	5
Simulation_222	2.1	0.031	0.052	1.819	0.751	222	0.05	12000	1000	1	500	111	1	0	1	157	158	1	0	-1	-1	3062.8825878134	2
Simulation_223	1.094	0.076	0.125	0.564	0.299	223	0.05	12000	1000	1	500	111	1	0	1	0	1	1	-1	-1	-1	7346.4638915888	4
Simulation_224	1.063	0.052	0.027	2.172	0.963	224	0.05	12000	1000	1	500	111	1	0	1	0	1	1	-1	-1	-1	7193.20751565854	5
Simulation_225	2.069	0.097	0.1	0.917	0.511	225	0.05	12000	1000	1	500	111	1	0	1	21	21	0	0	-1	-1	3502.68028159587	3
Simulation_226	2.572	0.029	0.136	2.799	0.285	226	0.05	12000	1000	1	500	111	1	0	1	0	1	1	-1	-1	-1	5049.03547473719	4
Simulation_227	1.566	0.074	0.063	1.544	0.737	227	0.05	12000	1000	1	500	111	1	0	1	0	1	1	-1	-1	-1	6567.28281852087	4
Simulation_228	1.817	0.018	0.081	1.858	0.172	228	0.05	12000	1000	1	500	111	1	0	1	23	26	3	0	-1	-1	3827.91630505065	3
Simulation_229	2.823	0.063	0.009	0.603	0.624	229	0.05	12000	1000	1	500	111	1	0	1	0	1	1	-1	-1	-1	6972.71516051102	4
Simulation_230	2.32	0.04	0.045	2.485	0.85	230	0.05	12000	1000	1	500	111	1	0	1	11	11	0	0	-1	-1	8787.71234525781	4
Simulation_231	1.314	0.086	0.118	1.23	0.398	231	0.05	12000	1000	1	500	111	1	0	1	0	1	1	-1	-1	-1	5399.99568469275	4
Simulation_232	1.44	0.023	0.072	0.76	0.455	232	0.05	12000	1000	1	500	111	1	0	1	338	350	12	1	0.547841306884481	8	4210.1674290946	3
Simulation_233	2.446	0.069	0.145	2.015	0.906	233	0.05	12000	1000	1	500	111	1	0	1	8	8	0	0	-1	-1	8638.3866040427	4
Simulation_234	2.949	0.046	0.109	1.387	0.681	234	0.05	12000	1000	1	500	111	1	0	1	1	1	0	1	0.536756126021004	1	599.714889737456	1
Simulation_235	1.943	0.091	0.036	2.642	0.229	235	0.05	12000	1000	1	500	111	1	0	1	397	397	0	1	0.88973162193699	397	3575.08075462478	3
Simulation_236	1.692	0.035	0.127	1.074	0.568	236	0.05	12000	1000	1	500	111	1	0	1	0	1	1	-1	-1	-1	4808.3865548768	4
Simulation_237	2.697	0.08	0.054	2.328	0.116	237	0.05	12000	1000	1	500	111	1	0	1	1	1	0	0	-1	-1	2683.12229750809	3
Simulation_238	2.194	0.012	0.018	1.701	0.342	238	0.05	12000	1000	1	500	111	1	0	1	0	1	1	-1	-1	-1	5185.59243147622	4
Simulation_239	1.189	0.057	0.091	2.956	0.794	239	0.05	12000	1000	1	500	111	1	0	1	0	1	1	-1	-1	-1	5489.468067624	4
Simulation_240	1.126	0.015	0.15	2.407	0.765	240	0.05	12000	1000	1	500	111	0	63	1	1417	1510	93	1	0.0239206534422404	144	1457.28781955667	1
Simulation_241	2.132	0.06	0.077	1.152	0.314	241	0.05	12000	1000	1	500	111	1	0	1	209	215	6	1	0.675029171528588	12	5175.95900289841	2
Simulation_242	2.635	0.038	0.041	1.779	0.539	242	0.05	12000	1000	1	500	111	1	0	1	0	1	1	-1	-1	-1	7850.84138546989	5
Simulation_243	1.629	0.083	0.113	0.525	0.991	243	0.05	12000	1000	1	500	111	1	0	1	3	3	0	1	0.205950991831972	3	2222.71617445298	1
Simulation_244	1.88	0.049	0.059	2.721	0.426	244	0.05	12000	1000	1	500	111	1	0	1	1	1	0	0	-1	-1	5348.05344147446	3
Simulation_245	2.886	0.094	0.132	1.466	0.878	245	0.05	12000	1000	1	500	111	1	0	1	0	1	1	-1	-1	-1	6423.64011025877	4
Simulation_246	2.383	0.026	0.095	2.093	0.652	246	0.05	12000	1000	1	500	111	1	0	1	0	1	1	-1	-1	-1	5678.7647008372	4
Simulation_247	1.377	0.072	0.022	0.838	0.201	247	0.05	12000	1000	1	500	111	0	43	1	2227	2265	38	1	0.28879813302217	1	7983.6670484006	4
Simulation_248	1.251	0.043	0.104	1.623	0.257	248	0.05	12000	1000	1	500	111	1	0	1	0	1	1	-1	-1	-1	7660.96475862483	4
Simulation_249	2.257	0.089	0.031	2.877	0.709	249	0.05	12000	1000	1	500	111	1	0	1	0	1	1	-1	-1	-1	6271.08028541529	4
Simulation_250	2.76	0.021	0.068	0.995	0.935	250	0.05	12000	1000	1	500	111	1	0	1	0	1	1	-1	-1	-1	5243.61964038822	4
Simulation_251	1.754	0.066	0.141	2.25	0.483	251	0.05	12000	1000	1	500	111	1	0	1	0	1	1	-1	-1	-1	6084.31120074718	4
Simulation_252	1.503	0.032	0.013	1.309	0.822	252	0.05	12000	1000	1	500	111	1	0	1	160	161	1	1	0.623687281213536	26	4627.05860059961	3
Simulation_253	2.509	0.077	0.086	2.564	0.37	253	0.05	12000	1000	1	500	111	1	0	1	1	1	0	0	-1	-1	7490.87599822892	4
Simulation_254	2.006	0.055	0.122	0.681	0.144	254	0.05	12000	1000	1	500	111	1	0	1	126	128	2	1	0.603850641773629	7	4028.18907577826	3
Simulation_255	1	0.1	0.05	1.936	0.596	255	0.05	12000	1000	1	500	111	0	75	1	3370	3427	57	1	1	477	3113.8588736223	3
Simulation_256	1.004	0.055	0.1	1.206	0.852	256	0.05	12000	1000	1	500	111	1	0	1	4	4	0	0	-1	-1	9094.66666903337	4
Simulation_257	2.01	0.1	0.027	2.461	0.4	257	0.05	12000	1000	1	500	111	1	0	1	0	1	1	-1	-1	-1	4704.44828943885	4
Simulation_258	2.513	0.032	0.064	0.578	0.174	258	0.05	12000	1000	1	500	111	1	0	1	0	1	1	-1	-1	-1	7211.08239574778	4
Simulation_259	1.507	0.077	0.136	1.833	0.626	259	0.05	12000	1000	1	500	111	1	0	1	1330	1369	39	1	0.91365227537923	24	7397.02531526167	5
Simulation_260	1.758	0.021	0.009	1.52	0.287	260	0.05	12000	1000	1	500	111	1	0	1	0	1	1	-1	-1	-1	7778.83005815887	4
Simulation_261	2.764	0.066	0.082	2.775	0.739	261	0.05	12000	1000	1	500	111	1	0	1	0	1	1	-1	-1	-1	5848.5093186785	4
Simulation_262	2.261	0.043	0.118	0.892	0.965	262	0.05	12000	1000	1	500	111	1	0	1	0	1	1	-1	-1	-1	5459.0951510171	2
Simulation_263	1.255	0.089	0.045	2.147	0.513	263	0.05	12000	1000	1	500	111	0	155	1	1296	1296	0	1	0.996499416569428	1296	2281.75725906841	3
Simulation_264	1.381	0.026	0.145	2.931	0.344	264	0.05	12000	1000	1	500	111	1	0	1	0	1	1	-1	-1	-1	5467.90821334616	4
Simulation_265	2.387	0.072	0.073	1.676	0.795	265	0.05	12000	1000	1	500	111	1	0	1	2	2	0	0	-1	-1	8796.93187612236	4
Simulation_266	2.89	0.049	0.036	2.304	0.569	266	0.05	12000	1000	1	500	111	1	0	1	0	1	1	-1	-1	-1	6522.16553511306	4
Simulation_267	1.884	0.094	0.109	1.049	0.118	267	0.05	12000	1000	1	500	111	1	0	1	230	230	0	1	0.894399066511085	230	4838.82000545187	3
Simulation_268	1.633	0.038	0.054	2.618	0.682	268	0.05	12000	1000	1	500	111	1	0	1	0	1	1	-1	-1	-1	6318.31454222615	4
Simulation_269	2.639	0.083	0.127	1.363	0.231	269	0.05	12000	1000	1	500	111	1	0	1	0	1	1	-1	-1	-1	5985.53455018493	4
Simulation_270	2.136	0.015	0.091	1.99	0.456	270	0.05	12000	1000	1	500	111	1	0	1	0	1	1	-1	-1	-1	7682.52757283333	5
Simulation_271	1.13	0.06	0.018	0.735	0.908	271	0.05	12000	1000	1	500	111	1	0	1	0	1	1	-1	-1	-1	6965.25541947854	4
Simulation_272	1.193	0.012	0.077	0.814	0.654	272	0.05	12000	1000	1	500	111	1	0	1	0	1	1	-1	-1	-1	4637.2799523033	4
Simulation_273	2.198	0.058	0.15	2.069	0.202	273	0.05	12000	1000	1	500	111	1	0	1	0	1	1	-1	-1	-1	6737.24716030422	4
Simulation_274	2.701	0.035	0.114	1.441	0.428	274	0.05	12000	1000	1	500	111	1	0	1	0	1	1	-1	-1	-1	5987.39539363688	4
Simulation_275	1.695	0.08	0.041	2.696	0.88	275	0.05	12000	1000	1	500	111	1	0	1	0	1	1	-1	-1	-1	7444.12044972337	5
Simulation_276	1.947	0.046	0.132	0.5	0.541	276	0.05	12000	1000	1	500	111	1	0	1	0	1	1	-1	-1	-1	5087.23802365132	4
Simulation_277	2.953	0.092	0.059	1.755	0.993	277	0.05	12000	1000	1	500	111	1	0	1	0	1	1	-1	-1	-1	6546.76317932849	4
Simulation_278	2.45	0.024	0.023	1.127	0.767	278	0.05	12000	1000	1	500	111	1	0	1	0	1	1	-1	-1	-1	5890.0560568283	4
Simulation_279	1.444	0.069	0.095	2.382	0.315	279	0.05	12000	1000	1	500	111	1	0	1	0	1	1	-1	-1	-1	7759.18292567807	4
Simulation_280	1.318	0.041	0.032	1.912	0.146	280	0.05	12000	1000	1	500	111	1	0	1	0	1	1	-1	-1	-1	6972.71516051102	5
Simulation_281	2.324	0.086	0.105	0.657	0.598	281	0.05	12000	1000	1	500	111	1	0	1	1	1	0	0	-1	-1	4221.30387551302	2
Simulation_282	2.827	0.018	0.141	2.539	0.824	282	0.05	12000	1000	1	500	111	1	0	1	0	1	1	-1	-1	-1	4704.44828943885	4
Simulation_283	1.821	0.063	0.068	1.284	0.372	283	0.05	12000	1000	1	500	111	1	0	1	0	1	1	-1	-1	-1	4645.64126494622	4
Simulation_284	1.57	0.029	0.086	2.225	0.936	284	0.05	12000	1000	1	500	111	1	0	1	1020	1025	5	1	0.628938156359393	221	4252.92550969244	3
Simulation_285	2.576	0.075	0.014	0.971	0.485	285	0.05	12000	1000	1	500	111	1	0	1	0	1	1	-1	-1	-1	4912.06253787755	4
Simulation_286	2.073	0.052	0.05	2.853	0.259	286	0.05	12000	1000	1	500	111	1	0	1	1	1	0	0	-1	-1	5263.50047585186	3
Simulation_287	1.067	0.097	0.123	1.598	0.711	287	0.05	12000	1000	1	500	111	1	0	1	229	229	0	0	-1	-1	4388.60230801034	3
Simulation_288	1.098	0.031	0.039	2.657	0.442	288	0.05	12000	1000	1	500	111	1	0	1	0	1	1	-1	-1	-1	5608.7025932843	4
Simulation_289	2.104	0.076	0.111	1.402	0.894	289	0.05	12000	1000	1	500	111	1	0	1	2	2	0	0	-1	-1	4026.50122813156	3
Simulation_290	2.607	0.053	0.148	2.029	0.668	290	0.05	12000	1000	1	500	111	1	0	1	0	1	1	-1	-1	-1	6804.93790822473	4
Simulation_291	1.601	0.099	0.075	0.775	0.216	291	0.05	12000	1000	1	500	111	1	0	1	252	254	2	1	0.0029171528588098	1	3686.11388509644	2
Simulation_292	1.853	0.042	0.093	2.971	0.555	292	0.05	12000	1000	1	500	111	1	0	1	0	2	2	0	-1	-1	6918.79965236498	5
Simulation_293	2.859	0.087	0.02	1.716	0.104	293	0.05	12000	1000	1	500	111	1	0	1	1	1	0	0	-1	-1	8046.7620183258	4
Simulation_294	2.356	0.019	0.057	2.343	0.329	294	0.05	12000	1000	1	500	111	1	0	1	0	1	1	-1	-1	-1	5199.46963692579	4
Simulation_295	1.35	0.065	0.13	1.088	0.781	295	0.05	12000	1000	1	500	111	1	0	1	43	46	3	1	0.906651108518086	28	1483.12134366345	1
Simulation_296	1.475	0.048	0.066	1.559	0.951	296	0.05	12000	1000	1	500	111	1	0	1	4	4	0	0	-1	-1	4287.99893289597	4
Simulation_297	2.481	0.093	0.139	2.814	0.499	297	0.05	12000	1000	1	500	111	1	0	1	67	67	0	1	0.862310385064177	67	488.835641350525	1
Simulation_298	2.984	0.025	0.102	0.931	0.273	298	0.05	12000	1000	1	500	111	1	0	1	20	20	0	0	-1	-1	4972.84699010762	3
Simulation_299	1.978	0.07	0.029	2.186	0.725	299	0.05	12000	1000	1	500	111	1	0	1	258	259	1	0	-1	-1	3063.33769289286	2
Simulation_300	1.727	0.014	0.12	1.245	0.16	300	0.05	12000	1000	1	500	111	1	0	1	0	1	1	-1	-1	-1	5618.18897241757	2
Simulation_301	2.733	0.059	0.048	2.5	0.612	301	0.05	12000	1000	1	500	111	1	0	1	0	1	1	-1	-1	-1	6745.09467722558	4
Simulation_302	2.23	0.036	0.011	0.618	0.838	302	0.05	12000	1000	1	500	111	1	0	1	2	2	0	1	0.490665110851809	1	377.933990179994	1
Simulation_303	1.224	0.082	0.084	1.873	0.386	303	0.05	12000	1000	1	500	111	0	111	1	2597	2602	5	1	0.0845974329054842	2	3644.93764899566	3
Simulation_304	1.161	0.034	0.134	2.265	0.245	304	0.05	12000	1000	1	500	111	1	0	1	0	1	1	-1	-1	-1	4921.60635590046	4
Simulation_305	2.167	0.079	0.061	1.01	0.696	305	0.05	12000	1000	1	500	111	1	0	1	1	1	0	0	-1	-1	4760.3598713639	4
Simulation_306	2.67	0.011	0.025	2.892	0.922	306	0.05	12000	1000	1	500	111	1	0	1	1	2	1	0	-1	-1	3366.9643637459	2
Simulation_307	1.664	0.056	0.098	1.637	0.471	307	0.05	12000	1000	1	500	111	1	0	1	0	1	1	-1	-1	-1	5987.39539363688	4
Simulation_308	1.916	0.022	0.043	1.951	0.809	308	0.05	12000	1000	1	500	111	1	0	1	0	1	1	-1	-1	-1	8087.45064335507	4
Simulation_309	2.921	0.067	0.116	0.696	0.358	309	0.05	12000	1000	1	500	111	1	0	1	4	4	0	0	-1	-1	8787.53793111547	4
Simulation_310	2.418	0.045	0.079	2.578	0.132	310	0.05	12000	1000	1	500	111	1	0	1	0	1	1	-1	-1	-1	7942.79761675975	5
Simulation_311	1.413	0.09	0.007	1.324	0.584	311	0.05	12000	1000	1	500	111	1	0	1	772	774	2	1	0.985414235705951	508	3830.93110583904	3
Simulation_312	1.287	0.017	0.107	0.539	0.753	312	0.05	12000	1000	1	500	111	1	0	1	0	1	1	-1	-1	-1	6791.38980918824	4
Simulation_313	2.293	0.062	0.034	1.794	0.301	313	0.05	12000	1000	1	500	111	1	0	1	18	18	0	0	-1	-1	4233.58550733554	2
Simulation_314	2.796	0.039	0.07	1.167	0.527	314	0.05	12000	1000	1	500	111	1	0	1	0	1	1	-1	-1	-1	6412.10645682536	4
Simulation_315	1.79	0.084	0.143	2.422	0.979	315	0.05	12000	1000	1	500	111	1	0	1	7	8	1	0	-1	-1	3619.10751866671	3
Simulation_316	1.538	0.05	0.016	0.853	0.414	316	0.05	12000	1000	1	500	111	1	0	1	0	1	1	-1	-1	-1	5752.74212888812	4
Simulation_317	2.544	0.096	0.089	2.108	0.866	317	0.05	12000	1000	1	500	111	1	0	1	6	6	0	0	-1	-1	5517.15937271966	3
Simulation_318	2.041	0.028	0.125	1.48	0.64	318	0.05	12000	1000	1	500	111	1	0	1	0	1	1	-1	-1	-1	5842.49212074588	4
Simulation_319	1.035	0.073	0.052	2.735	0.188	319	0.05	12000	1000	1	500	111	1	0	1	0	1	1	-1	-1	-1	5686.93870729681	4
Simulation_320	1.051	0.019	0.126	1.814	0.901	320	0.05	12000	1000	1	500	111	1	0	1	0	1	1	-1	-1	-1	5685.36509980047	3
Simulation_321	2.057	0.064	0.053	0.559	0.449	321	0.05	12000	1000	1	500	111	1	0	1	1	1	0	0	-1	-1	4998.78882387969	2
Simulation_322	2.56	0.041	0.017	2.441	0.224	322	0.05	12000	1000	1	500	111	1	0	1	115	115	0	1	0.647607934655776	26	4034.54069667591	2
Simulation_323	1.554	0.087	0.09	1.186	0.675	323	0.05	12000	1000	1	500	111	1	0	1	0	1	1	-1	-1	-1	5450.76145623765	4
Simulation_324	1.806	0.053	0.072	2.127	0.111	324	0.05	12000	1000	1	500	111	1	0	1	0	1	1	-1	-1	-1	7912.48824604287	4
Simulation_325	2.811	0.098	0.144	0.873	0.562	325	0.05	12000	1000	1	500	111	1	0	1	0	1	1	-1	-1	-1	6961.86292947744	4
Simulation_326	2.308	0.03	0.108	2.755	0.788	326	0.05	12000	1000	1	500	111	1	0	1	0	1	1	-1	-1	-1	4590.68215608864	4
Simulation_327	1.303	0.075	0.035	1.5	0.336	327	0.05	12000	1000	1	500	111	1	0	1	0	1	1	-1	-1	-1	6252.0448644301	4
Simulation_328	1.428	0.036	0.081	1.029	0.506	328	0.05	12000	1000	1	500	111	0	28	1	2691	2727	36	1	0.698366394399067	46	4074.00270342228	2
Simulation_329	2.434	0.081	0.008	2.284	0.958	329	0.05	12000	1000	1	500	111	1	0	1	0	1	1	-1	-1	-1	7644.36124327239	5
Simulation_330	2.937	0.013	0.044	1.657	0.732	330	0.05	12000	1000	1	500	111	1	0	1	0	1	1	-1	-1	-1	8890.11160652965	4
Simulation_331	1.931	0.058	0.117	2.912	0.28	331	0.05	12000	1000	1	500	111	1	0	1	0	1	1	-1	-1	-1	6021.4349409846	4
Simulation_332	1.68	0.024	0.026	0.716	0.619	332	0.05	12000	1000	1	500	111	1	0	1	0	1	1	-1	-1	-1	5331.51212154335	4
Simulation_333	2.686	0.07	0.099	1.971	0.167	333	0.05	12000	1000	1	500	111	1	0	1	2	2	0	1	0.659859976662777	1	3680.83803979533	3
Simulation_334	2.183	0.047	0.135	1.343	0.393	334	0.05	12000	1000	1	500	111	1	0	1	272	274	2	1	0.620186697782964	13	3925.97354549033	3
Simulation_335	1.177	0.092	0.062	2.598	0.845	335	0.05	12000	1000	1	500	111	1	0	1	388	390	2	0	-1	-1	7793.11010891422	4
Simulation_336	1.24	0.044	0.012	2.833	0.704	336	0.05	12000	1000	1	500	111	1	0	1	0	1	1	-1	-1	-1	4606.03076159417	4
Simulation_337	2.246	0.089	0.085	1.578	0.252	337	0.05	12000	1000	1	500	111	1	0	1	0	1	1	-1	-1	-1	5162.69113571736	4
Simulation_338	2.749	0.021	0.122	2.206	0.478	338	0.05	12000	1000	1	500	111	1	0	1	4	4	0	0	-1	-1	4559.14651152028	3
Simulation_339	1.743	0.067	0.049	0.951	0.929	339	0.05	12000	1000	1	500	111	1	0	1	2	2	0	0	-1	-1	4519.40307217328	2
Simulation_340	1.994	0.01	0.103	2.52	0.365	340	0.05	12000	1000	1	500	111	1	0	1	0	1	1	-1	-1	-1	6031.00612825631	4
Simulation_341	3	0.055	0.031	1.265	0.816	341	0.05	12000	1000	1	500	111	1	0	1	0	1	1	-1	-1	-1	5577.45558092909	4
Simulation_342	2.497	0.033	0.067	1.892	0.591	342	0.05	12000	1000	1	500	111	1	0	1	424	437	13	0	-1	-1	7819.40336501004	5
Simulation_343	1.491	0.078	0.14	0.637	0.139	343	0.05	12000	1000	1	500	111	1	0	1	765	813	48	1	0.790548424737456	19	5631.23610009117	3
Simulation_344	1.365	0.027	0.058	1.422	0.308	344	0.05	12000	1000	1	500	111	0	78	1	2732	2790	58	1	0.0361726954492415	18	3861.84348828681	2
Simulation_345	2.371	0.072	0.131	2.676	0.76	345	0.05	12000	1000	1	500	111	1	0	1	94	99	5	1	0.696616102683781	3	2695.53407604859	2
Simulation_346	2.874	0.05	0.094	0.794	0.986	346	0.05	12000	1000	1	500	111	1	0	1	1	1	0	0	-1	-1	4479.46718622752	2
Simulation_347	1.868	0.095	0.021	2.049	0.534	347	0.05	12000	1000	1	500	111	1	0	1	185	186	1	0	-1	-1	5263.50047585186	3
Simulation_348	1.617	0.038	0.149	1.735	0.873	348	0.05	12000	1000	1	500	111	1	0	1	0	1	1	-1	-1	-1	5462.65166740175	4
Simulation_349	2.623	0.084	0.076	2.99	0.421	349	0.05	12000	1000	1	500	111	1	0	1	1	1	0	0	-1	-1	3546.50386339736	3
Simulation_350	2.12	0.016	0.04	1.108	0.195	350	0.05	12000	1000	1	500	111	1	0	1	0	1	1	-1	-1	-1	5532.77528423971	4
Simulation_351	1.114	0.061	0.112	2.363	0.647	351	0.05	12000	1000	1	500	111	0	111	1	2546	2692	146	1	0.121353558926488	9	7759.18292567807	4
Simulation_352	1.083	0.043	0.047	0.676	0.407	352	0.05	12000	1000	1	500	111	1	0	1	34	38	4	1	0.723453908984831	6	2316.74178092533	1
Simulation_353	2.088	0.088	0.119	1.931	0.859	353	0.05	12000	1000	1	500	111	1	0	1	14	14	0	0	-1	-1	4699.54385083562	4
Simulation_354	2.591	0.02	0.083	1.304	0.633	354	0.05	12000	1000	1	500	111	1	0	1	0	1	1	-1	-1	-1	5985.53455018493	4
Simulation_355	1.585	0.065	0.01	2.559	0.181	355	0.05	12000	1000	1	500	111	1	0	1	1	1	0	0	-1	-1	6934.27766658692	4
Simulation_356	1.837	0.031	0.137	0.99	0.746	356	0.05	12000	1000	1	500	111	1	0	1	3	3	0	1	0.522753792298716	1	1710.09268335083	1
Simulation_357	2.843	0.077	0.065	2.245	0.294	357	0.05	12000	1000	1	500	111	1	0	1	1	1	0	0	-1	-1	4287.99893289597	3
Simulation_358	2.34	0.054	0.028	1.618	0.52	358	0.05	12000	1000	1	500	111	1	0	1	406	406	0	0	-1	-1	7436.12143709874	4
Simulation_359	1.334	0.099	0.101	2.873	0.972	359	0.05	12000	1000	1	500	111	1	0	1	2	2	0	0	-1	-1	7145.97937124384	4
Simulation_360	1.46	0.014	0.019	2.088	0.802	360	0.05	12000	1000	1	500	111	0	48	1	2918	2995	77	0	-1	-1	5631.23610009117	2
Simulation_361	2.466	0.06	0.092	0.833	0.351	361	0.05	12000	1000	1	500	111	1	0	1	0	1	1	-1	-1	-1	4999.22665946651	4
Simulation_362	2.969	0.037	0.128	2.716	0.125	362	0.05	12000	1000	1	500	111	1	0	1	29	29	0	1	0.00116686114352392	3	3260.30876219794	2
Simulation_363	1.963	0.082	0.056	1.461	0.576	363	0.05	12000	1000	1	500	111	1	0	1	0	1	1	-1	-1	-1	7306.10446818731	4
Simulation_364	1.711	0.048	0.11	1.775	0.238	364	0.05	12000	1000	1	500	111	1	0	1	0	1	1	-1	-1	-1	6869.86237480419	4
Simulation_365	2.717	0.094	0.037	0.52	0.689	365	0.05	12000	1000	1	500	111	1	0	1	4	4	0	1	0.25904317386231	2	5081.97355348873	3
Simulation_366	2.214	0.026	0.074	2.402	0.915	366	0.05	12000	1000	1	500	111	1	0	1	109	111	2	1	0.564177362893816	22	3451.69478258347	3
Simulation_367	1.208	0.071	0.147	1.147	0.464	367	0.05	12000	1000	1	500	111	1	0	1	557	558	1	1	0.993582263710618	518	444.780404709936	1
Simulation_368	1.145	0.023	0.087	1.696	0.209	368	0.05	12000	1000	1	500	111	0	13	1	1863	1971	108	1	0.00175029171528588	2	3717.36586068496	2
Simulation_369	2.151	0.068	0.015	2.951	0.661	369	0.05	12000	1000	1	500	111	1	0	1	0	1	1	-1	-1	-1	6176.28533428443	4
Simulation_370	2.654	0.046	0.051	1.069	0.887	370	0.05	12000	1000	1	500	111	1	0	1	0	1	1	-1	-1	-1	5352.40704841275	4
Simulation_371	1.648	0.091	0.124	2.324	0.435	371	0.05	12000	1000	1	500	111	1	0	1	672	672	0	1	0.924154025670945	672	1261.5992817761	1
Simulation_372	1.9	0.034	0.033	1.382	1	372	0.05	12000	1000	1	500	111	1	0	1	0	1	1	-1	-1	-1	6072.18508566955	4
Simulation_373	2.906	0.079	0.106	2.637	0.548	373	0.05	12000	1000	1	500	111	1	0	1	0	1	1	-1	-1	-1	6948.25751897206	5
Simulation_374	2.403	0.012	0.142	0.755	0.322	374	0.05	12000	1000	1	500	111	1	0	1	0	1	1	-1	-1	-1	8210.64980947651	4
Simulation_375	1.397	0.057	0.069	2.01	0.774	375	0.05	12000	1000	1	500	111	0	39	1	1943	1945	2	1	1	1656	1348.87877632172	1
Simulation_376	1.271	0.051	0.115	2.48	0.605	376	0.05	12000	1000	1	500	111	1	0	1	0	1	1	-1	-1	-1	5489.29423465978	3
Simulation_377	2.277	0.096	0.042	1.225	0.153	377	0.05	12000	1000	1	500	111	1	0	1	0	1	1	-1	-1	-1	5963.72302127975	4
Simulation_378	2.78	0.029	0.006	1.853	0.379	378	0.05	12000	1000	1	500	111	1	0	1	73	74	1	1	0.00116686114352392	1	4534.26747022865	3
Simulation_379	1.774	0.074	0.078	0.598	0.831	379	0.05	12000	1000	1	500	111	1	0	1	0	1	1	-1	-1	-1	7306.10446818731	4
Simulation_380	1.523	0.017	0.06	2.794	0.492	380	0.05	12000	1000	1	500	111	1	0	1	0	1	1	-1	-1	-1	6409.71588185469	4
Simulation_381	2.528	0.063	0.133	1.539	0.944	381	0.05	12000	1000	1	500	111	1	0	1	3	4	1	0	-1	-1	4872.26724547066	2
Simulation_382	2.026	0.04	0.097	2.167	0.718	382	0.05	12000	1000	1	500	111	1	0	1	877	897	20	0	-1	-1	8092.87339077891	4
Simulation_383	1.02	0.085	0.024	0.912	0.266	383	0.05	12000	1000	1	500	111	0	104	1	2494	2569	75	1	0.043757292882147	1	7730.02701536442	5
Simulation_384	1.012	0.025	0.068	2.314	0.672	384	0.05	12000	1000	1	500	111	1	0	1	0	1	1	-1	-1	-1	6386.40195950716	4
Simulation_385	2.018	0.07	0.14	1.059	0.22	385	0.05	12000	1000	1	500	111	1	0	1	753	828	75	0	-1	-1	8160.89368088749	5
Simulation_386	2.521	0.047	0.104	2.941	0.446	386	0.05	12000	1000	1	500	111	1	0	1	0	1	1	-1	-1	-1	6237.83913151589	4
Simulation_387	1.515	0.093	0.031	1.686	0.898	387	0.05	12000	1000	1	500	111	1	0	1	2	2	0	0	-1	-1	7541.58662149619	4
Simulation_388	1.766	0.036	0.122	2	0.333	388	0.05	12000	1000	1	500	111	1	0	1	0	1	1	-1	-1	-1	6981.54328223822	4
Simulation_389	2.772	0.081	0.049	0.745	0.785	389	0.05	12000	1000	1	500	111	1	0	1	1	1	0	0	-1	-1	7852.49702261032	4
Simulation_390	2.269	0.013	0.013	2.627	0.559	390	0.05	12000	1000	1	500	111	1	0	1	257	259	2	0	-1	-1	3541.15357138862	3
Simulation_391	1.263	0.059	0.086	1.373	0.107	391	0.05	12000	1000	1	500	111	1	0	1	0	1	1	-1	-1	-1	6766.94543297088	4
Simulation_392	1.389	0.053	0.04	0.588	0.276	392	0.05	12000	1000	1	500	111	1	0	1	13	15	2	0	-1	-1	4235.5327336243	2
Simulation_393	2.395	0.098	0.113	1.843	0.728	393	0.05	12000	1000	1	500	111	1	0	1	8	9	1	0	-1	-1	5573.84720028238	3
Simulation_394	2.898	0.03	0.149	1.216	0.954	394	0.05	12000	1000	1	500	111	1	0	1	2	2	0	0	-1	-1	3937.49729514153	2
Simulation_395	1.892	0.076	0.077	2.471	0.502	395	0.05	12000	1000	1	500	111	1	0	1	1183	1184	1	1	0.71120186697783	24	4959.91767498739	2
Simulation_396	1.64	0.019	0.095	0.902	0.841	396	0.05	12000	1000	1	500	111	1	0	1	0	1	1	-1	-1	-1	5282.74937996616	4
Simulation_397	2.646	0.064	0.022	2.157	0.389	397	0.05	12000	1000	1	500	111	1	0	1	0	1	1	-1	-1	-1	5686.71563430253	4
Simulation_398	2.143	0.042	0.058	1.529	0.164	398	0.05	12000	1000	1	500	111	1	0	1	0	1	1	-1	-1	-1	6152.09190598392	4
Simulation_399	1.138	0.087	0.131	2.784	0.615	399	0.05	12000	1000	1	500	111	0	62	1	3827	3961	134	1	0.875145857642941	122	5430.17439650655	2
Simulation_400	1.2	0.039	0.108	2.549	0.926	400	0.05	12000	1000	1	500	111	1	0	1	89	89	0	1	0.612602100350058	9	2877.88095398614	3
Simulation_401	2.206	0.084	0.036	1.294	0.474	401	0.05	12000	1000	1	500	111	1	0	1	105	105	0	0	-1	-1	3511.90713528612	2
Simulation_402	2.709	0.016	0.072	1.922	0.248	402	0.05	12000	1000	1	500	111	1	0	1	0	1	1	-1	-1	-1		
Simulation_403	1.703	0.061	0.145	0.667	0.7	403	0.05	12000	1000	1	500	111	1	0	1	1	1	0	0	-1	-1	4020.54926746682	3
Simulation_404	1.955	0.028	0.018	2.863	0.135	404	0.05	12000	1000	1	500	111	1	0	1	224	225	1	1	0.00116686114352392	7	3736.12202502515	3
Simulation_405	2.961	0.073	0.09	1.608	0.587	405	0.05	12000	1000	1	500	111	1	0	1	0	1	1	-1	-1	-1	6687.20274779738	4
Simulation_406	2.458	0.05	0.127	2.235	0.813	406	0.05	12000	1000	1	500	111	1	0	1	0	1	1	-1	-1	-1	7156.45104157227	5
Simulation_407	1.452	0.095	0.054	0.98	0.361	407	0.05	12000	1000	1	500	111	1	0	1	1256	1263	7	1	0.771878646441074	7	5719.09381543324	2
Simulation_408	1.326	0.011	0.136	1.451	0.531	408	0.05	12000	1000	1	500	111	1	0	1	0	1	1	-1	-1	-1	6493.42008411387	5
Simulation_409	2.332	0.056	0.063	2.706	0.982	409	0.05	12000	1000	1	500	111	1	0	1	0	1	1	-1	-1	-1	6940.31940406575	4
Simulation_410	2.835	0.033	0.027	0.824	0.756	410	0.05	12000	1000	1	500	111	1	0	1	0	1	1	-1	-1	-1	6255.31102455239	4
Simulation_411	1.829	0.078	0.099	2.078	0.305	411	0.05	12000	1000	1	500	111	1	0	1	0	1	1	-1	-1	-1	6076.31906313243	4
Simulation_412	1.578	0.044	0.045	1.137	0.644	412	0.05	12000	1000	1	500	111	1	0	1	63	66	3	0	-1	-1	7328.28760787153	4
Simulation_413	2.583	0.09	0.118	2.392	0.192	413	0.05	12000	1000	1	500	111	1	0	1	0	1	1	-1	-1	-1	6435.67926037934	4
Simulation_414	2.081	0.022	0.081	0.51	0.418	414	0.05	12000	1000	1	500	111	1	0	1	0	1	1	-1	-1	-1	6316.31267863619	4
Simulation_415	1.075	0.067	0.008	1.765	0.869	415	0.05	12000	1000	1	500	111	1	0	1	0	1	1	-1	-1	-1	5301.33648442836	4
Simulation_416	1.106	0.049	0.143	0.941	0.178	416	0.05	12000	1000	1	500	111	1	0	1	0	1	1	-1	-1	-1	8527.17288482609	5
Simulation_417	2.112	0.094	0.07	2.196	0.629	417	0.05	12000	1000	1	500	111	1	0	1	262	264	2	1	0.512252042007001	4	3785.28495538238	3
Simulation_418	2.615	0.026	0.033	1.569	0.855	418	0.05	12000	1000	1	500	111	1	0	1	0	1	1	-1	-1	-1	4756.0464663043	4
Simulation_419	1.609	0.071	0.106	2.824	0.404	419	0.05	12000	1000	1	500	111	1	0	1	0	1	1	-1	-1	-1	7518.43177697761	4
Simulation_420	1.861	0.015	0.052	0.627	0.968	420	0.05	12000	1000	1	500	111	1	0	1	1	1	0	0	-1	-1	7396.18555115298	4
Simulation_421	2.866	0.06	0.124	1.882	0.516	421	0.05	12000	1000	1	500	111	1	0	1	0	1	1	-1	-1	-1	6453.72721609218	4
Simulation_422	2.363	0.037	0.088	1.255	0.291	422	0.05	12000	1000	1	500	111	0	11	1	1969	1976	7	1	0.671528588098016	98	4203.95719164802	4
Simulation_423	1.358	0.083	0.015	2.51	0.742	423	0.05	12000	1000	1	500	111	1	0	1	0	1	1	-1	-1	-1	5461.19174289174	4
Simulation_424	1.483	0.032	0.097	2.039	0.573	424	0.05	12000	1000	1	500	111	0	152	1	2073	2125	52	1	0.0402567094515753	38	4872.26724547066	2
Simulation_425	2.489	0.077	0.024	0.784	0.121	425	0.05	12000	1000	1	500	111	1	0	1	5	5	0	1	0.00175029171528588	1	4325.13807645779	4
Simulation_426	2.992	0.054	0.061	2.667	0.347	426	0.05	12000	1000	1	500	111	1	0	1	0	1	1	-1	-1	-1	6429.04755280681	5
Simulation_427	1.986	0.1	0.134	1.412	0.799	427	0.05	12000	1000	1	500	111	1	0	1	8	8	0	0	-1	-1	7480.34303625219	4
Simulation_428	1.735	0.043	0.006	2.353	0.46	428	0.05	12000	1000	1	500	111	1	0	1	179	179	0	1	0.640023337222871	45	3502.68028159587	3
Simulation_429	2.741	0.088	0.079	1.098	0.912	429	0.05	12000	1000	1	500	111	1	0	1	0	1	1	-1	-1	-1	6586.73631582883	4
Simulation_430	2.238	0.02	0.115	2.98	0.686	430	0.05	12000	1000	1	500	111	1	0	1	6	7	1	0	-1	-1	4611.67212784086	3
Simulation_431	1.232	0.066	0.043	1.725	0.234	431	0.05	12000	1000	1	500	111	1	0	1	1	1	0	0	-1	-1	8514.72128451011	5
Simulation_432	1.169	0.018	0.029	1.176	0.432	432	0.05	12000	1000	1	500	111	1	0	1	0	1	1	-1	-1	-1	5712.71654297896	4
Simulation_433	2.175	0.063	0.102	2.431	0.884	433	0.05	12000	1000	1	500	111	1	0	1	0	1	1	-1	-1	-1	5859.9990459666	4
Simulation_434	2.678	0.04	0.138	0.549	0.658	434	0.05	12000	1000	1	500	111	1	0	1	1	1	0	0	-1	-1	2118.56297773511	2
Simulation_435	1.672	0.086	0.065	1.804	0.206	435	0.05	12000	1000	1	500	111	1	0	1	1	2	1	0	-1	-1	5063.32173406938	2
Simulation_436	1.923	0.052	0.083	1.49	0.771	436	0.05	12000	1000	1	500	111	1	0	1	19	19	0	0	-1	-1	8201.55779675014	4
Simulation_437	2.929	0.097	0.011	2.745	0.319	437	0.05	12000	1000	1	500	111	1	0	1	0	1	1	-1	-1	-1	5621.65068362802	2
Simulation_438	2.426	0.029	0.047	0.863	0.545	438	0.05	12000	1000	1	500	111	1	0	1	23	23	0	0	-1	-1	4463.33788310155	3
Simulation_439	1.42	0.074	0.12	2.118	0.996	439	0.05	12000	1000	1	500	111	1	0	1	1	1	0	0	-1	-1	7214.1060991813	5
Simulation_440	1.295	0.035	0.074	2.902	0.827	440	0.05	12000	1000	1	500	111	0	56	1	2956	2986	30	1	0.684364060676779	308	5022.2791977982	3
Simulation_441	2.301	0.08	0.147	1.647	0.375	441	0.05	12000	1000	1	500	111	1	0	1	591	633	42	0	-1	-1	8881.90635912468	4
Simulation_442	2.804	0.012	0.111	2.275	0.149	442	0.05	12000	1000	1	500	111	1	0	1	0	1	1	-1	-1	-1	6284.36982832011	4
Simulation_443	1.798	0.057	0.038	1.02	0.601	443	0.05	12000	1000	1	500	111	1	0	1	0	1	1	-1	-1	-1	6825.03612122324	4
Simulation_444	1.546	0.023	0.129	2.588	0.262	444	0.05	12000	1000	1	500	111	1	0	1	0	1	1	-1	-1	-1	7836.55858592595	4
Simulation_445	2.552	0.069	0.056	1.333	0.714	445	0.05	12000	1000	1	500	111	1	0	1	13	14	1	0	-1	-1	4440.48681671658	3
Simulation_446	2.049	0.046	0.02	1.961	0.94	446	0.05	12000	1000	1	500	111	1	0	1	0	1	1	-1	-1	-1	6651.30709654461	4
Simulation_447	1.043	0.091	0.093	0.706	0.488	447	0.05	12000	1000	1	500	111	1	0	1	3	4	1	0	-1	-1	2773.03160875576	2
Simulation_448	1.028	0.037	0.021	1.667	0.622	448	0.05	12000	1000	1	500	111	0	178	1	2075	2079	4	1	0.698366394399067	577	3669.44451625277	2
Simulation_449	2.033	0.082	0.094	2.922	0.171	449	0.05	12000	1000	1	500	111	1	0	1	0	1	1	-1	-1	-1	4976.843940776	4
Simulation_450	2.536	0.014	0.13	1.039	0.396	450	0.05	12000	1000	1	500	111	1	0	1	0	1	1	-1	-1	-1	4433.70777350066	3
Simulation_451	1.53	0.059	0.057	2.294	0.848	451	0.05	12000	1000	1	500	111	1	0	1	0	1	1	-1	-1	-1	5253.79958759889	4
Simulation_452	1.782	0.025	0.112	1.353	0.509	452	0.05	12000	1000	1	500	111	1	0	1	0	3	3	0	-1	-1	7780.94737760025	4
Simulation_453	2.788	0.071	0.039	2.608	0.961	453	0.05	12000	1000	1	500	111	1	0	1	0	1	1	-1	-1	-1	6564.19949858532	4
Simulation_454	2.285	0.048	0.076	0.725	0.735	454	0.05	12000	1000	1	500	111	1	0	1	0	1	1	-1	-1	-1	5602.49852250312	4
Simulation_455	1.279	0.093	0.148	1.98	0.284	455	0.05	12000	1000	1	500	111	1	0	1	0	1	1	-1	-1	-1	6775.46759383248	4
Simulation_456	1.405	0.02	0.048	2.451	0.114	456	0.05	12000	1000	1	500	111	1	0	1	1221	1240	19	1	0.505250875145858	789	1558.43954224841	1
Simulation_457	2.411	0.065	0.121	1.196	0.566	457	0.05	12000	1000	1	500	111	1	0	1	58	60	2	1	0.166861143523921	1	8931.3230352089	4
Simulation_458	2.914	0.042	0.085	1.824	0.792	458	0.05	12000	1000	1	500	111	1	0	1	0	1	1	-1	-1	-1	6864.8958831767	4
Simulation_459	1.908	0.088	0.012	0.569	0.34	459	0.05	12000	1000	1	500	111	1	0	1	3	3	0	1	0.746207701283547	1	5059.04601447907	3
Simulation_460	1.656	0.054	0.139	2.765	0.905	460	0.05	12000	1000	1	500	111	1	0	1	106	108	2	1	0.635939323220537	1	5320.60704125542	4
Simulation_461	2.662	0.099	0.066	1.51	0.453	461	0.05	12000	1000	1	500	111	1	0	1	39	39	0	1	0.756126021003501	1	2515.75000704023	2
Simulation_462	2.159	0.031	0.03	2.137	0.227	462	0.05	12000	1000	1	500	111	1	0	1	0	1	1	-1	-1	-1	5722.65665117743	2
Simulation_463	1.153	0.076	0.103	0.882	0.679	463	0.05	12000	1000	1	500	111	1	0	1	6	6	0	0	-1	-1	7062.43219176124	4
Simulation_464	1.216	0.028	0.116	0.804	0.876	464	0.05	12000	1000	1	500	111	1	0	1	1	1	0	0	-1	-1	4168.51946905728	3
Simulation_465	2.222	0.073	0.044	2.059	0.425	465	0.05	12000	1000	1	500	111	1	0	1	17	17	0	1	0.691365227537923	1	3838.28401351633	2
Simulation_466	2.725	0.051	0.007	1.431	0.199	466	0.05	12000	1000	1	500	111	1	0	1	0	1	1	-1	-1	-1	7433.79495781198	4
Simulation_467	1.719	0.096	0.08	2.686	0.651	467	0.05	12000	1000	1	500	111	1	0	1	0	1	1	-1	-1	-1	6964.47926558829	4
Simulation_468	1.971	0.04	0.062	1.118	0.312	468	0.05	12000	1000	1	500	111	1	0	1	0	1	1	-1	-1	-1	5850.52155572914	4
Simulation_469	2.976	0.085	0.135	2.373	0.764	469	0.05	12000	1000	1	500	111	1	0	1	0	1	1	-1	-1	-1	6493.42008411387	4
Simulation_470	2.473	0.017	0.098	1.745	0.989	470	0.05	12000	1000	1	500	111	1	0	1	0	1	1	-1	-1	-1	4534.26747022865	3
Simulation_471	1.468	0.062	0.025	3	0.538	471	0.05	12000	1000	1	500	111	1	0	1	0	1	1	-1	-1	-1	7313.75762188606	4
Simulation_472	1.342	0.045	0.089	2.216	0.368	472	0.05	12000	1000	1	500	111	1	0	1	226	226	0	1	0.495332555425904	20	3724.98503398874	2
Simulation_473	2.348	0.09	0.016	0.961	0.82	473	0.05	12000	1000	1	500	111	1	0	1	0	1	1	-1	-1	-1	5001.03736907651	4
Simulation_474	2.851	0.023	0.053	2.843	0.594	474	0.05	12000	1000	1	500	111	1	0	1	57	59	2	0	-1	-1	4026.50122813156	3
Simulation_475	1.845	0.068	0.126	1.588	0.142	475	0.05	12000	1000	1	500	111	1	0	1	0	1	1	-1	-1	-1	5332.51968386816	4
Simulation_476	1.593	0.011	0.035	1.902	0.707	476	0.05	12000	1000	1	500	111	1	0	1	0	1	1	-1	-1	-1	4367.52925468283	3
Simulation_477	2.599	0.057	0.107	0.647	0.255	477	0.05	12000	1000	1	500	111	1	0	1	20	21	1	1	0.498833138856476	1	8964.8918102194	4
Simulation_478	2.096	0.034	0.144	2.529	0.481	478	0.05	12000	1000	1	500	111	1	0	1	348	351	3	1	0.043757292882147	86	4738.2537017771	1
Simulation_479	1.09	0.079	0.071	1.275	0.933	479	0.05	12000	1000	1	500	111	1	0	1	18	18	0	1	0.847141190198366	12	3356.88570176958	3
Simulation_480	1.059	0.013	0.078	2.725	0.213	480	0.05	12000	1000	1	500	111	1	0	1	0	1	1	-1	-1	-1	5158.60282998832	4
Simulation_481	2.065	0.058	0.005	1.471	0.665	481	0.05	12000	1000	1	500	111	1	0	1	0	1	1	-1	-1	-1	6544.98367345365	4
Simulation_482	2.568	0.035	0.041	2.098	0.891	482	0.05	12000	1000	1	500	111	1	0	1	0	1	1	-1	-1	-1	5222.69236801178	2
Simulation_483	1.562	0.081	0.114	0.843	0.439	483	0.05	12000	1000	1	500	111	1	0	1	0	1	1	-1	-1	-1	5489.468067624	4
Simulation_484	1.813	0.047	0.023	2.412	0.778	484	0.05	12000	1000	1	500	111	1	0	1	0	1	1	-1	-1	-1	6114.00972018484	4
Simulation_485	2.819	0.092	0.096	1.157	0.326	485	0.05	12000	1000	1	500	111	1	0	1	0	1	1	-1	-1	-1	5744.13771292098	4
Simulation_486	2.316	0.024	0.132	1.784	0.1	486	0.05	12000	1000	1	500	111	1	0	1	0	1	1	-1	-1	-1	5566.33120380901	4
Simulation_487	1.31	0.069	0.06	0.529	0.552	487	0.05	12000	1000	1	500	111	1	0	1	1	1	0	0	-1	-1	3925.97354549033	3
Simulation_488	1.436	0.041	0.123	1.314	0.721	488	0.05	12000	1000	1	500	111	1	0	1	96	100	4	1	0.566511085180863	2	3925.97354549033	3
Simulation_489	2.442	0.086	0.05	2.569	0.269	489	0.05	12000	1000	1	500	111	1	0	1	0	1	1	-1	-1	-1	5253.79958759889	4
Simulation_490	2.945	0.018	0.014	0.686	0.495	490	0.05	12000	1000	1	500	111	1	0	1	0	1	1	-1	-1	-1	7186.72633105867	4
Simulation_491	1.939	0.064	0.087	1.941	0.947	491	0.05	12000	1000	1	500	111	1	0	1	8	8	0	0	-1	-1	4704.44828943885	4
Simulation_492	1.688	0.03	0.069	1.627	0.382	492	0.05	12000	1000	1	500	111	1	0	1	0	1	1	-1	-1	-1	3619.275574526	2
Simulation_493	2.694	0.075	0.141	2.882	0.834	493	0.05	12000	1000	1	500	111	1	0	1	21	23	2	1	0.00175029171528588	1	4619.86342926407	4
Simulation_494	2.191	0.052	0.105	1	0.608	494	0.05	12000	1000	1	500	111	1	0	1	0	1	1	-1	-1	-1	5750.37158842159	4
Simulation_495	1.185	0.098	0.032	2.255	0.156	495	0.05	12000	1000	1	500	111	0	111	1	1214	1214	0	1	0.900233372228705	1214	5151.61607717946	3
Simulation_496	1.122	0.049	0.055	1.863	0.467	496	0.05	12000	1000	1	500	111	1	0	1	0	1	1	-1	-1	-1	6633.01597496579	4
Simulation_497	2.128	0.095	0.128	0.608	0.919	497	0.05	12000	1000	1	500	111	1	0	1	1	1	0	0	-1	-1	2476.20689906604	2
Simulation_498	2.631	0.027	0.091	2.49	0.693	498	0.05	12000	1000	1	500	111	1	0	1	258	262	4	1	0.499416569428238	15	3841.49772102168	4
Simulation_499	1.625	0.072	0.019	1.235	0.241	499	0.05	12000	1000	1	500	111	1	0	1	980	980	0	1	0.729871645274212	93	2419.47246806205	2
Simulation_500	1.876	0.015	0.146	2.176	0.58	500	0.05	12000	1000	1	500	111	1	0	1	0	1	1	-1	-1	-1	6567.28281852087	4
