Sim_index	S	omega_T	sigma_e	disp_shape	disp_scale	seed	divergence_factor	max_species	max_coex_sp	start_species	init_ab	grid_cell_distance	finished	final_timestep	initial_nb_species	final_nb_species	sp_events	ex_events	exchanged	prop_col_area	div_col
Simulation_1	1.998	0.055	0.078	1.75	0.55	1	0.05	12000	1000	1	500	111	1	0	1	45	48	3	1	0.986534145559474	39
Simulation_2	2.501	0.032	0.114	1.123	0.776	2	0.05	12000	1000	1	500	111	1	0	1	3	3	0	1	0.209361974991985	3
Simulation_3	1.495	0.078	0.041	2.377	0.324	3	0.05	12000	1000	1	500	111	0	1	1	1576	1576	0	1	0.215453671048413	450
Simulation_4	1.747	0.044	0.096	0.809	0.889	4	0.05	12000	1000	1	500	111	1	0	1	1	1	0	1	-1	-1
Simulation_5	2.752	0.089	0.023	2.064	0.437	5	0.05	12000	1000	1	500	111	1	0	1	208	208	0	1	0.133696697659506	111
Simulation_6	2.25	0.021	0.059	1.436	0.211	6	0.05	12000	1000	1	500	111	1	0	1	0	1	1	-1	-1	-1
Simulation_7	1.244	0.066	0.132	2.691	0.663	7	0.05	12000	1000	1	500	111	0	140	1	1531	1531	0	1	0.468098749599231	515
Simulation_8	1.369	0.038	0.05	2.221	0.606	8	0.05	12000	1000	1	500	111	1	0	1	705	705	0	1	0.407502404616864	259
Simulation_9	2.375	0.083	0.123	0.966	0.155	9	0.05	12000	1000	1	500	111	1	0	1	82	82	0	1	0.116383456235973	39
Simulation_10	2.878	0.015	0.087	2.848	0.381	10	0.05	12000	1000	1	500	111	1	0	1	12	14	2	0	-1	-1
Simulation_11	1.872	0.061	0.014	1.593	0.832	11	0.05	12000	1000	1	500	111	1	0	1	109	109	0	1	0.772683552420648	49
Simulation_12	1.621	0.027	0.141	1.907	0.494	12	0.05	12000	1000	1	500	111	1	0	1	0	1	1	-1	-1	-1
Simulation_13	2.627	0.072	0.068	0.652	0.945	13	0.05	12000	1000	1	500	111	1	0	1	1	1	0	1	-1	-1
Simulation_14	2.124	0.049	0.032	2.534	0.719	14	0.05	12000	1000	1	500	111	1	0	1	65	65	0	1	0.978518756011542	56
Simulation_15	1.118	0.095	0.105	1.279	0.268	15	0.05	12000	1000	1	500	111	0	49	1	1455	1455	0	1	0.25585123436999	443
Simulation_16	1.181	0.052	0.128	1.515	0.352	16	0.05	12000	1000	1	500	111	0	16	1	2491	2493	2	1	0.480282141712087	1513
Simulation_17	2.187	0.097	0.055	2.77	0.804	17	0.05	12000	1000	1	500	111	1	0	1	317	317	0	1	0.323180506572619	188
Simulation_18	2.69	0.029	0.018	0.887	0.578	18	0.05	12000	1000	1	500	111	1	0	1	0	1	1	-1	-1	-1
Simulation_19	1.684	0.075	0.091	2.142	0.126	19	0.05	12000	1000	1	500	111	1	0	1	119	119	0	1	0.100673292722026	41
Simulation_20	1.935	0.018	0.073	1.201	0.691	20	0.05	12000	1000	1	500	111	1	0	1	0	1	1	-1	-1	-1
Simulation_21	2.941	0.063	0.146	2.456	0.239	21	0.05	12000	1000	1	500	111	1	0	1	4	4	0	1	0.0689323501122154	3
Simulation_22	2.438	0.041	0.109	0.574	0.465	22	0.05	12000	1000	1	500	111	1	0	1	4	5	1	1	0.273805706957358	4
Simulation_23	1.432	0.086	0.037	1.828	0.917	23	0.05	12000	1000	1	500	111	1	0	1	126	126	0	1	0.132734850913754	80
Simulation_24	1.306	0.024	0.082	2.613	0.861	24	0.05	12000	1000	1	500	111	0	25	1	1916	1947	31	1	0.130169926258416	613
Simulation_25	2.312	0.069	0.009	1.358	0.409	25	0.05	12000	1000	1	500	111	1	0	1	31	31	0	1	0.232766912471946	23
Simulation_26	2.815	0.046	0.046	1.985	0.183	26	0.05	12000	1000	1	500	111	1	0	1	34	34	0	1	0.167681949342738	22
Simulation_27	1.809	0.092	0.118	0.73	0.635	27	0.05	12000	1000	1	500	111	1	0	1	4	4	0	1	0.533183712728439	4
Simulation_28	1.558	0.035	0.027	2.926	0.296	28	0.05	12000	1000	1	500	111	1	0	1	2	2	0	0	-1	-1
Simulation_29	2.564	0.08	0.1	1.672	0.748	29	0.05	12000	1000	1	500	111	1	0	1	28	28	0	1	0.10612375761462	18
Simulation_30	2.061	0.012	0.137	2.299	0.974	30	0.05	12000	1000	1	500	111	1	0	1	0	1	1	-1	-1	-1
Simulation_31	1.055	0.058	0.064	1.044	0.522	31	0.05	12000	1000	1	500	111	0	146	1	1603	1604	1	1	0.750561077268355	465
Simulation_32	1.086	0.034	0.093	1.946	0.734	32	0.05	12000	1000	1	500	111	1	0	1	0	1	1	-1	-1	-1
Simulation_33	2.092	0.079	0.021	0.691	0.282	33	0.05	12000	1000	1	500	111	1	0	1	240	240	0	1	0.594100673292722	135
Simulation_34	2.595	0.011	0.057	2.574	0.508	34	0.05	12000	1000	1	500	111	1	0	1	0	1	1	-1	-1	-1
Simulation_35	1.589	0.056	0.13	1.319	0.959	35	0.05	12000	1000	1	500	111	1	0	1	2	2	0	1	0.0644437319653735	2
Simulation_36	1.841	0.022	0.039	2.26	0.395	36	0.05	12000	1000	1	500	111	1	0	1	7	7	0	0	-1	-1
Simulation_37	2.847	0.068	0.112	1.005	0.846	37	0.05	12000	1000	1	500	111	1	0	1	3	3	0	1	0.484450144277012	3
Simulation_38	2.344	0.045	0.148	2.887	0.621	38	0.05	12000	1000	1	500	111	1	0	1	1638	1638	0	1	0.458800897723629	300
Simulation_39	1.338	0.09	0.075	1.632	0.169	39	0.05	12000	1000	1	500	111	0	113	1	1157	1157	0	1	0.15678101955755	386
Simulation_40	1.464	0.017	0.121	0.848	0.225	40	0.05	12000	1000	1	500	111	1	0	1	0	1	1	-1	-1	-1
Simulation_41	2.47	0.062	0.048	2.103	0.677	41	0.05	12000	1000	1	500	111	1	0	1	60	60	0	1	0.934915036870792	30
Simulation_42	2.972	0.039	0.012	1.475	0.903	42	0.05	12000	1000	1	500	111	1	0	1	31	31	0	1	0.558512343699904	18
Simulation_43	1.967	0.085	0.084	2.73	0.451	43	0.05	12000	1000	1	500	111	0	3	1	1144	1144	0	1	0.158704713049054	524
Simulation_44	1.715	0.051	0.066	0.534	0.79	44	0.05	12000	1000	1	500	111	1	0	1	5	5	0	1	0.525488938762424	5
Simulation_45	2.721	0.096	0.139	1.789	0.338	45	0.05	12000	1000	1	500	111	1	0	1	19	19	0	1	0.137544084642514	12
Simulation_46	2.218	0.028	0.103	1.162	0.112	46	0.05	12000	1000	1	500	111	1	0	1	1	1	0	0	-1	-1
Simulation_47	1.212	0.073	0.03	2.417	0.564	47	0.05	12000	1000	1	500	111	0	84	1	1388	1388	0	1	0.31131773004168	588
Simulation_48	1.149	0.031	0.043	2.966	0.988	48	0.05	12000	1000	1	500	111	0	9	1	1783	1785	2	1	0.970182750881693	1695
Simulation_49	2.155	0.076	0.116	1.711	0.536	49	0.05	12000	1000	1	500	111	1	0	1	616	616	0	1	0.945495351074062	313
Simulation_50	2.658	0.053	0.08	2.338	0.31	50	0.05	12000	1000	1	500	111	1	0	1	1	1	0	0	-1	-1
Simulation_51	1.652	0.099	0.007	1.083	0.762	51	0.05	12000	1000	1	500	111	1	0	1	10	10	0	1	0.150368707919205	7
Simulation_52	1.904	0.042	0.134	2.652	0.197	52	0.05	12000	1000	1	500	111	1	0	1	170	170	0	1	0.183712728438602	147
Simulation_53	2.91	0.087	0.062	1.397	0.649	53	0.05	12000	1000	1	500	111	1	0	1	23	23	0	1	0.12504007694774	16
Simulation_54	2.407	0.02	0.025	2.025	0.875	54	0.05	12000	1000	1	500	111	1	0	1	170	171	1	1	0.103879448541199	136
Simulation_55	1.401	0.065	0.098	0.77	0.423	55	0.05	12000	1000	1	500	111	1	0	1	335	339	4	1	0.994549535107406	210
Simulation_56	1.275	0.048	0.016	1.24	0.479	56	0.05	12000	1000	1	500	111	0	55	1	2701	2701	0	1	1	1427
Simulation_57	2.281	0.093	0.089	2.495	0.931	57	0.05	12000	1000	1	500	111	1	0	1	10	10	0	1	0.441808271882013	10
Simulation_58	2.784	0.025	0.125	0.613	0.705	58	0.05	12000	1000	1	500	111	1	0	1	1	1	0	1	-1	-1
Simulation_59	1.778	0.07	0.052	1.868	0.254	59	0.05	12000	1000	1	500	111	0	43	1	1543	1543	0	1	0.144277011862777	447
Simulation_60	1.527	0.014	0.107	1.554	0.592	60	0.05	12000	1000	1	500	111	1	0	1	1569	1669	100	0	-1	-1
Simulation_61	2.532	0.059	0.034	2.809	0.141	61	0.05	12000	1000	1	500	111	1	0	1	7	7	0	1	0.189163193331196	5
Simulation_62	2.029	0.037	0.071	0.926	0.366	62	0.05	12000	1000	1	500	111	1	0	1	96	97	1	1	0.958319974350753	91
Simulation_63	1.024	0.082	0.143	2.181	0.818	63	0.05	12000	1000	1	500	111	0	131	1	1239	1244	5	1	0.962487976915678	524
Simulation_64	1.039	0.046	0.07	2.515	0.289	64	0.05	12000	1000	1	500	111	0	43	1	1674	1675	1	1	0.209682590573902	1546
Simulation_65	2.045	0.091	0.142	1.26	0.741	65	0.05	12000	1000	1	500	111	1	0	1	8	8	0	1	0.130490541840333	6
Simulation_66	2.548	0.023	0.106	1.887	0.966	66	0.05	12000	1000	1	500	111	1	0	1	84	87	3	0	-1	-1
Simulation_67	1.542	0.068	0.033	0.632	0.515	67	0.05	12000	1000	1	500	111	1	0	1	1	1	0	1	-1	-1
Simulation_68	1.794	0.012	0.124	2.828	0.854	68	0.05	12000	1000	1	500	111	1	0	1	0	1	1	-1	-1	-1
Simulation_69	2.8	0.057	0.051	1.574	0.402	69	0.05	12000	1000	1	500	111	1	0	1	158	158	0	1	0.443731965373517	79
Simulation_70	2.297	0.034	0.015	2.201	0.176	70	0.05	12000	1000	1	500	111	1	0	1	3	3	0	0	-1	-1
Simulation_71	1.291	0.08	0.088	0.946	0.628	71	0.05	12000	1000	1	500	111	1	0	1	141	141	0	1	0.884257774927862	103
Simulation_72	1.417	0.029	0.024	1.73	0.684	72	0.05	12000	1000	1	500	111	1	0	1	1673	1699	26	1	0.966655979480603	1202
Simulation_73	2.422	0.074	0.097	2.985	0.232	73	0.05	12000	1000	1	500	111	1	0	1	1	1	0	1	-1	-1
Simulation_74	2.925	0.051	0.133	1.103	0.458	74	0.05	12000	1000	1	500	111	1	0	1	73	73	0	1	0.755690926579032	30
Simulation_75	1.919	0.097	0.06	2.358	0.91	75	0.05	12000	1000	1	500	111	1	0	1	55	55	0	1	0.539916639948702	36
Simulation_76	1.668	0.04	0.079	1.417	0.345	76	0.05	12000	1000	1	500	111	0	64	1	4406	4410	4	1	0.230522603398525	102
Simulation_77	2.674	0.085	0.006	2.672	0.797	77	0.05	12000	1000	1	500	111	1	0	1	209	209	0	1	0.124719461365822	95
Simulation_78	2.171	0.017	0.042	0.789	0.571	78	0.05	12000	1000	1	500	111	1	0	1	37	37	0	1	0.641872394998397	37
Simulation_79	1.165	0.063	0.115	2.044	0.119	79	0.05	12000	1000	1	500	111	1	0	1	1	1	0	0	-1	-1
Simulation_80	1.228	0.02	0.101	2.123	0.543	80	0.05	12000	1000	1	500	111	1	0	1	0	1	1	-1	-1	-1
Simulation_81	2.234	0.066	0.029	0.868	0.995	81	0.05	12000	1000	1	500	111	1	0	1	1	1	0	1	-1	-1
Simulation_82	2.737	0.043	0.065	2.75	0.769	82	0.05	12000	1000	1	500	111	1	0	1	463	464	1	1	0.935876883616544	89
Simulation_83	1.731	0.088	0.138	1.495	0.317	83	0.05	12000	1000	1	500	111	0	46	1	1323	1323	0	1	0.15806348188522	497
Simulation_84	1.982	0.054	0.01	1.809	0.656	84	0.05	12000	1000	1	500	111	1	0	1	591	591	0	1	0.995831997435075	181
Simulation_85	2.988	0.099	0.083	0.554	0.204	85	0.05	12000	1000	1	500	111	1	0	1	10	10	0	1	0.762744469381212	10
Simulation_86	2.485	0.032	0.12	2.436	0.43	86	0.05	12000	1000	1	500	111	1	0	1	1	1	0	0	-1	-1
Simulation_87	1.479	0.077	0.047	1.181	0.882	87	0.05	12000	1000	1	500	111	1	0	1	30	30	0	1	0.118307149727477	24
Simulation_88	1.354	0.037	0.147	0.711	0.938	88	0.05	12000	1000	1	500	111	1	0	1	1	1	0	1	-1	-1
Simulation_89	2.36	0.082	0.074	1.966	0.486	89	0.05	12000	1000	1	500	111	1	0	1	931	931	0	1	0.133376082077589	458
Simulation_90	2.862	0.015	0.038	1.338	0.261	90	0.05	12000	1000	1	500	111	1	0	1	0	1	1	-1	-1	-1
Simulation_91	1.857	0.06	0.11	2.593	0.712	91	0.05	12000	1000	1	500	111	1	0	1	2	2	0	1	0.140750240461686	2
Simulation_92	1.605	0.026	0.056	1.025	0.148	92	0.05	12000	1000	1	500	111	1	0	1	47	47	0	1	0.0269317088810516	2
Simulation_93	2.611	0.071	0.129	2.279	0.599	93	0.05	12000	1000	1	500	111	1	0	1	2	2	0	1	0.0926579031740943	2
Simulation_94	2.108	0.049	0.092	1.652	0.825	94	0.05	12000	1000	1	500	111	1	0	1	15	15	0	1	0.775889708239821	15
Simulation_95	1.102	0.094	0.02	2.907	0.374	95	0.05	12000	1000	1	500	111	0	144	1	1335	1335	0	1	0.164155177941648	404
Simulation_96	1.071	0.022	0.14	1.377	0.557	96	0.05	12000	1000	1	500	111	0	123	1	2421	2555	134	1	0.143315165117025	658
Simulation_97	2.077	0.067	0.067	2.632	0.105	97	0.05	12000	1000	1	500	111	1	0	1	27	27	0	1	0.0830394357165758	14
Simulation_98	2.58	0.044	0.031	0.75	0.331	98	0.05	12000	1000	1	500	111	1	0	1	43	44	1	1	0.882975312600192	28
Simulation_99	1.574	0.09	0.104	2.005	0.783	99	0.05	12000	1000	1	500	111	1	0	1	910	910	0	1	0.57197819814043	504
Simulation_100	1.825	0.033	0.049	1.691	0.444	100	0.05	12000	1000	1	500	111	1	0	1	744	746	2	1	0.154857326066047	93
Simulation_101	2.831	0.078	0.122	2.946	0.896	101	0.05	12000	1000	1	500	111	1	0	1	60	60	0	1	0.653414555947419	40
Simulation_102	2.328	0.01	0.085	1.064	0.67	102	0.05	12000	1000	1	500	111	1	0	1	0	1	1	-1	-1	-1
Simulation_103	1.322	0.056	0.013	2.319	0.218	103	0.05	12000	1000	1	500	111	1	0	1	259	259	0	1	0.191407502404617	106
Simulation_104	1.448	0.05	0.113	2.789	0.162	104	0.05	12000	1000	1	500	111	1	0	1	1	1	0	0	-1	-1
Simulation_105	2.454	0.095	0.04	1.534	0.614	105	0.05	12000	1000	1	500	111	1	0	1	22	22	0	1	0.132734850913754	14
Simulation_106	2.957	0.027	0.076	2.162	0.839	106	0.05	12000	1000	1	500	111	1	0	1	140	141	1	1	0.00833600512984931	2
Simulation_107	1.951	0.073	0.149	0.907	0.388	107	0.05	12000	1000	1	500	111	1	0	1	94	95	1	1	0.790958640589933	56
Simulation_108	1.699	0.016	0.022	2.475	0.952	108	0.05	12000	1000	1	500	111	1	0	1	23	25	2	0	-1	-1
Simulation_109	2.705	0.061	0.095	1.221	0.501	109	0.05	12000	1000	1	500	111	1	0	1	89	90	1	1	0.718499519076627	53
Simulation_110	2.202	0.039	0.131	1.848	0.275	110	0.05	12000	1000	1	500	111	1	0	1	95	95	0	1	0.174735492144918	67
Simulation_111	1.196	0.084	0.058	0.593	0.726	111	0.05	12000	1000	1	500	111	1	0	1	9	9	0	1	0.63674254568772	9
Simulation_112	1.134	0.041	0.035	0.985	0.811	112	0.05	12000	1000	1	500	111	1	0	1	395	396	1	1	0.897082398204553	187
Simulation_113	2.139	0.087	0.108	2.24	0.359	113	0.05	12000	1000	1	500	111	1	0	1	1	1	0	0	-1	-1
Simulation_114	2.642	0.019	0.145	1.613	0.134	114	0.05	12000	1000	1	500	111	1	0	1	0	1	1	-1	-1	-1
Simulation_115	1.637	0.064	0.072	2.868	0.585	115	0.05	12000	1000	1	500	111	0	123	1	1954	1954	0	1	0.415517794164796	610
Simulation_116	1.888	0.03	0.09	0.672	0.246	116	0.05	12000	1000	1	500	111	1	0	1	1522	1534	12	1	0.431227957678743	116
Simulation_117	2.894	0.075	0.017	1.926	0.698	117	0.05	12000	1000	1	500	111	1	0	1	96	96	0	1	0.154216094902212	45
Simulation_118	2.391	0.053	0.054	1.299	0.924	118	0.05	12000	1000	1	500	111	1	0	1	8	8	0	1	0.0628406540557871	4
Simulation_119	1.385	0.098	0.126	2.554	0.472	119	0.05	12000	1000	1	500	111	0	22	1	1252	1252	0	1	0.163513946777813	526
Simulation_120	1.259	0.013	0.063	1.77	0.416	120	0.05	12000	1000	1	500	111	1	0	1	0	1	1	-1	-1	-1
Simulation_121	2.265	0.058	0.136	0.515	0.868	121	0.05	12000	1000	1	500	111	1	0	1	1	1	0	1	-1	-1
Simulation_122	2.768	0.036	0.099	2.397	0.642	122	0.05	12000	1000	1	500	111	1	0	1	105	105	0	1	0.788393715934594	93
Simulation_123	1.762	0.081	0.026	1.142	0.19	123	0.05	12000	1000	1	500	111	1	0	1	12	12	0	1	0.206155819172812	7
Simulation_124	1.511	0.047	0.117	2.083	0.755	124	0.05	12000	1000	1	500	111	0	119	1	2256	2262	6	1	0.5825585123437	375
Simulation_125	2.517	0.092	0.045	0.828	0.303	125	0.05	12000	1000	1	500	111	1	0	1	60	60	0	1	0.43283103558833	35
Simulation_126	2.014	0.024	0.008	2.711	0.529	126	0.05	12000	1000	1	500	111	1	0	1	21	21	0	0	-1	-1
Simulation_127	1.008	0.07	0.081	1.456	0.981	127	0.05	12000	1000	1	500	111	1	0	1	258	261	3	1	0.931067649887785	143
Simulation_128	1.016	0.04	0.119	2.858	0.518	128	0.05	12000	1000	1	500	111	0	107	1	1656	1659	3	1	0.236934915036871	1582
Simulation_129	2.022	0.085	0.046	1.603	0.97	129	0.05	12000	1000	1	500	111	1	0	1	3	3	0	1	0.132734850913754	3
Simulation_130	2.525	0.017	0.01	2.23	0.744	130	0.05	12000	1000	1	500	111	1	0	1	0	1	1	-1	-1	-1
Simulation_131	1.519	0.062	0.083	0.975	0.292	131	0.05	12000	1000	1	500	111	0	77	1	1407	1407	0	1	0.398204552741263	561
Simulation_132	1.77	0.028	0.064	2.544	0.631	132	0.05	12000	1000	1	500	111	1	0	1	400	401	1	1	0.0298172491183071	6
Simulation_133	2.776	0.074	0.137	1.289	0.179	133	0.05	12000	1000	1	500	111	1	0	1	57	57	0	1	0.12856684834883	28
Simulation_134	2.273	0.051	0.101	1.917	0.405	134	0.05	12000	1000	1	500	111	1	0	1	15	15	0	1	0.180185957037512	10
Simulation_135	1.267	0.096	0.028	0.662	0.857	135	0.05	12000	1000	1	500	111	1	0	1	2	2	0	1	0.621673613337608	2
Simulation_136	1.393	0.011	0.092	1.132	0.914	136	0.05	12000	1000	1	500	111	1	0	1	0	1	1	-1	-1	-1
Simulation_137	2.399	0.057	0.019	2.387	0.462	137	0.05	12000	1000	1	500	111	1	0	1	84	84	0	1	0.345302981724912	56
Simulation_138	2.902	0.034	0.055	0.505	0.236	138	0.05	12000	1000	1	500	111	1	0	1	3	3	0	1	0.326386662391792	3
Simulation_139	1.896	0.079	0.128	1.76	0.688	139	0.05	12000	1000	1	500	111	1	0	1	49	49	0	1	0.404937479961526	26
Simulation_140	1.644	0.045	0.037	1.446	0.123	140	0.05	12000	1000	1	500	111	1	0	1	405	405	0	1	0.199422891952549	382
Simulation_141	2.65	0.091	0.11	2.701	0.575	141	0.05	12000	1000	1	500	111	1	0	1	29	29	0	1	0.133055466495672	18
Simulation_142	2.147	0.023	0.146	0.819	0.801	142	0.05	12000	1000	1	500	111	1	0	1	0	1	1	-1	-1	-1
Simulation_143	1.141	0.068	0.074	2.074	0.349	143	0.05	12000	1000	1	500	111	0	102	1	1538	1538	0	1	0.218018595703751	356
Simulation_144	1.204	0.026	0.014	1.995	0.321	144	0.05	12000	1000	1	500	111	1	0	1	59	60	1	0	-1	-1
Simulation_145	2.21	0.071	0.087	0.74	0.772	145	0.05	12000	1000	1	500	111	1	0	1	1	1	0	1	-1	-1
Simulation_146	2.713	0.048	0.124	2.623	0.998	146	0.05	12000	1000	1	500	111	1	0	1	0	1	1	-1	-1	-1
Simulation_147	1.707	0.093	0.051	1.368	0.546	147	0.05	12000	1000	1	500	111	1	0	1	652	652	0	1	0.696697659506252	352
Simulation_148	1.959	0.037	0.105	2.309	0.885	148	0.05	12000	1000	1	500	111	1	0	1	90	91	1	1	0.533824943892273	49
Simulation_149	2.965	0.082	0.033	1.054	0.434	149	0.05	12000	1000	1	500	111	1	0	1	57	57	0	1	0.115100993908304	29
Simulation_150	2.462	0.014	0.069	2.936	0.208	150	0.05	12000	1000	1	500	111	1	0	1	13	20	7	0	-1	-1
Simulation_151	1.456	0.06	0.142	1.681	0.659	151	0.05	12000	1000	1	500	111	1	0	1	6	6	0	1	0.151009939083039	6
Simulation_152	1.33	0.054	0.042	0.897	0.716	152	0.05	12000	1000	1	500	111	1	0	1	45	45	0	1	0.595383135620391	28
Simulation_153	2.336	0.099	0.114	2.152	0.264	153	0.05	12000	1000	1	500	111	1	0	1	86	86	0	1	0.140750240461686	60
Simulation_154	2.839	0.031	0.078	1.525	0.49	154	0.05	12000	1000	1	500	111	1	0	1	64	65	1	1	0.151651170246874	42
Simulation_155	1.833	0.076	0.005	2.779	0.942	155	0.05	12000	1000	1	500	111	1	0	1	87	87	0	1	0.237255530618788	32
Simulation_156	1.582	0.02	0.133	0.583	0.377	156	0.05	12000	1000	1	500	111	1	0	1	7	8	1	1	0.314203270278936	7
Simulation_157	2.587	0.065	0.06	1.838	0.829	157	0.05	12000	1000	1	500	111	1	0	1	22	22	0	1	0.0884899006091696	12
Simulation_158	2.084	0.043	0.023	1.211	0.603	158	0.05	12000	1000	1	500	111	1	0	1	2224	2225	1	1	0.991663994870151	493
Simulation_159	1.079	0.088	0.096	2.466	0.151	159	0.05	12000	1000	1	500	111	1	0	1	1	1	0	0	-1	-1
Simulation_160	1.11	0.016	0.053	1.485	0.786	160	0.05	12000	1000	1	500	111	1	0	1	0	1	1	-1	-1	-1
Simulation_161	2.116	0.061	0.126	2.74	0.335	161	0.05	12000	1000	1	500	111	1	0	1	1	1	0	0	-1	-1
Simulation_162	2.619	0.038	0.089	0.858	0.109	162	0.05	12000	1000	1	500	111	1	0	1	39	39	0	1	0.164475793523565	34
Simulation_163	1.613	0.084	0.017	2.113	0.561	163	0.05	12000	1000	1	500	111	1	0	1	1	1	0	1	-1	-1
Simulation_164	1.864	0.05	0.144	1.172	0.222	164	0.05	12000	1000	1	500	111	1	0	1	60	60	0	1	0.285027252324463	46
Simulation_165	2.87	0.095	0.071	2.426	0.674	165	0.05	12000	1000	1	500	111	1	0	1	193	193	0	1	0.141712087207438	117
Simulation_166	2.367	0.027	0.035	0.544	0.899	166	0.05	12000	1000	1	500	111	1	0	1	1	1	0	1	-1	-1
Simulation_167	1.361	0.072	0.108	1.799	0.448	167	0.05	12000	1000	1	500	111	0	40	1	1436	1436	0	1	0.274446938121193	502
Simulation_168	1.487	0.033	0.008	2.583	0.391	168	0.05	12000	1000	1	500	111	1	0	1	10	10	0	0	-1	-1
Simulation_169	2.493	0.078	0.08	1.328	0.843	169	0.05	12000	1000	1	500	111	1	0	1	7	7	0	1	0.348188521962167	7
Simulation_170	2.996	0.01	0.117	1.956	0.617	170	0.05	12000	1000	1	500	111	1	0	1	4	8	4	0	-1	-1
Simulation_171	1.99	0.055	0.044	0.701	0.165	171	0.05	12000	1000	1	500	111	1	0	1	311	311	0	1	0.986854761141391	195
Simulation_172	1.739	0.021	0.099	2.897	0.73	172	0.05	12000	1000	1	500	111	1	0	1	0	1	1	-1	-1	-1
Simulation_173	2.745	0.067	0.026	1.642	0.278	173	0.05	12000	1000	1	500	111	1	0	1	59	59	0	1	0.0843218980442449	24
Simulation_174	2.242	0.044	0.062	2.27	0.504	174	0.05	12000	1000	1	500	111	1	0	1	190	190	0	1	0.488938762423854	107
Simulation_175	1.236	0.089	0.135	1.015	0.956	175	0.05	12000	1000	1	500	111	1	0	1	1	1	0	1	-1	-1
Simulation_176	1.173	0.047	0.085	0.623	0.589	176	0.05	12000	1000	1	500	111	1	0	1	7	7	0	1	0.291439563962809	6
Simulation_177	2.179	0.092	0.012	1.877	0.137	177	0.05	12000	1000	1	500	111	0	83	1	1264	1265	1	1	0.159666559794806	582
Simulation_178	2.682	0.024	0.048	1.25	0.363	178	0.05	12000	1000	1	500	111	1	0	1	0	1	1	-1	-1	-1
Simulation_179	1.676	0.069	0.121	2.505	0.815	179	0.05	12000	1000	1	500	111	1	0	1	207	207	0	1	0.808271882013466	114
Simulation_180	1.927	0.013	0.03	0.936	0.476	180	0.05	12000	1000	1	500	111	1	0	1	0	1	1	-1	-1	-1
Simulation_181	2.933	0.058	0.103	2.191	0.928	181	0.05	12000	1000	1	500	111	1	0	1	11	11	0	1	0.0708560436037191	7
Simulation_182	2.43	0.035	0.139	1.564	0.702	182	0.05	12000	1000	1	500	111	1	0	1	223	223	0	1	0.218018595703751	37
Simulation_183	1.424	0.081	0.067	2.819	0.25	183	0.05	12000	1000	1	500	111	0	126	1	1352	1353	1	1	0.160307790958641	439
Simulation_184	1.299	0.03	0.13	2.348	0.194	184	0.05	12000	1000	1	500	111	1	0	1	10	11	1	0	-1	-1
Simulation_185	2.305	0.075	0.058	1.093	0.645	185	0.05	12000	1000	1	500	111	1	0	1	15	15	0	1	0.0997114459762744	8
Simulation_186	2.807	0.052	0.021	2.975	0.871	186	0.05	12000	1000	1	500	111	1	0	1	161	161	0	1	0.987175376723309	47
Simulation_187	1.802	0.098	0.094	1.721	0.419	187	0.05	12000	1000	1	500	111	1	0	1	454	454	0	1	0.143635780698942	244
Simulation_188	1.55	0.041	0.076	2.034	0.984	188	0.05	12000	1000	1	500	111	1	0	1	12	12	0	1	0.524527092016672	12
Simulation_189	2.556	0.086	0.149	0.779	0.532	189	0.05	12000	1000	1	500	111	1	0	1	1	1	0	1	-1	-1
Simulation_190	2.053	0.018	0.112	2.662	0.306	190	0.05	12000	1000	1	500	111	1	0	1	0	1	1	-1	-1	-1
Simulation_191	1.047	0.064	0.039	1.407	0.758	191	0.05	12000	1000	1	500	111	0	83	1	1488	1488	0	1	0.992625841615903	477
Simulation_192	1.031	0.028	0.111	1.113	0.328	192	0.05	12000	1000	1	500	111	1	0	1	0	1	1	-1	-1	-1
Simulation_193	2.037	0.073	0.038	2.368	0.779	193	0.05	12000	1000	1	500	111	1	0	1	334	334	0	1	0.570054504648926	172
Simulation_194	2.54	0.05	0.075	1.74	0.554	194	0.05	12000	1000	1	500	111	1	0	1	319	319	0	1	0.983327989740301	82
Simulation_195	1.534	0.096	0.147	2.995	0.102	195	0.05	12000	1000	1	500	111	1	0	1	75	75	0	1	0.1391471625521	42
Simulation_196	1.786	0.039	0.02	0.799	0.666	196	0.05	12000	1000	1	500	111	1	0	1	8	9	1	1	0.152613016992626	6
Simulation_197	2.792	0.084	0.093	2.054	0.215	197	0.05	12000	1000	1	500	111	1	0	1	53	53	0	1	0.1131773004168	21
Simulation_198	2.289	0.016	0.129	1.426	0.441	198	0.05	12000	1000	1	500	111	1	0	1	0	1	1	-1	-1	-1
Simulation_199	1.283	0.062	0.056	2.681	0.892	199	0.05	12000	1000	1	500	111	0	89	1	1480	1480	0	1	0.982686758576467	460
Simulation_200	1.409	0.045	0.138	1.897	0.836	200	0.05	12000	1000	1	500	111	1	0	1	26	27	1	1	0.755690926579032	26
Simulation_201	2.415	0.09	0.066	0.642	0.384	201	0.05	12000	1000	1	500	111	1	0	1	3	3	0	1	0.564604039756332	3
Simulation_202	2.917	0.022	0.029	2.525	0.158	202	0.05	12000	1000	1	500	111	1	0	1	5	5	0	0	-1	-1
Simulation_203	1.912	0.067	0.102	1.27	0.61	203	0.05	12000	1000	1	500	111	1	0	1	71	71	0	1	0.852516832318051	38
Simulation_204	1.66	0.011	0.047	2.211	0.271	204	0.05	12000	1000	1	500	111	1	0	1	0	1	1	-1	-1	-1
Simulation_205	2.666	0.056	0.12	0.956	0.723	205	0.05	12000	1000	1	500	111	1	0	1	1	1	0	1	-1	-1
Simulation_206	2.163	0.033	0.084	2.838	0.949	206	0.05	12000	1000	1	500	111	1	0	1	63	63	0	1	0.484770759858929	41
Simulation_207	1.157	0.079	0.011	1.583	0.497	207	0.05	12000	1000	1	500	111	0	144	1	1648	1650	2	1	0.238537992946457	459
Simulation_208	1.22	0.036	0.061	1.348	0.13	208	0.05	12000	1000	1	500	111	1	0	1	20	20	0	1	0.150689323501122	18
Simulation_209	2.226	0.081	0.134	2.603	0.582	209	0.05	12000	1000	1	500	111	1	0	1	311	311	0	1	0.11670407181789	142
Simulation_210	2.729	0.014	0.097	0.721	0.808	210	0.05	12000	1000	1	500	111	1	0	1	3	5	2	1	0.100352677140109	3
Simulation_211	1.723	0.059	0.025	1.975	0.356	211	0.05	12000	1000	1	500	111	1	0	1	285	285	0	1	0.232125681308112	144
Simulation_212	1.974	0.025	0.116	1.662	0.921	212	0.05	12000	1000	1	500	111	1	0	1	6	6	0	1	0.074062199422892	6
Simulation_213	2.98	0.07	0.043	2.917	0.469	213	0.05	12000	1000	1	500	111	1	0	1	6	6	0	1	0.0827188201346585	3
Simulation_214	2.477	0.047	0.006	1.034	0.243	214	0.05	12000	1000	1	500	111	1	0	1	148	149	1	1	0.803783263866624	56
Simulation_215	1.472	0.093	0.079	2.289	0.695	215	0.05	12000	1000	1	500	111	0	66	1	1163	1163	0	1	0.167040718178904	473
Simulation_216	1.346	0.019	0.034	2.76	0.638	216	0.05	12000	1000	1	500	111	1	0	1	465	471	6	0	-1	-1
Simulation_217	2.352	0.064	0.106	1.505	0.186	217	0.05	12000	1000	1	500	111	1	0	1	38	38	0	1	0.127925617184995	19
Simulation_218	2.855	0.042	0.143	2.132	0.412	218	0.05	12000	1000	1	500	111	1	0	1	22	22	0	1	0.167040718178904	16
Simulation_219	1.849	0.087	0.07	0.877	0.864	219	0.05	12000	1000	1	500	111	1	0	1	1	1	0	1	-1	-1
Simulation_220	1.597	0.053	0.088	2.446	0.525	220	0.05	12000	1000	1	500	111	1	0	1	326	326	0	1	0.506893235011222	222
Simulation_221	2.603	0.098	0.016	1.191	0.977	221	0.05	12000	1000	1	500	111	1	0	1	1	1	0	1	-1	-1
Simulation_222	2.1	0.031	0.052	1.819	0.751	222	0.05	12000	1000	1	500	111	1	0	1	0	1	1	-1	-1	-1
Simulation_223	1.094	0.076	0.125	0.564	0.299	223	0.05	12000	1000	1	500	111	1	0	1	4	5	1	1	0.577428663033023	4
Simulation_224	1.063	0.052	0.027	2.172	0.963	224	0.05	12000	1000	1	500	111	0	86	1	2035	2037	2	1	0.96697659506252	326
Simulation_225	2.069	0.097	0.1	0.917	0.511	225	0.05	12000	1000	1	500	111	1	0	1	22	22	0	1	0.969862135299776	18
Simulation_226	2.572	0.029	0.136	2.799	0.285	226	0.05	12000	1000	1	500	111	1	0	1	1	1	0	0	-1	-1
Simulation_227	1.566	0.074	0.063	1.544	0.737	227	0.05	12000	1000	1	500	111	1	0	1	256	256	0	1	0.247515229240141	121
Simulation_228	1.817	0.018	0.081	1.858	0.172	228	0.05	12000	1000	1	500	111	1	0	1	0	1	1	-1	-1	-1
Simulation_229	2.823	0.063	0.009	0.603	0.624	229	0.05	12000	1000	1	500	111	1	0	1	1	1	0	1	-1	-1
Simulation_230	2.32	0.04	0.045	2.485	0.85	230	0.05	12000	1000	1	500	111	1	0	1	78	78	0	1	0.993908303943572	78
Simulation_231	1.314	0.086	0.118	1.23	0.398	231	0.05	12000	1000	1	500	111	0	138	1	1254	1255	1	1	0.462968900288554	480
Simulation_232	1.44	0.023	0.072	0.76	0.455	232	0.05	12000	1000	1	500	111	1	0	1	213	213	0	1	0.944854119910228	213
Simulation_233	2.446	0.069	0.145	2.015	0.906	233	0.05	12000	1000	1	500	111	1	0	1	1	2	1	1	0.0734209682590574	-1
Simulation_234	2.949	0.046	0.109	1.387	0.681	234	0.05	12000	1000	1	500	111	1	0	1	7	7	0	1	0.72875921769798	7
Simulation_235	1.943	0.091	0.036	2.642	0.229	235	0.05	12000	1000	1	500	111	1	0	1	667	667	0	1	0.137544084642514	327
Simulation_236	1.692	0.035	0.127	1.074	0.568	236	0.05	12000	1000	1	500	111	1	0	1	121	121	0	1	0.952548893876242	119
Simulation_237	2.697	0.08	0.054	2.328	0.116	237	0.05	12000	1000	1	500	111	1	0	1	338	338	0	1	0.117665918563642	178
Simulation_238	2.194	0.012	0.018	1.701	0.342	238	0.05	12000	1000	1	500	111	1	0	1	87	91	4	0	-1	-1
Simulation_239	1.189	0.057	0.091	2.956	0.794	239	0.05	12000	1000	1	500	111	1	0	1	99	99	0	1	1	86
Simulation_240	1.126	0.015	0.15	2.407	0.765	240	0.05	12000	1000	1	500	111	0	210	1	2310	2415	105	0	-1	-1
Simulation_241	2.132	0.06	0.077	1.152	0.314	241	0.05	12000	1000	1	500	111	1	0	1	210	210	0	1	0.565886502084001	121
Simulation_242	2.635	0.038	0.041	1.779	0.539	242	0.05	12000	1000	1	500	111	1	0	1	41	41	0	1	0.285027252324463	31
Simulation_243	1.629	0.083	0.113	0.525	0.991	243	0.05	12000	1000	1	500	111	1	0	1	12	12	0	1	0.837447899967938	12
Simulation_244	1.88	0.049	0.059	2.721	0.426	244	0.05	12000	1000	1	500	111	1	0	1	1610	1610	0	1	0.197178582879128	374
Simulation_245	2.886	0.094	0.132	1.466	0.878	245	0.05	12000	1000	1	500	111	1	0	1	1	1	0	1	-1	-1
Simulation_246	2.383	0.026	0.095	2.093	0.652	246	0.05	12000	1000	1	500	111	1	0	1	0	1	1	-1	-1	-1
Simulation_247	1.377	0.072	0.022	0.838	0.201	247	0.05	12000	1000	1	500	111	0	183	1	1544	1545	1	1	0.137223469060596	519
Simulation_248	1.251	0.043	0.104	1.623	0.257	248	0.05	12000	1000	1	500	111	0	11	1	1377	1377	0	1	0.212568130811157	1281
Simulation_249	2.257	0.089	0.031	2.877	0.709	249	0.05	12000	1000	1	500	111	0	34	1	1135	1135	0	1	0.15678101955755	509
Simulation_250	2.76	0.021	0.068	0.995	0.935	250	0.05	12000	1000	1	500	111	1	0	1	7	7	0	1	0.249438922731645	7
Simulation_251	1.754	0.066	0.141	2.25	0.483	251	0.05	12000	1000	1	500	111	1	0	1	128	128	0	1	0.205835203590895	61
Simulation_252	1.503	0.032	0.013	1.309	0.822	252	0.05	12000	1000	1	500	111	1	0	1	63	64	1	1	0.807310035267714	61
Simulation_253	2.509	0.077	0.086	2.564	0.37	253	0.05	12000	1000	1	500	111	1	0	1	11	11	0	1	0.105161910868868	5
Simulation_254	2.006	0.055	0.122	0.681	0.144	254	0.05	12000	1000	1	500	111	1	0	1	50	50	0	1	0.69926258416159	34
Simulation_255	1	0.1	0.05	1.936	0.596	255	0.05	12000	1000	1	500	111	0	154	1	1252	1253	1	1	0.270278935556268	427
Simulation_256	1.004	0.055	0.1	1.206	0.852	256	0.05	12000	1000	1	500	111	1	0	1	116	118	2	1	0.50240461686438	66
Simulation_257	2.01	0.1	0.027	2.461	0.4	257	0.05	12000	1000	1	500	111	1	0	1	165	165	0	1	0.193651811478038	78
Simulation_258	2.513	0.032	0.064	0.578	0.174	258	0.05	12000	1000	1	500	111	1	0	1	64	64	0	1	0.973068291118948	56
Simulation_259	1.507	0.077	0.136	1.833	0.626	259	0.05	12000	1000	1	500	111	1	0	1	902	904	2	1	0.998717537672331	405
Simulation_260	1.758	0.021	0.009	1.52	0.287	260	0.05	12000	1000	1	500	111	1	0	1	0	1	1	-1	-1	-1
Simulation_261	2.764	0.066	0.082	2.775	0.739	261	0.05	12000	1000	1	500	111	1	0	1	5	5	0	1	0.0949022122475152	5
Simulation_262	2.261	0.043	0.118	0.892	0.965	262	0.05	12000	1000	1	500	111	1	0	1	1	1	0	1	-1	-1
Simulation_263	1.255	0.089	0.045	2.147	0.513	263	0.05	12000	1000	1	500	111	0	126	1	1286	1286	0	1	0.166399487015069	454
Simulation_264	1.381	0.026	0.145	2.931	0.344	264	0.05	12000	1000	1	500	111	1	0	1	0	1	1	-1	-1	-1
Simulation_265	2.387	0.072	0.073	1.676	0.795	265	0.05	12000	1000	1	500	111	1	0	1	17	17	0	1	0.102917601795447	11
Simulation_266	2.89	0.049	0.036	2.304	0.569	266	0.05	12000	1000	1	500	111	1	0	1	48	48	0	1	0.623597306829112	13
Simulation_267	1.884	0.094	0.109	1.049	0.118	267	0.05	12000	1000	1	500	111	1	0	1	96	96	0	1	0.138505931388265	48
Simulation_268	1.633	0.038	0.054	2.618	0.682	268	0.05	12000	1000	1	500	111	1	0	1	0	1	1	-1	-1	-1
Simulation_269	2.639	0.083	0.127	1.363	0.231	269	0.05	12000	1000	1	500	111	1	0	1	20	20	0	1	0.104841295286951	8
Simulation_270	2.136	0.015	0.091	1.99	0.456	270	0.05	12000	1000	1	500	111	1	0	1	54	54	0	0	-1	-1
Simulation_271	1.13	0.06	0.018	0.735	0.908	271	0.05	12000	1000	1	500	111	1	0	1	1	1	0	1	-1	-1
Simulation_272	1.193	0.012	0.077	0.814	0.654	272	0.05	12000	1000	1	500	111	1	0	1	1038	1088	50	1	0.629368387303623	896
Simulation_273	2.198	0.058	0.15	2.069	0.202	273	0.05	12000	1000	1	500	111	1	0	1	3	3	0	1	0.0727797370952228	2
Simulation_274	2.701	0.035	0.114	1.441	0.428	274	0.05	12000	1000	1	500	111	1	0	1	87	87	0	1	0.49406861173453	72
Simulation_275	1.695	0.08	0.041	2.696	0.88	275	0.05	12000	1000	1	500	111	1	0	1	1066	1066	0	1	0.510099390830394	517
Simulation_276	1.947	0.046	0.132	0.5	0.541	276	0.05	12000	1000	1	500	111	1	0	1	1	1	0	1	-1	-1
Simulation_277	2.953	0.092	0.059	1.755	0.993	277	0.05	12000	1000	1	500	111	1	0	1	2	2	0	1	0.133696697659506	2
Simulation_278	2.45	0.024	0.023	1.127	0.767	278	0.05	12000	1000	1	500	111	1	0	1	0	1	1	-1	-1	-1
Simulation_279	1.444	0.069	0.095	2.382	0.315	279	0.05	12000	1000	1	500	111	1	0	1	333	333	0	1	0.193651811478038	114
Simulation_280	1.318	0.041	0.032	1.912	0.146	280	0.05	12000	1000	1	500	111	1	0	1	1	1	0	0	-1	-1
Simulation_281	2.324	0.086	0.105	0.657	0.598	281	0.05	12000	1000	1	500	111	1	0	1	3	3	0	1	0.614299454953511	3
Simulation_282	2.827	0.018	0.141	2.539	0.824	282	0.05	12000	1000	1	500	111	1	0	1	0	1	1	-1	-1	-1
Simulation_283	1.821	0.063	0.068	1.284	0.372	283	0.05	12000	1000	1	500	111	1	0	1	193	193	0	1	0.632574543122796	109
Simulation_284	1.57	0.029	0.086	2.225	0.936	284	0.05	12000	1000	1	500	111	1	0	1	370	370	0	1	0.811478037832639	365
Simulation_285	2.576	0.075	0.014	0.971	0.485	285	0.05	12000	1000	1	500	111	1	0	1	195	195	0	1	0.115421609490221	100
Simulation_286	2.073	0.052	0.05	2.853	0.259	286	0.05	12000	1000	1	500	111	1	0	1	1950	1950	0	1	0.190445655658865	572
Simulation_287	1.067	0.097	0.123	1.598	0.711	287	0.05	12000	1000	1	500	111	0	127	1	1200	1200	0	1	0.5565886502084	581
Simulation_288	1.098	0.031	0.039	2.657	0.442	288	0.05	12000	1000	1	500	111	0	49	1	2164	2190	26	0	-1	-1
Simulation_289	2.104	0.076	0.111	1.402	0.894	289	0.05	12000	1000	1	500	111	1	0	1	11	11	0	1	0.620711766591856	9
Simulation_290	2.607	0.053	0.148	2.029	0.668	290	0.05	12000	1000	1	500	111	1	0	1	12	12	0	1	0.675216415517794	10
Simulation_291	1.601	0.099	0.075	0.775	0.216	291	0.05	12000	1000	1	500	111	1	0	1	1031	1031	0	1	0.998717537672331	511
Simulation_292	1.853	0.042	0.093	2.971	0.555	292	0.05	12000	1000	1	500	111	1	0	1	396	396	0	1	0.349150368707919	324
Simulation_293	2.859	0.087	0.02	1.716	0.104	293	0.05	12000	1000	1	500	111	1	0	1	121	121	0	1	0.132734850913754	50
Simulation_294	2.356	0.019	0.057	2.343	0.329	294	0.05	12000	1000	1	500	111	1	0	1	1	1	0	0	-1	-1
Simulation_295	1.35	0.065	0.13	1.088	0.781	295	0.05	12000	1000	1	500	111	1	0	1	39	40	1	1	0.733247835844822	29
Simulation_296	1.475	0.048	0.066	1.559	0.951	296	0.05	12000	1000	1	500	111	1	0	1	44	44	0	1	0.531260019236935	28
Simulation_297	2.481	0.093	0.139	2.814	0.499	297	0.05	12000	1000	1	500	111	1	0	1	41	41	0	1	0.125681308111574	22
Simulation_298	2.984	0.025	0.102	0.931	0.273	298	0.05	12000	1000	1	500	111	1	0	1	1421	1429	8	1	0.0269317088810516	7
Simulation_299	1.978	0.07	0.029	2.186	0.725	299	0.05	12000	1000	1	500	111	1	0	1	648	648	0	1	0.549855722988137	281
Simulation_300	1.727	0.014	0.12	1.245	0.16	300	0.05	12000	1000	1	500	111	1	0	1	0	1	1	-1	-1	-1
Simulation_301	2.733	0.059	0.048	2.5	0.612	301	0.05	12000	1000	1	500	111	1	0	1	14	14	0	1	0.626482847066367	12
Simulation_302	2.23	0.036	0.011	0.618	0.838	302	0.05	12000	1000	1	500	111	1	0	1	2	2	0	1	0.239499839692209	2
Simulation_303	1.224	0.082	0.084	1.873	0.386	303	0.05	12000	1000	1	500	111	0	5	1	4076	4076	0	0	-1	-1
Simulation_304	1.161	0.034	0.134	2.265	0.245	304	0.05	12000	1000	1	500	111	0	148	1	1436	1551	115	1	0.051298493106765	4
Simulation_305	2.167	0.079	0.061	1.01	0.696	305	0.05	12000	1000	1	500	111	1	0	1	2	2	0	1	0.105161910868868	-1
Simulation_306	2.67	0.011	0.025	2.892	0.922	306	0.05	12000	1000	1	500	111	1	0	1	96	103	7	0	-1	-1
Simulation_307	1.664	0.056	0.098	1.637	0.471	307	0.05	12000	1000	1	500	111	1	0	1	447	447	0	1	0.869188842577749	278
Simulation_308	1.916	0.022	0.043	1.951	0.809	308	0.05	12000	1000	1	500	111	1	0	1	0	1	1	-1	-1	-1
Simulation_309	2.921	0.067	0.116	0.696	0.358	309	0.05	12000	1000	1	500	111	1	0	1	11	11	0	1	0.722988137223469	9
Simulation_310	2.418	0.045	0.079	2.578	0.132	310	0.05	12000	1000	1	500	111	1	0	1	31	31	0	1	0.162231484450144	27
Simulation_311	1.413	0.09	0.007	1.324	0.584	311	0.05	12000	1000	1	500	111	0	34	1	1511	1514	3	1	0.502084001282462	537
Simulation_312	1.287	0.017	0.107	0.539	0.753	312	0.05	12000	1000	1	500	111	1	0	1	10	10	0	1	0.275408784866945	10
Simulation_313	2.293	0.062	0.034	1.794	0.301	313	0.05	12000	1000	1	500	111	1	0	1	49	49	0	1	0.195254889387624	17
Simulation_314	2.796	0.039	0.07	1.167	0.527	314	0.05	12000	1000	1	500	111	1	0	1	11	11	0	1	0.415197178582879	10
Simulation_315	1.79	0.084	0.143	2.422	0.979	315	0.05	12000	1000	1	500	111	1	0	1	28	28	0	1	0.139467778134017	18
Simulation_316	1.538	0.05	0.016	0.853	0.414	316	0.05	12000	1000	1	500	111	0	77	1	2043	2046	3	1	0.94453350432831	429
Simulation_317	2.544	0.096	0.089	2.108	0.866	317	0.05	12000	1000	1	500	111	1	0	1	11	11	0	1	0.135941006732927	10
Simulation_318	2.041	0.028	0.125	1.48	0.64	318	0.05	12000	1000	1	500	111	1	0	1	371	379	8	1	0.362936838730362	293
Simulation_319	1.035	0.073	0.052	2.735	0.188	319	0.05	12000	1000	1	500	111	0	138	1	1721	1721	0	1	0.152613016992626	329
Simulation_320	1.051	0.019	0.126	1.814	0.901	320	0.05	12000	1000	1	500	111	0	54	1	1583	1628	45	1	0.140109009297852	1041
Simulation_321	2.057	0.064	0.053	0.559	0.449	321	0.05	12000	1000	1	500	111	1	0	1	3	3	0	1	0.436678422571337	3
Simulation_322	2.56	0.041	0.017	2.441	0.224	322	0.05	12000	1000	1	500	111	1	0	1	1	1	0	0	-1	-1
Simulation_323	1.554	0.087	0.09	1.186	0.675	323	0.05	12000	1000	1	500	111	1	0	1	29	29	0	1	0.759217697980122	23
Simulation_324	1.806	0.053	0.072	2.127	0.111	324	0.05	12000	1000	1	500	111	1	0	1	64	64	0	1	0.187880731003527	57
Simulation_325	2.811	0.098	0.144	0.873	0.562	325	0.05	12000	1000	1	500	111	1	0	1	2	2	0	1	0.572940044886181	2
Simulation_326	2.308	0.03	0.108	2.755	0.788	326	0.05	12000	1000	1	500	111	1	0	1	0	1	1	-1	-1	-1
Simulation_327	1.303	0.075	0.035	1.5	0.336	327	0.05	12000	1000	1	500	111	0	189	1	3342	3343	1	1	0.144918243026611	478
Simulation_328	1.428	0.036	0.081	1.029	0.506	328	0.05	12000	1000	1	500	111	1	0	1	0	1	1	-1	-1	-1
Simulation_329	2.434	0.081	0.008	2.284	0.958	329	0.05	12000	1000	1	500	111	1	0	1	5	5	0	1	0.116062840654056	4
Simulation_330	2.937	0.013	0.044	1.657	0.732	330	0.05	12000	1000	1	500	111	1	0	1	45	50	5	1	0.00545046489259378	3
Simulation_331	1.931	0.058	0.117	2.912	0.28	331	0.05	12000	1000	1	500	111	1	0	1	17	17	0	1	0.185636421930106	11
Simulation_332	1.68	0.024	0.026	0.716	0.619	332	0.05	12000	1000	1	500	111	1	0	1	65	66	1	1	0.62968900288554	42
Simulation_333	2.686	0.07	0.099	1.971	0.167	333	0.05	12000	1000	1	500	111	1	0	1	1	1	0	0	-1	-1
Simulation_334	2.183	0.047	0.135	1.343	0.393	334	0.05	12000	1000	1	500	111	1	0	1	0	1	1	-1	-1	-1
Simulation_335	1.177	0.092	0.062	2.598	0.845	335	0.05	12000	1000	1	500	111	0	109	1	1173	1174	1	1	0.626482847066367	491
Simulation_336	1.24	0.044	0.012	2.833	0.704	336	0.05	12000	1000	1	500	111	0	61	1	3994	4004	10	1	0.419685796729721	80
Simulation_337	2.246	0.089	0.085	1.578	0.252	337	0.05	12000	1000	1	500	111	1	0	1	329	329	0	1	0.13562039115101	165
Simulation_338	2.749	0.021	0.122	2.206	0.478	338	0.05	12000	1000	1	500	111	1	0	1	23	23	0	0	-1	-1
Simulation_339	1.743	0.067	0.049	0.951	0.929	339	0.05	12000	1000	1	500	111	1	0	1	1	1	0	1	-1	-1
Simulation_340	1.994	0.01	0.103	2.52	0.365	340	0.05	12000	1000	1	500	111	1	0	1	0	1	1	-1	-1	-1
Simulation_341	3	0.055	0.031	1.265	0.816	341	0.05	12000	1000	1	500	111	1	0	1	16	16	0	1	0.0702148124398846	12
Simulation_342	2.497	0.033	0.067	1.892	0.591	342	0.05	12000	1000	1	500	111	1	0	1	98	98	0	1	0.359730682911189	84
Simulation_343	1.491	0.078	0.14	0.637	0.139	343	0.05	12000	1000	1	500	111	0	61	1	1193	1193	0	1	0.957037512023084	521
Simulation_344	1.365	0.027	0.058	1.422	0.308	344	0.05	12000	1000	1	500	111	1	0	1	73	73	0	1	0.00577108047451106	-1
Simulation_345	2.371	0.072	0.131	2.676	0.76	345	0.05	12000	1000	1	500	111	1	0	1	38	38	0	1	0.901571016351395	28
Simulation_346	2.874	0.05	0.094	0.794	0.986	346	0.05	12000	1000	1	500	111	1	0	1	1	1	0	1	-1	-1
Simulation_347	1.868	0.095	0.021	2.049	0.534	347	0.05	12000	1000	1	500	111	0	159	1	1264	1265	1	1	0.166720102596986	513
Simulation_348	1.617	0.038	0.149	1.735	0.873	348	0.05	12000	1000	1	500	111	1	0	1	1839	1852	13	1	0.383776851554986	311
Simulation_349	2.623	0.084	0.076	2.99	0.421	349	0.05	12000	1000	1	500	111	1	0	1	174	174	0	1	0.121192689964732	113
Simulation_350	2.12	0.016	0.04	1.108	0.195	350	0.05	12000	1000	1	500	111	1	0	1	55	57	2	0	-1	-1
Simulation_351	1.114	0.061	0.112	2.363	0.647	351	0.05	12000	1000	1	500	111	1	0	1	998	999	1	1	0.875601154216095	543
Simulation_352	1.083	0.043	0.047	0.676	0.407	352	0.05	12000	1000	1	500	111	1	0	1	150	150	0	1	0.966014748316768	86
Simulation_353	2.088	0.088	0.119	1.931	0.859	353	0.05	12000	1000	1	500	111	1	0	1	11	11	0	1	0.121192689964732	9
Simulation_354	2.591	0.02	0.083	1.304	0.633	354	0.05	12000	1000	1	500	111	1	0	1	0	1	1	-1	-1	-1
Simulation_355	1.585	0.065	0.01	2.559	0.181	355	0.05	12000	1000	1	500	111	1	0	1	446	447	1	1	0.198461045206797	257
Simulation_356	1.837	0.031	0.137	0.99	0.746	356	0.05	12000	1000	1	500	111	1	0	1	5	6	1	1	0.428983648605322	5
Simulation_357	2.843	0.077	0.065	2.245	0.294	357	0.05	12000	1000	1	500	111	1	0	1	63	63	0	1	0.19461365822379	34
Simulation_358	2.34	0.054	0.028	1.618	0.52	358	0.05	12000	1000	1	500	111	1	0	1	648	648	0	1	0.998717537672331	170
Simulation_359	1.334	0.099	0.101	2.873	0.972	359	0.05	12000	1000	1	500	111	1	0	1	1023	1023	0	1	0.945815966655979	593
Simulation_360	1.46	0.014	0.019	2.088	0.802	360	0.05	12000	1000	1	500	111	0	152	1	2250	2298	48	0	-1	-1
Simulation_361	2.466	0.06	0.092	0.833	0.351	361	0.05	12000	1000	1	500	111	1	0	1	41	41	0	1	0.622314844501443	23
Simulation_362	2.969	0.037	0.128	2.716	0.125	362	0.05	12000	1000	1	500	111	1	0	1	1	1	0	0	-1	-1
Simulation_363	1.963	0.082	0.056	1.461	0.576	363	0.05	12000	1000	1	500	111	1	0	1	184	184	0	1	0.118627765309394	97
Simulation_364	1.711	0.048	0.11	1.775	0.238	364	0.05	12000	1000	1	500	111	1	0	1	32	32	0	1	0.181468419365181	26
Simulation_365	2.717	0.094	0.037	0.52	0.689	365	0.05	12000	1000	1	500	111	1	0	1	11	11	0	1	0.730362295607566	10
Simulation_366	2.214	0.026	0.074	2.402	0.915	366	0.05	12000	1000	1	500	111	1	0	1	255	258	3	1	0.020519397242706	-1
Simulation_367	1.208	0.071	0.147	1.147	0.464	367	0.05	12000	1000	1	500	111	0	97	1	1308	1316	8	1	0.921769798012183	548
Simulation_368	1.145	0.023	0.087	1.696	0.209	368	0.05	12000	1000	1	500	111	1	0	1	30	30	0	0	-1	-1
Simulation_369	2.151	0.068	0.015	2.951	0.661	369	0.05	12000	1000	1	500	111	1	0	1	129	129	0	1	0.729400448861815	59
Simulation_370	2.654	0.046	0.051	1.069	0.887	370	0.05	12000	1000	1	500	111	1	0	1	2	2	0	1	0.0564283424174415	2
Simulation_371	1.648	0.091	0.124	2.324	0.435	371	0.05	12000	1000	1	500	111	1	0	1	704	704	0	1	0.134658544405258	283
Simulation_372	1.9	0.034	0.033	1.382	1	372	0.05	12000	1000	1	500	111	1	0	1	8	8	0	1	0.430266110932991	8
Simulation_373	2.906	0.079	0.106	2.637	0.548	373	0.05	12000	1000	1	500	111	1	0	1	202	202	0	1	0.113497915998718	106
Simulation_374	2.403	0.012	0.142	0.755	0.322	374	0.05	12000	1000	1	500	111	1	0	1	0	1	1	-1	-1	-1
Simulation_375	1.397	0.057	0.069	2.01	0.774	375	0.05	12000	1000	1	500	111	1	0	1	564	564	0	1	0.997435075344662	211
Simulation_376	1.271	0.051	0.115	2.48	0.605	376	0.05	12000	1000	1	500	111	0	116	1	3284	3286	2	1	0.517152933632575	397
Simulation_377	2.277	0.096	0.042	1.225	0.153	377	0.05	12000	1000	1	500	111	1	0	1	1	1	0	0	-1	-1
Simulation_378	2.78	0.029	0.006	1.853	0.379	378	0.05	12000	1000	1	500	111	1	0	1	0	1	1	-1	-1	-1
Simulation_379	1.774	0.074	0.078	0.598	0.831	379	0.05	12000	1000	1	500	111	1	0	1	4	4	0	1	0.565886502084001	4
Simulation_380	1.523	0.017	0.06	2.794	0.492	380	0.05	12000	1000	1	500	111	1	0	1	0	1	1	-1	-1	-1
Simulation_381	2.528	0.063	0.133	1.539	0.944	381	0.05	12000	1000	1	500	111	1	0	1	7	7	0	1	0.0865662071176659	5
Simulation_382	2.026	0.04	0.097	2.167	0.718	382	0.05	12000	1000	1	500	111	1	0	1	0	1	1	-1	-1	-1
Simulation_383	1.02	0.085	0.024	0.912	0.266	383	0.05	12000	1000	1	500	111	0	117	1	1299	1299	0	1	0.257454312279577	420
Simulation_384	1.012	0.025	0.068	2.314	0.672	384	0.05	12000	1000	1	500	111	0	239	1	2231	2237	6	0	-1	-1
Simulation_385	2.018	0.07	0.14	1.059	0.22	385	0.05	12000	1000	1	500	111	1	0	1	339	339	0	1	0.145880089772363	163
Simulation_386	2.521	0.047	0.104	2.941	0.446	386	0.05	12000	1000	1	500	111	1	0	1	16	16	0	1	0.170567489579994	12
Simulation_387	1.515	0.093	0.031	1.686	0.898	387	0.05	12000	1000	1	500	111	1	0	1	50	50	0	1	0.61205514588009	30
Simulation_388	1.766	0.036	0.122	2	0.333	388	0.05	12000	1000	1	500	111	1	0	1	2	2	0	0	-1	-1
Simulation_389	2.772	0.081	0.049	0.745	0.785	389	0.05	12000	1000	1	500	111	1	0	1	1	1	0	1	-1	-1
Simulation_390	2.269	0.013	0.013	2.627	0.559	390	0.05	12000	1000	1	500	111	1	0	1	0	1	1	-1	-1	-1
Simulation_391	1.263	0.059	0.086	1.373	0.107	391	0.05	12000	1000	1	500	111	1	0	1	15	15	0	1	0.183712728438602	15
Simulation_392	1.389	0.053	0.04	0.588	0.276	392	0.05	12000	1000	1	500	111	1	0	1	26	26	0	1	0.704713049054184	22
Simulation_393	2.395	0.098	0.113	1.843	0.728	393	0.05	12000	1000	1	500	111	1	0	1	89	90	1	1	0.610772683552421	59
Simulation_394	2.898	0.03	0.149	1.216	0.954	394	0.05	12000	1000	1	500	111	1	0	1	44	44	0	1	0.110291760179545	17
Simulation_395	1.892	0.076	0.077	2.471	0.502	395	0.05	12000	1000	1	500	111	0	97	1	1727	1727	0	1	0.169285027252324	526
Simulation_396	1.64	0.019	0.095	0.902	0.841	396	0.05	12000	1000	1	500	111	1	0	1	3	5	2	1	0.0166720102596986	-1
Simulation_397	2.646	0.064	0.022	2.157	0.389	397	0.05	12000	1000	1	500	111	1	0	1	59	59	0	1	0.194934273805707	23
Simulation_398	2.143	0.042	0.058	1.529	0.164	398	0.05	12000	1000	1	500	111	1	0	1	50	50	0	1	0.188521962167361	43
Simulation_399	1.138	0.087	0.131	2.784	0.615	399	0.05	12000	1000	1	500	111	0	112	1	1400	1401	1	1	0.153574863738378	439
Simulation_400	1.2	0.039	0.108	2.549	0.926	400	0.05	12000	1000	1	500	111	1	0	1	1357	1361	4	1	0.978839371593459	1310
Simulation_401	2.206	0.084	0.036	1.294	0.474	401	0.05	12000	1000	1	500	111	1	0	1	513	513	0	1	0.13209361974992	280
Simulation_402	2.709	0.016	0.072	1.922	0.248	402	0.05	12000	1000	1	500	111	1	0	1	0	1	1	-1	-1	-1
Simulation_403	1.703	0.061	0.145	0.667	0.7	403	0.05	12000	1000	1	500	111	1	0	1	1	1	0	1	-1	-1
Simulation_404	1.955	0.028	0.018	2.863	0.135	404	0.05	12000	1000	1	500	111	1	0	1	3	3	0	0	-1	-1
Simulation_405	2.961	0.073	0.09	1.608	0.587	405	0.05	12000	1000	1	500	111	1	0	1	18	18	0	1	0.296569413273485	8
Simulation_406	2.458	0.05	0.127	2.235	0.813	406	0.05	12000	1000	1	500	111	1	0	1	3	3	0	1	0.347226675216416	3
Simulation_407	1.452	0.095	0.054	0.98	0.361	407	0.05	12000	1000	1	500	111	0	73	1	1231	1231	0	1	0.878166078871433	538
Simulation_408	1.326	0.011	0.136	1.451	0.531	408	0.05	12000	1000	1	500	111	1	0	1	0	1	1	-1	-1	-1
Simulation_409	2.332	0.056	0.063	2.706	0.982	409	0.05	12000	1000	1	500	111	1	0	1	31	31	0	1	0.747034305867265	22
Simulation_410	2.835	0.033	0.027	0.824	0.756	410	0.05	12000	1000	1	500	111	1	0	1	7	7	0	1	0.295607566527733	7
Simulation_411	1.829	0.078	0.099	2.078	0.305	411	0.05	12000	1000	1	500	111	1	0	1	921	921	0	1	0.116062840654056	334
Simulation_412	1.578	0.044	0.045	1.137	0.644	412	0.05	12000	1000	1	500	111	1	0	1	82	83	1	1	0.895479320294966	82
Simulation_413	2.583	0.09	0.118	2.392	0.192	413	0.05	12000	1000	1	500	111	1	0	1	25	25	0	1	0.128887463930747	16
Simulation_414	2.081	0.022	0.081	0.51	0.418	414	0.05	12000	1000	1	500	111	1	0	1	0	1	1	-1	-1	-1
Simulation_415	1.075	0.067	0.008	1.765	0.869	415	0.05	12000	1000	1	500	111	0	138	1	1706	1708	2	1	0.537031099711446	413
Simulation_416	1.106	0.049	0.143	0.941	0.178	416	0.05	12000	1000	1	500	111	1	0	1	0	1	1	-1	-1	-1
Simulation_417	2.112	0.094	0.07	2.196	0.629	417	0.05	12000	1000	1	500	111	1	0	1	168	168	0	1	0.140750240461686	99
Simulation_418	2.615	0.026	0.033	1.569	0.855	418	0.05	12000	1000	1	500	111	1	0	1	31	31	0	1	0.680666880410388	31
Simulation_419	1.609	0.071	0.106	2.824	0.404	419	0.05	12000	1000	1	500	111	1	0	1	214	214	0	1	0.190766271240782	88
Simulation_420	1.861	0.015	0.052	0.627	0.968	420	0.05	12000	1000	1	500	111	1	0	1	2	2	0	1	0.129849310676499	2
Simulation_421	2.866	0.06	0.124	1.882	0.516	421	0.05	12000	1000	1	500	111	1	0	1	13	13	0	1	0.141070856043604	10
Simulation_422	2.363	0.037	0.088	1.255	0.291	422	0.05	12000	1000	1	500	111	1	0	1	31	32	1	1	0.165758255851234	19
Simulation_423	1.358	0.083	0.015	2.51	0.742	423	0.05	12000	1000	1	500	111	0	86	1	1377	1377	0	1	0.739660147483168	445
Simulation_424	1.483	0.032	0.097	2.039	0.573	424	0.05	12000	1000	1	500	111	1	0	1	649	655	6	1	0.331837127284386	252
Simulation_425	2.489	0.077	0.024	0.784	0.121	425	0.05	12000	1000	1	500	111	1	0	1	128	128	0	1	0.314523885860853	61
Simulation_426	2.992	0.054	0.061	2.667	0.347	426	0.05	12000	1000	1	500	111	1	0	1	3	3	0	1	0.129528695094582	3
Simulation_427	1.986	0.1	0.134	1.412	0.799	427	0.05	12000	1000	1	500	111	1	0	1	2	2	0	1	0.129849310676499	2
Simulation_428	1.735	0.043	0.006	2.353	0.46	428	0.05	12000	1000	1	500	111	1	0	1	2	2	0	0	-1	-1
Simulation_429	2.741	0.088	0.079	1.098	0.912	429	0.05	12000	1000	1	500	111	1	0	1	2	2	0	1	0.119268996473229	2
Simulation_430	2.238	0.02	0.115	2.98	0.686	430	0.05	12000	1000	1	500	111	1	0	1	104	104	0	0	-1	-1
Simulation_431	1.232	0.066	0.043	1.725	0.234	431	0.05	12000	1000	1	500	111	0	77	1	1749	1749	0	1	0.207438281500481	430
Simulation_432	1.169	0.018	0.029	1.176	0.432	432	0.05	12000	1000	1	500	111	0	106	1	2441	2491	50	1	0.126001923693492	564
Simulation_433	2.175	0.063	0.102	2.431	0.884	433	0.05	12000	1000	1	500	111	1	0	1	2	2	0	1	0.0538634177621032	2
Simulation_434	2.678	0.04	0.138	0.549	0.658	434	0.05	12000	1000	1	500	111	1	0	1	2	2	0	1	0.385700545046489	2
Simulation_435	1.672	0.086	0.065	1.804	0.206	435	0.05	12000	1000	1	500	111	0	94	1	1132	1132	0	1	0.155177941647964	470
Simulation_436	1.923	0.052	0.083	1.49	0.771	436	0.05	12000	1000	1	500	111	1	0	1	12	12	0	1	0.881692850272523	12
Simulation_437	2.929	0.097	0.011	2.745	0.319	437	0.05	12000	1000	1	500	111	0	23	1	1331	1331	0	1	0.15806348188522	593
Simulation_438	2.426	0.029	0.047	0.863	0.545	438	0.05	12000	1000	1	500	111	1	0	1	12	12	0	1	0.52709201667201	12
Simulation_439	1.42	0.074	0.12	2.118	0.996	439	0.05	12000	1000	1	500	111	1	0	1	118	119	1	1	0.594741904456557	71
Simulation_440	1.295	0.035	0.074	2.902	0.827	440	0.05	12000	1000	1	500	111	1	0	1	2476	2494	18	1	0.423853799294646	454
Simulation_441	2.301	0.08	0.147	1.647	0.375	441	0.05	12000	1000	1	500	111	1	0	1	427	428	1	1	0.129528695094582	202
Simulation_442	2.804	0.012	0.111	2.275	0.149	442	0.05	12000	1000	1	500	111	1	0	1	0	1	1	-1	-1	-1
Simulation_443	1.798	0.057	0.038	1.02	0.601	443	0.05	12000	1000	1	500	111	1	0	1	29	29	0	1	0.878807310035268	16
Simulation_444	1.546	0.023	0.129	2.588	0.262	444	0.05	12000	1000	1	500	111	1	0	1	22	23	1	0	-1	-1
Simulation_445	2.552	0.069	0.056	1.333	0.714	445	0.05	12000	1000	1	500	111	1	0	1	23	23	0	1	0.12023084321898	18
Simulation_446	2.049	0.046	0.02	1.961	0.94	446	0.05	12000	1000	1	500	111	1	0	1	0	1	1	-1	-1	-1
Simulation_447	1.043	0.091	0.093	0.706	0.488	447	0.05	12000	1000	1	500	111	1	0	1	6	6	0	1	0.672651490862456	6
Simulation_448	1.028	0.037	0.021	1.667	0.622	448	0.05	12000	1000	1	500	111	0	129	1	2079	2083	4	1	0.678422571336967	1724
Simulation_449	2.033	0.082	0.094	2.922	0.171	449	0.05	12000	1000	1	500	111	1	0	1	859	859	0	1	0.134017313241424	406
Simulation_450	2.536	0.014	0.13	1.039	0.396	450	0.05	12000	1000	1	500	111	1	0	1	0	1	1	-1	-1	-1
Simulation_451	1.53	0.059	0.057	2.294	0.848	451	0.05	12000	1000	1	500	111	1	0	1	541	541	0	1	0.856043603719141	202
Simulation_452	1.782	0.025	0.112	1.353	0.509	452	0.05	12000	1000	1	500	111	1	0	1	0	1	1	-1	-1	-1
Simulation_453	2.788	0.071	0.039	2.608	0.961	453	0.05	12000	1000	1	500	111	1	0	1	23	23	0	1	0.100673292722026	15
Simulation_454	2.285	0.048	0.076	0.725	0.735	454	0.05	12000	1000	1	500	111	1	0	1	3	4	1	1	0.332478358448221	3
Simulation_455	1.279	0.093	0.148	1.98	0.284	455	0.05	12000	1000	1	500	111	1	0	1	1061	1061	0	1	0.142032702789356	401
Simulation_456	1.405	0.02	0.048	2.451	0.114	456	0.05	12000	1000	1	500	111	1	0	1	0	1	1	-1	-1	-1
Simulation_457	2.411	0.065	0.121	1.196	0.566	457	0.05	12000	1000	1	500	111	1	0	1	20	20	0	1	0.727476755370311	12
Simulation_458	2.914	0.042	0.085	1.824	0.792	458	0.05	12000	1000	1	500	111	1	0	1	4	4	0	1	0.431227957678743	4
Simulation_459	1.908	0.088	0.012	0.569	0.34	459	0.05	12000	1000	1	500	111	1	0	1	1	1	0	1	-1	-1
Simulation_460	1.656	0.054	0.139	2.765	0.905	460	0.05	12000	1000	1	500	111	1	0	1	18	18	0	1	0.852837447899968	16
Simulation_461	2.662	0.099	0.066	1.51	0.453	461	0.05	12000	1000	1	500	111	1	0	1	37	37	0	1	0.150048092337288	29
Simulation_462	2.159	0.031	0.03	2.137	0.227	462	0.05	12000	1000	1	500	111	1	0	1	438	440	2	0	-1	-1
Simulation_463	1.153	0.076	0.103	0.882	0.679	463	0.05	12000	1000	1	500	111	1	0	1	16	16	0	1	0.508175697338891	14
Simulation_464	1.216	0.028	0.116	0.804	0.876	464	0.05	12000	1000	1	500	111	1	0	1	2	2	0	1	0.196537351715293	2
Simulation_465	2.222	0.073	0.044	2.059	0.425	465	0.05	12000	1000	1	500	111	1	0	1	178	178	0	1	0.110932991343379	75
Simulation_466	2.725	0.051	0.007	1.431	0.199	466	0.05	12000	1000	1	500	111	1	0	1	19	20	1	1	0.163834562359731	8
Simulation_467	1.719	0.096	0.08	2.686	0.651	467	0.05	12000	1000	1	500	111	1	0	1	38	38	0	1	0.134658544405258	18
Simulation_468	1.971	0.04	0.062	1.118	0.312	468	0.05	12000	1000	1	500	111	1	0	1	580	581	1	1	0.985251683231805	408
Simulation_469	2.976	0.085	0.135	2.373	0.764	469	0.05	12000	1000	1	500	111	1	0	1	52	52	0	1	0.115742225072139	29
Simulation_470	2.473	0.017	0.098	1.745	0.989	470	0.05	12000	1000	1	500	111	1	0	1	0	1	1	-1	-1	-1
Simulation_471	1.468	0.062	0.025	3	0.538	471	0.05	12000	1000	1	500	111	1	0	1	570	570	0	1	0.355883295928182	333
Simulation_472	1.342	0.045	0.089	2.216	0.368	472	0.05	12000	1000	1	500	111	1	0	1	1031	1031	0	1	0.207117665918564	957
Simulation_473	2.348	0.09	0.016	0.961	0.82	473	0.05	12000	1000	1	500	111	1	0	1	1	1	0	1	-1	-1
Simulation_474	2.851	0.023	0.053	2.843	0.594	474	0.05	12000	1000	1	500	111	1	0	1	27	27	0	0	-1	-1
Simulation_475	1.845	0.068	0.126	1.588	0.142	475	0.05	12000	1000	1	500	111	1	0	1	61	61	0	1	0.192048733568451	31
Simulation_476	1.593	0.011	0.035	1.902	0.707	476	0.05	12000	1000	1	500	111	1	0	1	294	306	12	0	-1	-1
Simulation_477	2.599	0.057	0.107	0.647	0.255	477	0.05	12000	1000	1	500	111	1	0	1	3	3	0	1	0.700224430907342	3
Simulation_478	2.096	0.034	0.144	2.529	0.481	478	0.05	12000	1000	1	500	111	1	0	1	4	4	0	0	-1	-1
Simulation_479	1.09	0.079	0.071	1.275	0.933	479	0.05	12000	1000	1	500	111	1	0	1	46	46	0	1	0.109009297851876	33
Simulation_480	1.059	0.013	0.078	2.725	0.213	480	0.05	12000	1000	1	500	111	1	0	1	0	1	1	-1	-1	-1
Simulation_481	2.065	0.058	0.005	1.471	0.665	481	0.05	12000	1000	1	500	111	1	0	1	1851	1851	0	1	0.802821417120872	425
Simulation_482	2.568	0.035	0.041	2.098	0.891	482	0.05	12000	1000	1	500	111	1	0	1	22	22	0	1	0.859249759538314	22
Simulation_483	1.562	0.081	0.114	0.843	0.439	483	0.05	12000	1000	1	500	111	1	0	1	109	110	1	1	0.997755690926579	68
Simulation_484	1.813	0.047	0.023	2.412	0.778	484	0.05	12000	1000	1	500	111	1	0	1	357	357	0	1	0.997435075344662	317
Simulation_485	2.819	0.092	0.096	1.157	0.326	485	0.05	12000	1000	1	500	111	1	0	1	91	91	0	1	0.133376082077589	54
Simulation_486	2.316	0.024	0.132	1.784	0.1	486	0.05	12000	1000	1	500	111	1	0	1	16	21	5	0	-1	-1
Simulation_487	1.31	0.069	0.06	0.529	0.552	487	0.05	12000	1000	1	500	111	1	0	1	9	9	0	1	0.503687079192049	9
Simulation_488	1.436	0.041	0.123	1.314	0.721	488	0.05	12000	1000	1	500	111	1	0	1	0	1	1	-1	-1	-1
Simulation_489	2.442	0.086	0.05	2.569	0.269	489	0.05	12000	1000	1	500	111	1	0	1	548	548	0	1	0.134017313241424	275
Simulation_490	2.945	0.018	0.014	0.686	0.495	490	0.05	12000	1000	1	500	111	1	0	1	8	9	1	1	0.307149727476755	8
Simulation_491	1.939	0.064	0.087	1.941	0.947	491	0.05	12000	1000	1	500	111	1	0	1	24	24	0	1	0.583199743507534	16
Simulation_492	1.688	0.03	0.069	1.627	0.382	492	0.05	12000	1000	1	500	111	1	0	1	434	434	0	1	0.176659185636422	63
Simulation_493	2.694	0.075	0.141	2.882	0.834	493	0.05	12000	1000	1	500	111	1	0	1	4	4	0	1	0.0916960564283424	4
Simulation_494	2.191	0.052	0.105	1	0.608	494	0.05	12000	1000	1	500	111	1	0	1	23	23	0	1	0.913113177300417	23
Simulation_495	1.185	0.098	0.032	2.255	0.156	495	0.05	12000	1000	1	500	111	1	0	1	23	23	0	0	-1	-1
Simulation_496	1.122	0.049	0.055	1.863	0.467	496	0.05	12000	1000	1	500	111	0	97	1	2500	2500	0	1	0.445655658865021	951
Simulation_497	2.128	0.095	0.128	0.608	0.919	497	0.05	12000	1000	1	500	111	1	0	1	1	1	0	1	-1	-1
Simulation_498	2.631	0.027	0.091	2.49	0.693	498	0.05	12000	1000	1	500	111	1	0	1	68	68	0	1	0.0339852516832318	8
Simulation_499	1.625	0.072	0.019	1.235	0.241	499	0.05	12000	1000	1	500	111	1	0	1	209	209	0	1	0.16864379608849	85
Simulation_500	1.876	0.015	0.146	2.176	0.58	500	0.05	12000	1000	1	500	111	1	0	1	0	1	1	-1	-1	-1
