Sim_index	S	omega_T	omega_P	sigma_e	disp_shape	disp_scale	seed	divergence_factor	max_species	max_coex_sp	start_species	init_ab	grid_cell_distance	finished	final_timestep	initial_nb_species	final_nb_species	sp_events	ex_events	exchanged	prop_col_area	div_col	dist_to_isthmus	start_biome
Simulation_1	1.998	0.055	0.175	0.078	1.75	0.549	1	0.05	12000	1000	1	500	111	1	0	1	0	1	1	-1	-1	-1	5766.61912886835	4
Simulation_2	2.501	0.032	0.238	0.041	2.377	0.323	2	0.05	12000	1000	1	500	111	1	0	1	0	1	1	-1	-1	-1	5467.90821334616	4
Simulation_3	1.495	0.078	0.112	0.114	1.123	0.775	3	0.05	12000	1000	1	500	111	1	0	1	0	1	1	-1	-1	-1	5175.83893515149	4
Simulation_4	1.747	0.044	0.206	0.023	2.691	0.889	4	0.05	12000	1000	1	500	111	1	0	1	60	60	0	0	-1	-1	2844.46299406568	2
Simulation_5	2.752	0.089	0.081	0.096	1.436	0.436	5	0.05	12000	1000	1	500	111	1	0	1	63	63	0	1	0.058926487747958	1	4745.33710488432	4
Simulation_6	2.25	0.021	0.144	0.059	0.809	0.662	6	0.05	12000	1000	1	500	111	1	0	1	0	1	1	-1	-1	-1	4943.77508435479	4
Simulation_7	1.244	0.066	0.269	0.132	2.064	0.21	7	0.05	12000	1000	1	500	111	1	0	1	0	1	1	-1	-1	-1	5759.029701379	3
Simulation_8	1.369	0.038	0.128	0.105	1.907	0.266	8	0.05	12000	1000	1	500	111	1	0	1	0	1	1	-1	-1	-1	6333.48170054561	4
Simulation_9	2.375	0.083	0.253	0.032	0.652	0.719	9	0.05	12000	1000	1	500	111	1	0	1	1	1	0	0	-1	-1	3698.90509228998	2
Simulation_10	2.878	0.015	0.191	0.141	1.279	0.493	10	0.05	12000	1000	1	500	111	1	0	1	34	36	2	0	-1	-1	2269.29150062399	2
Simulation_11	1.872	0.061	0.065	0.068	2.534	0.945	11	0.05	12000	1000	1	500	111	1	0	1	4	5	1	0	-1	-1	3468.71886442422	3
Simulation_12	1.621	0.027	0.285	0.087	1.593	0.832	12	0.05	12000	1000	1	500	111	1	0	1	240	248	8	1	0.543173862310385	5	3967.60077345737	2
Simulation_13	2.627	0.072	0.159	0.014	2.848	0.379	13	0.05	12000	1000	1	500	111	1	0	1	0	1	1	-1	-1	-1	6080.23737745349	4
Simulation_14	2.124	0.049	0.097	0.123	2.221	0.606	14	0.05	12000	1000	1	500	111	1	0	1	0	1	1	-1	-1	-1	6063.32368592065	4
Simulation_15	1.118	0.095	0.222	0.05	0.966	0.153	15	0.05	12000	1000	1	500	111	0	100	1	2650	2651	1	1	0.928821470245041	1369	4117.31287383535	2
Simulation_16	1.181	0.052	0.261	0.064	1.201	0.408	16	0.05	12000	1000	1	500	111	1	0	1	0	1	1	-1	-1	-1	4298.48634349225	2
Simulation_17	2.187	0.097	0.136	0.137	2.456	0.86	17	0.05	12000	1000	1	500	111	1	0	1	59	59	0	1	0.887981330221704	49	1575.107603711	2
Simulation_18	2.69	0.029	0.073	0.027	1.828	0.181	18	0.05	12000	1000	1	500	111	1	0	1	100	100	0	1	0.0256709451575263	9	3430.6444995479	3
Simulation_19	1.684	0.075	0.199	0.1	0.574	0.634	19	0.05	12000	1000	1	500	111	1	0	1	1	1	0	0	-1	-1	5479.72044927124	3
Simulation_20	1.935	0.018	0.167	0.046	2.142	0.747	20	0.05	12000	1000	1	500	111	0	30	1	2943	2983	40	0	-1	-1	5393.307716133	4
Simulation_21	2.941	0.063	0.293	0.118	0.887	0.294	21	0.05	12000	1000	1	500	111	1	0	1	0	1	1	-1	-1	-1	5963.72302127975	4
Simulation_22	2.438	0.041	0.23	0.009	1.515	0.973	22	0.05	12000	1000	1	500	111	1	0	1	16	16	0	1	0.780630105017503	10	1815.54149338379	1
Simulation_23	1.432	0.086	0.104	0.082	2.77	0.521	23	0.05	12000	1000	1	500	111	1	0	1	1174	1176	2	1	0.707117852975496	6	5212.22425473948	3
Simulation_24	1.306	0.024	0.183	0.128	2.613	0.464	24	0.05	12000	1000	1	500	111	1	0	1	214	229	15	0	-1	-1	2269.29150062399	3
Simulation_25	2.312	0.069	0.057	0.055	1.358	0.917	25	0.05	12000	1000	1	500	111	1	0	1	3	3	0	0	-1	-1	4321.1367223496	4
Simulation_26	2.815	0.046	0.12	0.091	0.73	0.238	26	0.05	12000	1000	1	500	111	1	0	1	0	1	1	-1	-1	-1	5318.57884023363	4
Simulation_27	1.809	0.092	0.246	0.018	1.985	0.691	27	0.05	12000	1000	1	500	111	1	0	1	84	86	2	0	-1	-1	4389.59184462503	3
Simulation_28	1.558	0.035	0.089	0.146	1.044	0.577	28	0.05	12000	1000	1	500	111	1	0	1	366	371	5	1	0.622520420070012	23	3113.8588736223	2
Simulation_29	2.564	0.08	0.214	0.073	2.299	0.125	29	0.05	12000	1000	1	500	111	1	0	1	1	1	0	0	-1	-1	2173.57120335942	3
Simulation_30	2.061	0.012	0.277	0.109	2.926	0.804	30	0.05	12000	1000	1	500	111	1	0	1	0	1	1	-1	-1	-1	5941.48913356705	4
Simulation_31	1.055	0.058	0.151	0.037	1.672	0.351	31	0.05	12000	1000	1	500	111	0	185	1	3609	3747	138	0	-1	-1	7693.39973588069	4
Simulation_32	1.086	0.034	0.202	0.089	2.26	0.676	32	0.05	12000	1000	1	500	111	0	195	1	2025	2035	10	1	0.690781796966161	363	2062.37610218194	1
Simulation_33	2.092	0.079	0.077	0.016	1.005	0.224	33	0.05	12000	1000	1	500	111	1	0	1	26	26	0	0	-1	-1	3395.19702085651	2
Simulation_34	2.595	0.011	0.14	0.125	1.632	0.903	34	0.05	12000	1000	1	500	111	1	0	1	0	1	1	-1	-1	-1	3841.49772102168	4
Simulation_35	1.589	0.056	0.265	0.052	2.887	0.45	35	0.05	12000	1000	1	500	111	1	0	1	1	1	0	0	-1	-1	4534.26747022865	3
Simulation_36	1.841	0.022	0.108	0.107	1.319	0.337	36	0.05	12000	1000	1	500	111	1	0	1	0	1	1	-1	-1	-1	5850.61394091324	4
Simulation_37	2.847	0.068	0.234	0.034	2.574	0.79	37	0.05	12000	1000	1	500	111	1	0	1	32	33	1	0	-1	-1	4215.57072120667	4
Simulation_38	2.344	0.045	0.297	0.143	1.946	0.111	38	0.05	12000	1000	1	500	111	1	0	1	0	1	1	-1	-1	-1	6404.54585192892	4
Simulation_39	1.338	0.09	0.171	0.071	0.691	0.563	39	0.05	12000	1000	1	500	111	1	0	1	0	1	1	-1	-1	-1	6153.55734404844	4
Simulation_40	1.464	0.017	0.25	0.025	0.848	0.62	40	0.05	12000	1000	1	500	111	1	0	1	92	96	4	1	0.435239206534422	1	4569.65284794973	3
Simulation_41	2.47	0.062	0.124	0.098	2.103	0.167	41	0.05	12000	1000	1	500	111	1	0	1	0	1	1	-1	-1	-1	5116.18989388541	4
Simulation_42	2.972	0.039	0.061	0.062	2.73	0.846	42	0.05	12000	1000	1	500	111	1	0	1	0	1	1	-1	-1	-1	7959.88157254979	5
Simulation_43	1.967	0.085	0.187	0.134	1.475	0.394	43	0.05	12000	1000	1	500	111	1	0	1	0	1	1	-1	-1	-1	5794.73037098102	4
Simulation_44	1.715	0.051	0.155	0.007	2.417	0.507	44	0.05	12000	1000	1	500	111	1	0	1	705	706	1	1	0.737456242707118	363	1406.28670183747	1
Simulation_45	2.721	0.096	0.281	0.08	1.162	0.959	45	0.05	12000	1000	1	500	111	1	0	1	1	1	0	0	-1	-1	3824.5751768708	2
Simulation_46	2.218	0.028	0.218	0.043	0.534	0.28	46	0.05	12000	1000	1	500	111	1	0	1	0	1	1	-1	-1	-1	6961.86292947744	4
Simulation_47	1.212	0.073	0.093	0.116	1.789	0.733	47	0.05	12000	1000	1	500	111	1	0	1	1395	1414	19	1	0.700700116686114	7	3395.19702085651	2
Simulation_48	1.149	0.031	0.116	0.148	2.966	0.988	48	0.05	12000	1000	1	500	111	1	0	1	0	1	1	-1	-1	-1	5066.52940654678	4
Simulation_49	2.155	0.076	0.242	0.075	1.711	0.535	49	0.05	12000	1000	1	500	111	1	0	1	260	268	8	1	0.61610268378063	1	7430.95249849783	5
Simulation_50	2.658	0.053	0.179	0.112	1.083	0.761	50	0.05	12000	1000	1	500	111	1	0	1	0	1	1	-1	-1	-1	7694.69140910804	5
Simulation_51	1.652	0.099	0.053	0.039	2.338	0.309	51	0.05	12000	1000	1	500	111	1	0	1	0	1	1	-1	-1	-1	5331.51212154335	4
Simulation_52	1.904	0.042	0.273	0.13	0.77	0.195	52	0.05	12000	1000	1	500	111	1	0	1	482	489	7	1	0.246791131855309	16	3260.30876219794	2
Simulation_53	2.91	0.087	0.148	0.057	2.025	0.648	53	0.05	12000	1000	1	500	111	1	0	1	42	42	0	0	-1	-1	4998.78882387969	2
Simulation_54	2.407	0.02	0.085	0.093	2.652	0.422	54	0.05	12000	1000	1	500	111	1	0	1	55	56	1	1	0.00116686114352392	27	1441.73228095064	1
Simulation_55	1.401	0.065	0.21	0.021	1.397	0.874	55	0.05	12000	1000	1	500	111	1	0	1	0	1	1	-1	-1	-1	5133.81696862347	2
Simulation_56	1.275	0.048	0.069	0.048	1.554	0.818	56	0.05	12000	1000	1	500	111	1	0	1	22	23	1	0	-1	-1	5103.46977542566	3
Simulation_57	2.281	0.093	0.195	0.121	2.809	0.365	57	0.05	12000	1000	1	500	111	1	0	1	1	1	0	1	0.73512252042007	1	4841.22865785881	3
Simulation_58	2.784	0.025	0.257	0.012	2.181	0.592	58	0.05	12000	1000	1	500	111	1	0	1	0	1	1	-1	-1	-1	5462.65166740175	4
Simulation_59	1.778	0.07	0.132	0.084	0.926	0.139	59	0.05	12000	1000	1	500	111	1	0	1	96	96	0	1	0.591015169194866	3	3356.88570176958	3
Simulation_60	1.527	0.014	0.226	0.066	1.868	0.252	60	0.05	12000	1000	1	500	111	1	0	1	0	1	1	-1	-1	-1	6068.74072134119	4
Simulation_61	2.532	0.059	0.1	0.139	0.613	0.705	61	0.05	12000	1000	1	500	111	1	0	1	1	1	0	0	-1	-1	2923.81170496233	2
Simulation_62	2.029	0.037	0.163	0.03	1.24	0.478	62	0.05	12000	1000	1	500	111	1	0	1	1142	1147	5	0	-1	-1	4109.90309422196	4
Simulation_63	1.024	0.082	0.289	0.103	2.495	0.931	63	0.05	12000	1000	1	500	111	0	35	1	1221	1223	2	1	1	1202	1982.63366672089	3
Simulation_64	1.039	0.046	0.161	0.122	1.025	0.882	64	0.05	12000	1000	1	500	111	1	0	1	6	6	0	1	0.643523920653442	2	4664.79241743922	3
Simulation_65	2.045	0.091	0.287	0.049	2.279	0.429	65	0.05	12000	1000	1	500	111	1	0	1	1687	1688	1	0	-1	-1	7365.42675143335	4
Simulation_66	2.548	0.023	0.224	0.085	2.907	0.655	66	0.05	12000	1000	1	500	111	1	0	1	0	1	1	-1	-1	-1	7673.07277298831	4
Simulation_67	1.542	0.068	0.099	0.013	1.652	0.203	67	0.05	12000	1000	1	500	111	1	0	1	1	1	0	0	-1	-1	5015.2531854344	3
Simulation_68	1.794	0.012	0.255	0.14	2.593	0.316	68	0.05	12000	1000	1	500	111	1	0	1	0	1	1	-1	-1	-1	5624.43939222204	4
Simulation_69	2.8	0.057	0.13	0.067	1.338	0.768	69	0.05	12000	1000	1	500	111	1	0	1	0	1	1	-1	-1	-1	5566.33120380901	4
Simulation_70	2.297	0.034	0.067	0.104	0.711	0.542	70	0.05	12000	1000	1	500	111	1	0	1	0	1	1	-1	-1	-1	6057.96276187423	4
Simulation_71	1.291	0.08	0.193	0.031	1.966	0.995	71	0.05	12000	1000	1	500	111	1	0	1	0	1	1	-1	-1	-1	6826.68735070909	4
Simulation_72	1.417	0.029	0.083	0.076	2.123	0.938	72	0.05	12000	1000	1	500	111	1	0	1	1333	1344	11	1	0.68144690781797	251	3824.5751768708	2
Simulation_73	2.422	0.074	0.208	0.149	0.868	0.485	73	0.05	12000	1000	1	500	111	1	0	1	0	1	1	-1	-1	-1	6072.18508566955	4
Simulation_74	2.925	0.051	0.271	0.04	1.495	0.712	74	0.05	12000	1000	1	500	111	1	0	1	0	1	1	-1	-1	-1	5618.18897241757	4
Simulation_75	1.919	0.097	0.146	0.113	2.75	0.259	75	0.05	12000	1000	1	500	111	1	0	1	11	11	0	1	0.795799299883314	11	4264.32809747601	3
Simulation_76	1.668	0.04	0.177	0.058	1.181	0.146	76	0.05	12000	1000	1	500	111	1	0	1	634	634	0	1	0.635355892648775	119	3975.51566463332	3
Simulation_77	2.674	0.085	0.051	0.131	2.436	0.599	77	0.05	12000	1000	1	500	111	1	0	1	62	64	2	1	0.67269544924154	6	4298.48634349225	2
Simulation_78	2.171	0.017	0.114	0.022	1.809	0.372	78	0.05	12000	1000	1	500	111	1	0	1	0	1	1	-1	-1	-1	5693.0283354899	2
Simulation_79	1.165	0.063	0.24	0.095	0.554	0.825	79	0.05	12000	1000	1	500	111	1	0	1	1	1	0	0	-1	-1	7907.42453695896	5
Simulation_80	1.228	0.02	0.216	0.099	1.73	0.57	80	0.05	12000	1000	1	500	111	0	59	1	1790	1877	87	1	0.698949824970828	1560	932.202272032328	1
Simulation_81	2.234	0.066	0.091	0.026	2.985	0.118	81	0.05	12000	1000	1	500	111	1	0	1	2	2	0	0	-1	-1	5043.86811147383	4
Simulation_82	2.737	0.043	0.153	0.136	2.358	0.797	82	0.05	12000	1000	1	500	111	1	0	1	49	49	0	1	0.634189031505251	3	3904.43543601787	4
Simulation_83	1.731	0.088	0.279	0.063	1.103	0.344	83	0.05	12000	1000	1	500	111	1	0	1	152	153	1	0	-1	-1	4342.06935172719	3
Simulation_84	1.982	0.054	0.059	0.081	2.044	0.457	84	0.05	12000	1000	1	500	111	1	0	1	0	1	1	-1	-1	-1	4842.25363161903	4
Simulation_85	2.988	0.099	0.185	0.008	0.789	0.91	85	0.05	12000	1000	1	500	111	1	0	1	1	1	0	0	-1	-1	3619.275574526	2
Simulation_86	2.485	0.032	0.248	0.117	1.417	0.231	86	0.05	12000	1000	1	500	111	1	0	1	292	292	0	1	0.563593932322054	35	2342.78554354859	1
Simulation_87	1.479	0.077	0.122	0.045	2.672	0.683	87	0.05	12000	1000	1	500	111	1	0	1	1976	1988	12	1	0.703033838973162	3	5852.88310628805	4
Simulation_88	1.354	0.037	0.295	0.017	2.828	0.74	88	0.05	12000	1000	1	500	111	1	0	1	0	1	1	-1	-1	-1	4295.06564352955	2
Simulation_89	2.36	0.082	0.169	0.09	1.574	0.287	89	0.05	12000	1000	1	500	111	1	0	1	411	411	0	1	0.892065344224037	411	2342.78554354859	1
Simulation_90	2.862	0.015	0.106	0.054	0.946	0.966	90	0.05	12000	1000	1	500	111	1	0	1	1	1	0	0	-1	-1	4004.128594347	4
Simulation_91	1.857	0.06	0.232	0.126	2.201	0.514	91	0.05	12000	1000	1	500	111	1	0	1	428	431	3	1	0.67269544924154	19	4589.91945703779	1
Simulation_92	1.605	0.026	0.138	0.035	0.632	0.401	92	0.05	12000	1000	1	500	111	1	0	1	2	2	0	0	-1	-1	3698.90509228998	2
Simulation_93	2.611	0.071	0.263	0.108	1.887	0.853	93	0.05	12000	1000	1	500	111	1	0	1	10	11	1	0	-1	-1	2743.48215804232	3
Simulation_94	2.108	0.049	0.2	0.072	2.515	0.174	94	0.05	12000	1000	1	500	111	1	0	1	1	1	0	0	-1	-1	3536.40178471846	2
Simulation_95	1.102	0.094	0.075	0.145	1.26	0.627	95	0.05	12000	1000	1	500	111	1	0	1	725	736	11	1	0.936406067677946	18	5979.0855212635	4
Simulation_96	1.071	0.022	0.283	0.056	1.77	0.528	96	0.05	12000	1000	1	500	111	1	0	1	82	86	4	0	-1	-1	3497.8590701262	3
Simulation_97	2.077	0.067	0.157	0.129	0.515	0.981	97	0.05	12000	1000	1	500	111	1	0	1	1	1	0	1	0.146441073512252	1	4428.82234976098	2
Simulation_98	2.58	0.044	0.095	0.02	1.142	0.302	98	0.05	12000	1000	1	500	111	1	0	1	15	15	0	0	-1	-1	3556.03754992278	2
Simulation_99	1.574	0.09	0.22	0.092	2.397	0.754	99	0.05	12000	1000	1	500	111	1	0	1	77	77	0	0	-1	-1	7897.58921157818	5
Simulation_100	1.825	0.033	0.126	0.074	1.456	0.641	100	0.05	12000	1000	1	500	111	1	0	1	287	290	3	1	0.610851808634773	31	2683.12229750809	3
Simulation_101	2.831	0.078	0.251	0.147	2.711	0.188	101	0.05	12000	1000	1	500	111	1	0	1	5	5	0	0	-1	-1	4786.46681246907	2
Simulation_102	2.328	0.01	0.189	0.038	2.083	0.867	102	0.05	12000	1000	1	500	111	1	0	1	0	1	1	-1	-1	-1	3282.01274136815	3
Simulation_103	1.322	0.056	0.063	0.11	0.828	0.415	103	0.05	12000	1000	1	500	111	1	0	1	352	360	8	1	0.692532088681447	6	2386.57422680028	3
Simulation_104	1.448	0.05	0.236	0.138	0.672	0.358	104	0.05	12000	1000	1	500	111	1	0	1	13	15	2	0	-1	-1	6484.43171827345	4
Simulation_105	2.454	0.095	0.11	0.065	1.926	0.811	105	0.05	12000	1000	1	500	111	1	0	1	20	20	0	0	-1	-1	4365.35716758942	2
Simulation_106	2.957	0.027	0.173	0.101	2.554	0.132	106	0.05	12000	1000	1	500	111	1	0	1	0	1	1	-1	-1	-1	6302.56369082561	4
Simulation_107	1.951	0.073	0.299	0.029	1.299	0.584	107	0.05	12000	1000	1	500	111	1	0	1	232	232	0	1	0.984247374562427	116	3579.8627495751	2
Simulation_108	1.699	0.016	0.079	0.12	2.868	0.698	108	0.05	12000	1000	1	500	111	1	0	1	0	1	1	-1	-1	-1	3983.06573880606	4
Simulation_109	2.705	0.061	0.204	0.047	1.613	0.245	109	0.05	12000	1000	1	500	111	1	0	1	3	3	0	0	-1	-1	4679.55755547695	2
Simulation_110	2.202	0.039	0.267	0.083	0.985	0.924	110	0.05	12000	1000	1	500	111	1	0	1	0	1	1	-1	-1	-1	6053.48398123341	4
Simulation_111	1.196	0.084	0.142	0.01	2.24	0.471	111	0.05	12000	1000	1	500	111	0	1	1	2410	2412	2	1	0.950408401400233	1479	2585.44048073506	2
Simulation_112	1.134	0.041	0.102	0.033	2.475	0.217	112	0.05	12000	1000	1	500	111	1	0	1	0	1	1	-1	-1	-1	5504.66404212704	4
Simulation_113	2.139	0.087	0.228	0.106	1.221	0.669	113	0.05	12000	1000	1	500	111	1	0	1	10	10	0	0	-1	-1	7616.53090014366	5
Simulation_114	2.642	0.019	0.291	0.07	0.593	0.443	114	0.05	12000	1000	1	500	111	1	0	1	0	1	1	-1	-1	-1	5483.78593256906	4
Simulation_115	1.637	0.064	0.165	0.142	1.848	0.896	115	0.05	12000	1000	1	500	111	1	0	1	36	37	1	0	-1	-1	3426.39713954656	2
Simulation_116	1.888	0.03	0.197	0.015	0.907	0.783	116	0.05	12000	1000	1	500	111	1	0	1	0	1	1	-1	-1	-1	7528.18515907787	4
Simulation_117	2.894	0.075	0.071	0.088	2.162	0.33	117	0.05	12000	1000	1	500	111	1	0	1	0	1	1	-1	-1	-1	4781.82430198646	4
Simulation_118	2.391	0.053	0.134	0.051	2.789	0.556	118	0.05	12000	1000	1	500	111	1	0	1	0	1	1	-1	-1	-1	5105.70572651081	2
Simulation_119	1.385	0.098	0.259	0.124	1.534	0.104	119	0.05	12000	1000	1	500	111	1	0	1	0	1	1	-1	-1	-1	5216.82296364839	4
Simulation_120	1.259	0.013	0.15	0.079	1.377	0.16	120	0.05	12000	1000	1	500	111	1	0	1	0	1	1	-1	-1	-1	6013.70404501876	4
Simulation_121	2.265	0.058	0.275	0.006	2.632	0.613	121	0.05	12000	1000	1	500	111	1	0	1	0	1	1	-1	-1	-1	4739.04776808766	4
Simulation_122	2.768	0.036	0.212	0.115	2.005	0.386	122	0.05	12000	1000	1	500	111	1	0	1	145	146	1	1	0.596849474912485	21	2491.39119453214	3
Simulation_123	1.762	0.081	0.087	0.042	0.75	0.839	123	0.05	12000	1000	1	500	111	1	0	1	1	1	0	0	-1	-1	2743.48215804232	3
Simulation_124	1.511	0.047	0.244	0.097	2.319	0.952	124	0.05	12000	1000	1	500	111	1	0	1	0	1	1	-1	-1	-1	6355.45368578797	4
Simulation_125	2.517	0.092	0.118	0.024	1.064	0.5	125	0.05	12000	1000	1	500	111	1	0	1	51	51	0	0	-1	-1	5336.99237076006	2
Simulation_126	2.014	0.024	0.055	0.133	1.691	0.726	126	0.05	12000	1000	1	500	111	1	0	1	977	1003	26	1	0.491831971995333	8	8135.31576663693	5
Simulation_127	1.008	0.07	0.181	0.06	2.946	0.273	127	0.05	12000	1000	1	500	111	1	0	1	0	1	1	-1	-1	-1	5158.60282998832	4
Simulation_128	1.016	0.04	0.247	0.142	1.662	0.475	128	0.05	12000	1000	1	500	111	0	161	1	2383	2457	74	1	0.683780630105018	156	2222.71617445298	2
Simulation_129	2.022	0.085	0.121	0.069	2.917	0.928	129	0.05	12000	1000	1	500	111	1	0	1	167	167	0	1	0.992415402567094	160	2014.40978101725	3
Simulation_130	2.525	0.017	0.058	0.105	2.289	0.249	130	0.05	12000	1000	1	500	111	1	0	1	0	1	1	-1	-1	-1	4797.98071903594	4
Simulation_131	1.519	0.062	0.184	0.033	1.034	0.701	131	0.05	12000	1000	1	500	111	1	0	1	0	1	1	-1	-1	-1	6306.66910529935	4
Simulation_132	1.77	0.028	0.152	0.124	1.975	0.588	132	0.05	12000	1000	1	500	111	1	0	1	0	1	1	-1	-1	-1	5078.36539351176	4
Simulation_133	2.776	0.074	0.278	0.051	0.721	0.135	133	0.05	12000	1000	1	500	111	1	0	1	13	13	0	0	-1	-1	4907.93002319331	2
Simulation_134	2.273	0.051	0.215	0.087	1.348	0.814	134	0.05	12000	1000	1	500	111	1	0	1	0	1	1	-1	-1	-1	4704.69335949986	3
Simulation_135	1.267	0.096	0.09	0.014	2.603	0.362	135	0.05	12000	1000	1	500	111	1	0	1	0	1	1	-1	-1	-1	5190.0987741751	3
Simulation_136	1.393	0.011	0.2	0.042	2.76	0.418	136	0.05	12000	1000	1	500	111	1	0	1	0	1	1	-1	-1	-1	4287.99893289597	4
Simulation_137	2.399	0.057	0.074	0.114	1.505	0.871	137	0.05	12000	1000	1	500	111	1	0	1	3	4	1	1	0.65460910151692	1	2237.33673351563	1
Simulation_138	2.902	0.034	0.137	0.005	0.877	0.192	138	0.05	12000	1000	1	500	111	1	0	1	102	102	0	1	0.590431738623104	11	2890.03769595014	1
Simulation_139	1.896	0.079	0.262	0.078	2.132	0.645	139	0.05	12000	1000	1	500	111	1	0	1	383	383	0	1	0.71120186697783	2	3699.65135090095	2
Simulation_140	1.644	0.045	0.105	0.06	0.564	0.758	140	0.05	12000	1000	1	500	111	1	0	1	1	1	0	0	-1	-1	4775.98751861671	1
Simulation_141	2.65	0.091	0.231	0.133	1.819	0.305	141	0.05	12000	1000	1	500	111	1	0	1	2	2	0	1	0.743873978996499	2	2915.61477082575	2
Simulation_142	2.147	0.023	0.294	0.023	2.446	0.984	142	0.05	12000	1000	1	500	111	1	0	1	0	1	1	-1	-1	-1	6013.70404501876	4
Simulation_143	1.141	0.068	0.168	0.096	1.191	0.531	143	0.05	12000	1000	1	500	111	0	7	1	3063	3097	34	1	1	1331	3577.00506567493	2
Simulation_144	1.204	0.026	0.066	0.092	1.113	0.277	144	0.05	12000	1000	1	500	111	1	0	1	0	1	1	-1	-1	-1	4637.2799523033	2
Simulation_145	2.21	0.071	0.192	0.019	2.368	0.729	145	0.05	12000	1000	1	500	111	1	0	1	228	228	0	0	-1	-1	5229.88122015012	2
Simulation_146	2.713	0.048	0.254	0.128	2.995	0.503	146	0.05	12000	1000	1	500	111	1	0	1	9	9	0	0	-1	-1	3513.41688064546	2
Simulation_147	1.707	0.093	0.129	0.055	1.74	0.956	147	0.05	12000	1000	1	500	111	1	0	1	1	2	1	0	-1	-1	2014.40978101725	1
Simulation_148	1.959	0.037	0.223	0.11	2.681	0.843	148	0.05	12000	1000	1	500	111	1	0	1	0	1	1	-1	-1	-1	7761.98951339721	5
Simulation_149	2.965	0.082	0.098	0.037	1.426	0.39	149	0.05	12000	1000	1	500	111	1	0	1	134	134	0	1	0.975495915985998	134	1575.107603711	1
Simulation_150	2.462	0.014	0.16	0.146	0.799	0.616	150	0.05	12000	1000	1	500	111	1	0	1	0	1	1	-1	-1	-1	6099.65475815905	4
Simulation_151	1.456	0.06	0.286	0.074	2.054	0.164	151	0.05	12000	1000	1	500	111	1	0	1	27	27	0	1	0.665110851808635	9	1604.64387331788	1
Simulation_152	1.33	0.054	0.113	0.028	2.211	0.107	152	0.05	12000	1000	1	500	111	1	0	1	0	1	1	-1	-1	-1	6743.48942146076	4
Simulation_153	2.336	0.099	0.239	0.101	0.956	0.56	153	0.05	12000	1000	1	500	111	1	0	1	4	4	0	0	-1	-1	5852.88310628805	3
Simulation_154	2.839	0.031	0.176	0.064	1.583	0.333	154	0.05	12000	1000	1	500	111	1	0	1	65	65	0	1	0.550758459743291	6	5212.22425473948	3
Simulation_155	1.833	0.076	0.05	0.137	2.838	0.786	155	0.05	12000	1000	1	500	111	1	0	1	348	353	5	1	0.848891481913652	46	3450.45366013185	3
Simulation_156	1.582	0.02	0.27	0.01	1.27	0.899	156	0.05	12000	1000	1	500	111	1	0	1	0	1	1	-1	-1	-1	6201.27327014718	4
Simulation_157	2.587	0.065	0.145	0.083	2.525	0.447	157	0.05	12000	1000	1	500	111	1	0	1	0	1	1	-1	-1	-1	6153.55734404844	4
Simulation_158	2.084	0.043	0.082	0.046	1.897	0.673	158	0.05	12000	1000	1	500	111	1	0	1	226	227	1	0	-1	-1	4667.76282410585	3
Simulation_159	1.079	0.088	0.207	0.119	0.642	0.22	159	0.05	12000	1000	1	500	111	0	97	1	1968	2028	60	1	0.899066511085181	17	6727.53260801999	4
Simulation_160	1.11	0.016	0.133	0.062	2.407	0.828	160	0.05	12000	1000	1	500	111	1	0	1	0	1	1	-1	-1	-1	5318.57884023363	4
Simulation_161	2.116	0.061	0.258	0.135	1.152	0.376	161	0.05	12000	1000	1	500	111	1	0	1	0	1	1	-1	-1	-1	7173.7806867183	5
Simulation_162	2.619	0.038	0.196	0.026	0.525	0.602	162	0.05	12000	1000	1	500	111	1	0	1	2	2	0	1	0.088098016336056	1	3475.82205095201	2
Simulation_163	1.613	0.084	0.07	0.099	1.779	0.15	163	0.05	12000	1000	1	500	111	1	0	1	1	1	0	0	-1	-1	5551.92663877178	3
Simulation_164	1.864	0.05	0.29	0.044	0.838	0.263	164	0.05	12000	1000	1	500	111	1	0	1	0	1	1	-1	-1	-1	5162.69113571736	2
Simulation_165	2.87	0.095	0.164	0.117	2.093	0.715	165	0.05	12000	1000	1	500	111	1	0	1	44	45	1	1	0.780046674445741	5	7682.17090072213	5
Simulation_166	2.367	0.027	0.101	0.008	2.721	0.489	166	0.05	12000	1000	1	500	111	1	0	1	88	88	0	0	-1	-1	3014.34680820634	2
Simulation_167	1.361	0.072	0.227	0.08	1.466	0.942	167	0.05	12000	1000	1	500	111	1	0	1	8	9	1	0	-1	-1	4794.07790303578	3
Simulation_168	1.487	0.033	0.054	0.126	1.309	0.998	168	0.05	12000	1000	1	500	111	1	0	1	0	1	1	-1	-1	-1	6257.63227088988	4
Simulation_169	2.493	0.078	0.18	0.053	2.564	0.546	169	0.05	12000	1000	1	500	111	1	0	1	9	9	0	0	-1	-1	3788.67478607113	2
Simulation_170	2.996	0.01	0.243	0.089	1.936	0.772	170	0.05	12000	1000	1	500	111	1	0	1	0	1	1	-1	-1	-1	5794.73037098102	4
Simulation_171	1.99	0.055	0.117	0.017	0.681	0.319	171	0.05	12000	1000	1	500	111	1	0	1	48	48	0	1	0.9463243873979	32	2569.08684483381	2
Simulation_172	1.739	0.021	0.211	0.144	2.25	0.206	172	0.05	12000	1000	1	500	111	1	0	1	12	13	1	0	-1	-1	3256.89567651236	3
Simulation_173	2.745	0.067	0.086	0.071	0.995	0.659	173	0.05	12000	1000	1	500	111	1	0	1	3	3	0	0	-1	-1	4092.50713703774	2
Simulation_174	2.242	0.044	0.149	0.108	1.623	0.432	174	0.05	12000	1000	1	500	111	1	0	1	1089	1096	7	1	0.613768961493582	20	4117.31287383535	2
Simulation_175	1.236	0.089	0.274	0.035	2.877	0.885	175	0.05	12000	1000	1	500	111	0	34	1	1466	1469	3	1	1	1205	2656.66292715628	3
Simulation_176	1.173	0.047	0.188	0.012	1.858	0.63	176	0.05	12000	1000	1	500	111	1	0	1	0	1	1	-1	-1	-1	5722.20555043624	4
Simulation_177	2.179	0.092	0.062	0.085	0.603	0.178	177	0.05	12000	1000	1	500	111	1	0	1	68	68	0	1	0.845974329054842	3	2395.96140571439	2
Simulation_178	2.682	0.024	0.125	0.048	1.23	0.857	178	0.05	12000	1000	1	500	111	1	0	1	0	1	1	-1	-1	-1	4623.93718874052	3
Simulation_179	1.676	0.069	0.25	0.121	2.485	0.404	179	0.05	12000	1000	1	500	111	1	0	1	1	1	0	0	-1	-1	2951.93691160181	3
Simulation_180	1.927	0.013	0.094	0.03	1.544	0.517	180	0.05	12000	1000	1	500	111	1	0	1	0	1	1	-1	-1	-1	3601.18521693012	2
Simulation_181	2.933	0.058	0.219	0.103	2.799	0.97	181	0.05	12000	1000	1	500	111	1	0	1	0	1	1	-1	-1	-1	5828.73024814921	4
Simulation_182	2.43	0.035	0.282	0.067	2.172	0.291	182	0.05	12000	1000	1	500	111	1	0	1	0	1	1	-1	-1	-1	5941.48913356705	4
Simulation_183	1.424	0.081	0.156	0.139	0.917	0.744	183	0.05	12000	1000	1	500	111	1	0	1	7	7	0	0	-1	-1	5313.16096319049	3
Simulation_184	1.299	0.03	0.266	0.112	0.76	0.687	184	0.05	12000	1000	1	500	111	1	0	1	1	2	1	0	-1	-1	5924.50594874793	4
Simulation_185	2.305	0.075	0.141	0.039	2.015	0.234	185	0.05	12000	1000	1	500	111	1	0	1	3	3	0	1	0.692532088681447	2	3325.21412482363	2
Simulation_186	2.807	0.052	0.078	0.149	2.642	0.913	186	0.05	12000	1000	1	500	111	1	0	1	6	6	0	1	0.617269544924154	1	3067.26756076712	3
Simulation_187	1.802	0.098	0.203	0.076	1.387	0.461	187	0.05	12000	1000	1	500	111	1	0	1	319	321	2	1	0.758459743290548	5	4766.6239172548	2
Simulation_188	1.55	0.041	0.172	0.094	2.956	0.348	188	0.05	12000	1000	1	500	111	1	0	1	0	1	1	-1	-1	-1	6645.3911838384	4
Simulation_189	2.556	0.086	0.298	0.021	1.701	0.8	189	0.05	12000	1000	1	500	111	1	0	1	8	8	0	0	-1	-1	3804.33374488539	2
Simulation_190	2.053	0.018	0.235	0.13	1.074	0.121	190	0.05	12000	1000	1	500	111	1	0	1	0	1	1	-1	-1	-1	5413.49327467193	4
Simulation_191	1.047	0.064	0.109	0.058	2.328	0.574	191	0.05	12000	1000	1	500	111	0	180	1	1690	1693	3	1	0.987164527421237	1555	1604.64387331788	1
Simulation_192	1.031	0.028	0.233	0.041	1.132	0.737	192	0.05	12000	1000	1	500	111	1	0	1	3	4	1	0	-1	-1	5741.42042816465	3
Simulation_193	2.037	0.073	0.107	0.113	2.387	0.284	193	0.05	12000	1000	1	500	111	1	0	1	1	1	0	0	-1	-1	3762.13311525327	3
Simulation_194	2.54	0.05	0.17	0.077	1.76	0.963	194	0.05	12000	1000	1	500	111	1	0	1	0	1	1	-1	-1	-1	6745.09467722558	4
Simulation_195	1.534	0.096	0.296	0.15	0.505	0.51	195	0.05	12000	1000	1	500	111	1	0	1	2	2	0	1	0.072928821470245	1	4426.60651197216	4
Simulation_196	1.786	0.039	0.076	0.022	2.074	0.397	196	0.05	12000	1000	1	500	111	1	0	1	0	1	1	-1	-1	-1	3648.66585188855	2
Simulation_197	2.792	0.084	0.201	0.095	0.819	0.85	197	0.05	12000	1000	1	500	111	1	0	1	1	1	0	0	-1	-1	3948.76999996227	2
Simulation_198	2.289	0.016	0.264	0.059	1.446	0.171	198	0.05	12000	1000	1	500	111	1	0	1	48	48	0	0	-1	-1	4664.79241743922	1
Simulation_199	1.283	0.062	0.139	0.132	2.701	0.623	199	0.05	12000	1000	1	500	111	0	8	1	2514	2549	35	1	0.787047841306884	568	2467.11446287283	2
Simulation_200	1.409	0.045	0.28	0.086	2.544	0.567	200	0.05	12000	1000	1	500	111	1	0	1	0	1	1	-1	-1	-1	5432.60640709706	3
Simulation_201	2.415	0.09	0.154	0.013	1.289	0.114	201	0.05	12000	1000	1	500	111	1	0	1	0	1	1	-1	-1	-1	5749.5973723469	4
Simulation_202	2.917	0.022	0.092	0.122	0.662	0.793	202	0.05	12000	1000	1	500	111	1	0	1	0	1	1	-1	-1	-1	5256.33477927336	2
Simulation_203	1.912	0.067	0.217	0.05	1.917	0.34	203	0.05	12000	1000	1	500	111	1	0	1	4	4	0	0	-1	-1	4495.04810734572	2
Simulation_204	1.66	0.011	0.123	0.104	0.975	0.454	204	0.05	12000	1000	1	500	111	1	0	1	0	1	1	-1	-1	-1	4660.22648903829	2
Simulation_205	2.666	0.056	0.249	0.031	2.23	0.906	205	0.05	12000	1000	1	500	111	1	0	1	0	1	1	-1	-1	-1	5784.13678737143	4
Simulation_206	2.163	0.033	0.186	0.141	2.858	0.227	206	0.05	12000	1000	1	500	111	1	0	1	0	1	1	-1	-1	-1	5472.61717745239	4
Simulation_207	1.157	0.079	0.06	0.068	1.603	0.68	207	0.05	12000	1000	1	500	111	0	77	1	1245	1245	0	1	1	1243	1682.25849232411	2
Simulation_208	1.22	0.036	0.147	0.054	0.583	0.935	208	0.05	12000	1000	1	500	111	1	0	1	1	1	0	0	-1	-1	3320.12169378307	3
Simulation_209	2.226	0.081	0.272	0.127	1.838	0.482	209	0.05	12000	1000	1	500	111	1	0	1	93	96	3	1	0.0058343057176196	1	4052.57125109198	2
Simulation_210	2.729	0.014	0.209	0.018	2.466	0.708	210	0.05	12000	1000	1	500	111	1	0	1	0	1	1	-1	-1	-1	5637.75734313355	4
Simulation_211	1.723	0.059	0.084	0.091	1.211	0.256	211	0.05	12000	1000	1	500	111	1	0	1	0	1	1	-1	-1	-1	5418.41292048528	4
Simulation_212	1.974	0.025	0.241	0.072	2.779	0.142	212	0.05	12000	1000	1	500	111	1	0	1	1	1	0	1	0.00116686114352392	1	1483.12134366345	1
Simulation_213	2.98	0.07	0.115	0.145	1.525	0.595	213	0.05	12000	1000	1	500	111	1	0	1	40	42	2	1	0.256709451575263	3	2701.02512999587	1
Simulation_214	2.477	0.047	0.052	0.036	0.897	0.369	214	0.05	12000	1000	1	500	111	1	0	1	145	146	1	0	-1	-1	2316.74178092533	2
Simulation_215	1.472	0.093	0.178	0.109	2.152	0.821	215	0.05	12000	1000	1	500	111	1	0	1	244	246	2	1	0.980163360560093	149	3804.33374488539	2
Simulation_216	1.346	0.019	0.1	0.136	1.995	0.878	216	0.05	12000	1000	1	500	111	1	0	1	63	70	7	0	-1	-1	4463.33788310155	3
Simulation_217	2.352	0.064	0.225	0.063	0.74	0.425	217	0.05	12000	1000	1	500	111	1	0	1	2	3	1	0	-1	-1	1910.25658429938	1
Simulation_218	2.855	0.042	0.288	0.1	1.368	0.652	218	0.05	12000	1000	1	500	111	1	0	1	34	34	0	0	-1	-1	2173.57120335942	3
Simulation_219	1.849	0.087	0.162	0.027	2.623	0.199	219	0.05	12000	1000	1	500	111	0	81	1	1221	1221	0	1	0.900233372228705	1221	2072.12332360469	3
Simulation_220	1.597	0.053	0.194	0.118	1.681	0.312	220	0.05	12000	1000	1	500	111	1	0	1	12	12	0	0	-1	-1	3575.08075462478	2
Simulation_221	2.603	0.098	0.068	0.045	2.936	0.765	221	0.05	12000	1000	1	500	111	1	0	1	67	68	1	0	-1	-1	5104.29834117351	4
Simulation_222	2.1	0.031	0.131	0.081	2.309	0.539	222	0.05	12000	1000	1	500	111	1	0	1	0	1	1	-1	-1	-1	5275.89920717669	3
Simulation_223	1.094	0.076	0.256	0.009	1.054	0.991	223	0.05	12000	1000	1	500	111	1	0	1	0	1	1	-1	-1	-1	5591.76794547674	4
Simulation_224	1.063	0.052	0.088	0.102	2.897	0.157	224	0.05	12000	1000	1	500	111	1	0	1	0	1	1	-1	-1	-1	5591.76794547674	4
Simulation_225	2.069	0.097	0.213	0.029	1.642	0.609	225	0.05	12000	1000	1	500	111	1	0	1	0	1	1	-1	-1	-1	6255.31102455239	4
Simulation_226	2.572	0.029	0.276	0.138	1.015	0.383	226	0.05	12000	1000	1	500	111	1	0	1	0	1	1	-1	-1	-1	4999.22665946651	2
Simulation_227	1.566	0.074	0.15	0.066	2.27	0.836	227	0.05	12000	1000	1	500	111	1	0	1	49	49	0	0	-1	-1	4377.8350543889	2
Simulation_228	1.817	0.018	0.182	0.084	0.701	0.949	228	0.05	12000	1000	1	500	111	1	0	1	0	1	1	-1	-1	-1	5124.00766474821	3
Simulation_229	2.823	0.063	0.056	0.011	1.956	0.496	229	0.05	12000	1000	1	500	111	1	0	1	89	89	0	1	0.726371061843641	51	2448.23435358155	1
Simulation_230	2.32	0.04	0.119	0.12	2.583	0.722	230	0.05	12000	1000	1	500	111	1	0	1	314	316	2	1	0.64585764294049	106	2026.43911344971	1
Simulation_231	1.314	0.086	0.245	0.047	1.328	0.27	231	0.05	12000	1000	1	500	111	1	0	1	0	1	1	-1	-1	-1	5032.91015084504	4
Simulation_232	1.44	0.023	0.166	0.02	1.485	0.213	232	0.05	12000	1000	1	500	111	1	0	1	225	232	7	0	-1	-1	4463.33788310155	3
Simulation_233	2.446	0.069	0.292	0.093	2.74	0.666	233	0.05	12000	1000	1	500	111	1	0	1	0	1	1	-1	-1	-1	5292.80100455148	4
Simulation_234	2.949	0.046	0.229	0.056	2.113	0.439	234	0.05	12000	1000	1	500	111	1	0	1	172	172	0	0	-1	-1	2866.54190893857	2
Simulation_235	1.943	0.091	0.103	0.129	0.858	0.892	235	0.05	12000	1000	1	500	111	1	0	1	1	1	0	0	-1	-1	5301.26941047859	4
Simulation_236	1.692	0.035	0.26	0.038	1.799	0.779	236	0.05	12000	1000	1	500	111	1	0	1	0	1	1	-1	-1	-1	5026.02530493926	4
Simulation_237	2.697	0.08	0.135	0.111	0.544	0.326	237	0.05	12000	1000	1	500	111	1	0	1	1	1	0	0	-1	-1	5624.88703206687	4
Simulation_238	2.194	0.012	0.072	0.075	1.172	0.553	238	0.05	12000	1000	1	500	111	1	0	1	0	1	1	-1	-1	-1	5253.79958759889	2
Simulation_239	1.189	0.057	0.198	0.147	2.426	0.1	239	0.05	12000	1000	1	500	111	1	0	1	6	6	0	0	-1	-1	2914.83474279039	2
Simulation_240	1.126	0.015	0.3	0.116	2.348	0.355	240	0.05	12000	1000	1	500	111	1	0	1	0	1	1	-1	-1	-1	7297.01490370235	4
Simulation_241	2.132	0.06	0.174	0.043	1.093	0.807	241	0.05	12000	1000	1	500	111	1	0	1	0	1	1	-1	-1	-1	5116.18989388541	4
Simulation_242	2.635	0.038	0.111	0.079	1.721	0.128	242	0.05	12000	1000	1	500	111	1	0	1	46	46	0	1	0.340723453908985	6	2773.03160875576	2
Simulation_243	1.629	0.083	0.237	0.006	2.975	0.581	243	0.05	12000	1000	1	500	111	1	0	1	0	1	1	-1	-1	-1	4808.3865548768	4
Simulation_244	1.88	0.049	0.143	0.134	1.407	0.694	244	0.05	12000	1000	1	500	111	1	0	1	59	60	1	1	0.619603267211202	3	4018.69720531727	3
Simulation_245	2.886	0.094	0.268	0.061	2.662	0.241	245	0.05	12000	1000	1	500	111	1	0	1	1	1	0	0	-1	-1	6419.94310373655	4
Simulation_246	2.383	0.026	0.205	0.097	2.034	0.92	246	0.05	12000	1000	1	500	111	1	0	1	0	1	1	-1	-1	-1	6692.56654156083	4
Simulation_247	1.377	0.072	0.08	0.025	0.779	0.468	247	0.05	12000	1000	1	500	111	1	0	1	152	152	0	1	0.987164527421237	152	1452.39101113029	1
Simulation_248	1.251	0.043	0.221	0.07	0.936	0.524	248	0.05	12000	1000	1	500	111	1	0	1	129	133	4	0	-1	-1	3541.15357138862	3
Simulation_249	2.257	0.089	0.096	0.143	2.191	0.977	249	0.05	12000	1000	1	500	111	1	0	1	2	2	0	0	-1	-1	2695.53407604859	2
Simulation_250	2.76	0.021	0.158	0.034	2.819	0.298	250	0.05	12000	1000	1	500	111	1	0	1	0	1	1	-1	-1	-1	5253.79958759889	4
Simulation_251	1.754	0.066	0.284	0.106	1.564	0.751	251	0.05	12000	1000	1	500	111	1	0	1	106	106	0	1	0.977246207701284	34	2535.17576460658	3
Simulation_252	1.503	0.032	0.064	0.052	2.505	0.638	252	0.05	12000	1000	1	500	111	0	97	1	2494	2515	21	1	0.240373395565928	25	4912.06253787755	4
Simulation_253	2.509	0.077	0.19	0.125	1.25	0.185	253	0.05	12000	1000	1	500	111	1	0	1	19	19	0	0	-1	-1	2062.37610218194	1
Simulation_254	2.006	0.055	0.252	0.016	0.623	0.864	254	0.05	12000	1000	1	500	111	1	0	1	3	3	0	1	0.677946324387398	1	2767.28052608645	2
Simulation_255	1	0.1	0.127	0.088	1.877	0.411	255	0.05	12000	1000	1	500	111	0	128	1	3297	3318	21	1	0.934072345390898	690	3556.03754992278	2
Simulation_256	1.004	0.055	0.214	0.046	2.588	0.979	256	0.05	12000	1000	1	500	111	0	155	1	1851	1852	1	1	1	1791	1635.240861546	1
Simulation_257	2.01	0.1	0.088	0.119	1.333	0.526	257	0.05	12000	1000	1	500	111	1	0	1	0	1	1	-1	-1	-1	5489.468067624	2
Simulation_258	2.513	0.032	0.151	0.01	0.706	0.752	258	0.05	12000	1000	1	500	111	1	0	1	0	1	1	-1	-1	-1	5749.5973723469	4
Simulation_259	1.507	0.077	0.276	0.082	1.961	0.3	259	0.05	12000	1000	1	500	111	1	0	1	1	1	0	0	-1	-1	3840.98271305642	2
Simulation_260	1.758	0.021	0.057	0.064	1.02	0.187	260	0.05	12000	1000	1	500	111	1	0	1	0	1	1	-1	-1	-1	3980.99331143716	2
Simulation_261	2.764	0.066	0.182	0.137	2.275	0.639	261	0.05	12000	1000	1	500	111	1	0	1	87	89	2	1	0.71120186697783	7	3035.85659088234	1
Simulation_262	2.261	0.043	0.245	0.028	2.902	0.413	262	0.05	12000	1000	1	500	111	1	0	1	58	58	0	1	0.581096849474912	10	4519.40307217328	2
Simulation_263	1.255	0.089	0.12	0.101	1.647	0.866	263	0.05	12000	1000	1	500	111	1	0	1	27	27	0	0	-1	-1	5059.04601447907	3
Simulation_264	1.381	0.026	0.292	0.146	1.176	0.809	264	0.05	12000	1000	1	500	111	1	0	1	0	1	1	-1	-1	-1	4891.43499578229	4
Simulation_265	2.387	0.072	0.167	0.073	2.431	0.356	265	0.05	12000	1000	1	500	111	1	0	1	56	56	0	1	0.823803967327888	56	2131.88792348267	1
Simulation_266	2.89	0.049	0.104	0.11	1.804	0.583	266	0.05	12000	1000	1	500	111	1	0	1	57	58	1	1	0.643523920653442	3	3698.90509228998	2
Simulation_267	1.884	0.094	0.229	0.037	0.549	0.13	267	0.05	12000	1000	1	500	111	1	0	1	0	1	1	-1	-1	-1	6206.65858933887	4
Simulation_268	1.633	0.038	0.135	0.128	2.118	0.243	268	0.05	12000	1000	1	500	111	1	0	1	1029	1031	2	1	0.614935822637106	178	5124.00766474821	2
Simulation_269	2.639	0.083	0.261	0.055	0.863	0.696	269	0.05	12000	1000	1	500	111	1	0	1	2	2	0	0	-1	-1	3078.94875463868	2
Simulation_270	2.136	0.015	0.198	0.091	1.49	0.47	270	0.05	12000	1000	1	500	111	1	0	1	137	144	7	0	-1	-1	2701.02512999587	1
Simulation_271	1.13	0.06	0.073	0.019	2.745	0.922	271	0.05	12000	1000	1	500	111	1	0	1	0	1	1	-1	-1	-1	4314.38936784428	4
Simulation_272	1.193	0.012	0.175	0.023	2.039	0.668	272	0.05	12000	1000	1	500	111	0	76	1	1763	1814	51	0	-1	-1	4972.84699010762	3
Simulation_273	2.198	0.058	0.3	0.096	0.784	0.215	273	0.05	12000	1000	1	500	111	1	0	1	0	1	1	-1	-1	-1	4452.92480202082	4
Simulation_274	2.701	0.035	0.237	0.06	1.412	0.894	274	0.05	12000	1000	1	500	111	1	0	1	0	1	1	-1	-1	-1	6053.2293416581	4
Simulation_275	1.695	0.08	0.112	0.132	2.667	0.441	275	0.05	12000	1000	1	500	111	1	0	1	1	1	0	0	-1	-1	2165.83380140296	1
Simulation_276	1.947	0.046	0.269	0.005	1.725	0.328	276	0.05	12000	1000	1	500	111	1	0	1	123	123	0	1	0.634189031505251	24	4463.33788310155	3
Simulation_277	2.953	0.092	0.143	0.078	2.98	0.781	277	0.05	12000	1000	1	500	111	1	0	1	0	1	1	-1	-1	-1	6578.80053075996	4
Simulation_278	2.45	0.024	0.08	0.041	2.353	0.102	278	0.05	12000	1000	1	500	111	1	0	1	51	54	3	0	-1	-1	2883.87581901657	2
Simulation_279	1.444	0.069	0.206	0.114	1.098	0.554	279	0.05	12000	1000	1	500	111	1	0	1	349	351	2	1	0.988331388564761	98	4195.59684767855	2
Simulation_280	1.318	0.041	0.096	0.087	0.627	0.611	280	0.05	12000	1000	1	500	111	1	0	1	0	1	1	-1	-1	-1	5602.49852250312	4
Simulation_281	2.324	0.086	0.222	0.014	1.882	0.158	281	0.05	12000	1000	1	500	111	1	0	1	1	1	0	0	-1	-1	4979.17858036631	4
Simulation_282	2.827	0.018	0.284	0.123	2.51	0.837	282	0.05	12000	1000	1	500	111	1	0	1	0	1	1	-1	-1	-1	5124.00766474821	3
Simulation_283	1.821	0.063	0.159	0.05	1.255	0.385	283	0.05	12000	1000	1	500	111	1	0	1	273	277	4	1	0.634772462077013	2	5364.52088459127	4
Simulation_284	1.57	0.029	0.19	0.105	2.824	0.498	284	0.05	12000	1000	1	500	111	1	0	1	310	310	0	1	0.00116686114352392	26	2165.83380140296	1
Simulation_285	2.576	0.075	0.065	0.032	1.569	0.95	285	0.05	12000	1000	1	500	111	1	0	1	1	1	0	0	-1	-1	5588.98664126719	4
Simulation_286	2.073	0.052	0.127	0.141	0.941	0.272	286	0.05	12000	1000	1	500	111	1	0	1	944	957	13	1	0.687281213535589	140	4154.99637525818	4
Simulation_287	1.067	0.097	0.253	0.069	2.196	0.724	287	0.05	12000	1000	1	500	111	1	0	1	0	1	1	-1	-1	-1	6085.91895647047	4
Simulation_288	1.098	0.031	0.108	0.13	1.451	0.427	288	0.05	12000	1000	1	500	111	0	215	1	1677	1683	6	1	0.67269544924154	499	1664.48807336653	1
Simulation_289	2.104	0.076	0.233	0.057	2.706	0.88	289	0.05	12000	1000	1	500	111	1	0	1	0	1	1	-1	-1	-1	5809.96739208252	4
Simulation_290	2.607	0.053	0.296	0.094	2.078	0.201	290	0.05	12000	1000	1	500	111	1	0	1	0	1	1	-1	-1	-1	4424.81355990815	4
Simulation_291	1.601	0.099	0.171	0.021	0.824	0.653	291	0.05	12000	1000	1	500	111	1	0	1	1	2	1	0	-1	-1	3179.93298582299	2
Simulation_292	1.853	0.042	0.202	0.148	1.765	0.767	292	0.05	12000	1000	1	500	111	1	0	1	7	7	0	1	0.61026837806301	5	2045.98239145797	1
Simulation_293	2.859	0.087	0.076	0.076	0.51	0.314	293	0.05	12000	1000	1	500	111	1	0	1	1	1	0	0	-1	-1	4434.3719868197	2
Simulation_294	2.356	0.019	0.139	0.112	1.137	0.993	294	0.05	12000	1000	1	500	111	1	0	1	0	1	1	-1	-1	-1	5582.14034039396	4
Simulation_295	1.35	0.065	0.265	0.039	2.392	0.54	295	0.05	12000	1000	1	500	111	0	55	1	2404	2478	74	0	-1	-1	7568.47448821797	5
Simulation_296	1.475	0.048	0.155	0.066	2.863	0.484	296	0.05	12000	1000	1	500	111	1	0	1	0	1	1	-1	-1	-1	4866.3506647643	4
Simulation_297	2.481	0.093	0.28	0.139	1.608	0.936	297	0.05	12000	1000	1	500	111	1	0	1	4	4	0	0	-1	-1	3507.91241748923	3
Simulation_298	2.984	0.025	0.218	0.03	0.98	0.257	298	0.05	12000	1000	1	500	111	1	0	1	0	1	1	-1	-1	-1	6302.89966083238	4
Simulation_299	1.978	0.07	0.092	0.103	2.235	0.71	299	0.05	12000	1000	1	500	111	1	0	1	154	157	3	1	0.0285880980163361	1	6039.76815720629	4
Simulation_300	1.727	0.014	0.249	0.048	0.667	0.597	300	0.05	12000	1000	1	500	111	1	0	1	1	1	0	0	-1	-1	2844.46299406568	2
Simulation_301	2.733	0.059	0.124	0.121	1.922	0.144	301	0.05	12000	1000	1	500	111	1	0	1	0	1	1	-1	-1	-1	5592.88395342486	4
Simulation_302	2.23	0.036	0.061	0.012	2.549	0.823	302	0.05	12000	1000	1	500	111	1	0	1	0	1	1	-1	-1	-1	7173.7806867183	5
Simulation_303	1.224	0.082	0.186	0.085	1.294	0.371	303	0.05	12000	1000	1	500	111	0	2	1	3660	3732	72	1	0.0805134189031505	3	7810.59948901069	5
Simulation_304	1.161	0.034	0.273	0.107	0.902	0.116	304	0.05	12000	1000	1	500	111	0	111	1	1359	1372	13	1	0.0379229871645274	85	4356.39413807168	4
Simulation_305	2.167	0.079	0.147	0.035	2.157	0.569	305	0.05	12000	1000	1	500	111	1	0	1	0	1	1	-1	-1	-1	6331.73190400665	4
Simulation_306	2.67	0.011	0.084	0.144	2.784	0.342	306	0.05	12000	1000	1	500	111	1	0	1	0	1	1	-1	-1	-1	6522.55535815391	4
Simulation_307	1.664	0.056	0.21	0.071	1.529	0.795	307	0.05	12000	1000	1	500	111	1	0	1	0	1	1	-1	-1	-1	5896.51095338594	4
Simulation_308	1.916	0.022	0.116	0.089	2.471	0.908	308	0.05	12000	1000	1	500	111	1	0	1	871	894	23	0	-1	-1	3717.36586068496	2
Simulation_309	2.921	0.067	0.241	0.016	1.216	0.455	309	0.05	12000	1000	1	500	111	1	0	1	45	46	1	0	-1	-1	2062.37610218194	1
Simulation_310	2.418	0.045	0.178	0.126	0.588	0.682	310	0.05	12000	1000	1	500	111	1	0	1	1	1	0	0	-1	-1	3035.85659088234	2
Simulation_311	1.413	0.09	0.053	0.053	1.843	0.229	311	0.05	12000	1000	1	500	111	1	0	1	2	2	0	1	0.721703617269545	1	5212.22425473948	3
Simulation_312	1.287	0.017	0.225	0.007	2.314	0.286	312	0.05	12000	1000	1	500	111	1	0	1	0	1	1	-1	-1	-1	7675.19900922321	5
Simulation_313	2.293	0.062	0.1	0.08	1.059	0.738	313	0.05	12000	1000	1	500	111	1	0	1	0	1	1	-1	-1	-1	4615.30881596394	3
Simulation_314	2.796	0.039	0.163	0.044	1.686	0.512	314	0.05	12000	1000	1	500	111	1	0	1	22	22	0	0	-1	-1	2993.49539517116	2
Simulation_315	1.79	0.084	0.288	0.116	2.941	0.965	315	0.05	12000	1000	1	500	111	1	0	1	9	10	1	0	-1	-1	5256.01708378415	3
Simulation_316	1.538	0.05	0.069	0.025	1.373	0.851	316	0.05	12000	1000	1	500	111	1	0	1	0	1	1	-1	-1	-1	7653.93871589667	5
Simulation_317	2.544	0.096	0.194	0.098	2.627	0.399	317	0.05	12000	1000	1	500	111	1	0	1	1	1	0	1	0.742123687281214	1	3699.65135090095	2
Simulation_318	2.041	0.028	0.257	0.062	2	0.625	318	0.05	12000	1000	1	500	111	1	0	1	764	771	7	0	-1	-1	3209.58452967885	3
Simulation_319	1.035	0.073	0.131	0.135	0.745	0.172	319	0.05	12000	1000	1	500	111	0	86	1	2905	3015	110	1	0.943990665110852	306	3112.58584013083	2
Simulation_320	1.051	0.019	0.259	0.081	2.725	0.236	320	0.05	12000	1000	1	500	111	1	0	1	0	1	1	-1	-1	-1	6078.63930609859	4
Simulation_321	2.057	0.064	0.133	0.008	1.471	0.689	321	0.05	12000	1000	1	500	111	1	0	1	15	15	0	0	-1	-1	4321.1367223496	4
Simulation_322	2.56	0.041	0.071	0.118	0.843	0.462	322	0.05	12000	1000	1	500	111	1	0	1	0	1	1	-1	-1	-1	6688.66145912769	4
Simulation_323	1.554	0.087	0.196	0.045	2.098	0.915	323	0.05	12000	1000	1	500	111	1	0	1	99	99	0	1	0.982497082847141	76	5146.06777962678	3
Simulation_324	1.806	0.053	0.165	0.099	0.529	0.802	324	0.05	12000	1000	1	500	111	1	0	1	1	1	0	0	-1	-1	4436.5397288921	3
Simulation_325	2.811	0.098	0.29	0.027	1.784	0.349	325	0.05	12000	1000	1	500	111	1	0	1	114	114	0	1	0.869311551925321	99	4454.74171112534	2
Simulation_326	2.308	0.03	0.227	0.136	2.412	0.576	326	0.05	12000	1000	1	500	111	1	0	1	0	1	1	-1	-1	-1	4397.4732269091	4
Simulation_327	1.303	0.075	0.102	0.063	1.157	0.123	327	0.05	12000	1000	1	500	111	1	0	1	0	1	1	-1	-1	-1	6084.31120074718	4
Simulation_328	1.428	0.036	0.18	0.036	1.627	0.18	328	0.05	12000	1000	1	500	111	0	114	1	1256	1256	0	1	0.651108518086348	134	4627.05860059961	3
Simulation_329	2.434	0.081	0.055	0.108	2.882	0.632	329	0.05	12000	1000	1	500	111	1	0	1	59	59	0	1	0.827887981330222	9	2535.17576460658	3
Simulation_330	2.937	0.013	0.118	0.072	2.255	0.406	330	0.05	12000	1000	1	500	111	1	0	1	0	1	1	-1	-1	-1	3355.37910950514	3
Simulation_331	1.931	0.058	0.243	0.145	1	0.859	331	0.05	12000	1000	1	500	111	1	0	1	1	1	0	0	-1	-1	2964.25159539152	2
Simulation_332	1.68	0.024	0.086	0.018	1.941	0.972	332	0.05	12000	1000	1	500	111	1	0	1	0	1	1	-1	-1	-1	5813.47028133716	4
Simulation_333	2.686	0.07	0.212	0.09	0.686	0.519	333	0.05	12000	1000	1	500	111	1	0	1	1	1	0	0	-1	-1	8050.25520120314	5
Simulation_334	2.183	0.047	0.275	0.054	1.314	0.745	334	0.05	12000	1000	1	500	111	1	0	1	0	1	1	-1	-1	-1	6048.88898661415	4
Simulation_335	1.177	0.092	0.149	0.127	2.569	0.293	335	0.05	12000	1000	1	500	111	1	0	1	1	1	0	0	-1	-1	3937.76170486617	2
Simulation_336	1.24	0.044	0.063	0.14	2.176	0.547	336	0.05	12000	1000	1	500	111	1	0	1	0	1	1	-1	-1	-1	6546.76317932849	4
Simulation_337	2.246	0.089	0.188	0.068	0.922	1	337	0.05	12000	1000	1	500	111	1	0	1	1	1	0	0	-1	-1	5413.49327467193	4
Simulation_338	2.749	0.021	0.251	0.104	1.549	0.321	338	0.05	12000	1000	1	500	111	1	0	1	10	11	1	0	-1	-1	3248.74450395695	2
Simulation_339	1.743	0.067	0.125	0.031	2.804	0.774	339	0.05	12000	1000	1	500	111	1	0	1	0	1	1	-1	-1	-1	5784.29877165774	4
Simulation_340	1.994	0.01	0.22	0.122	1.235	0.661	340	0.05	12000	1000	1	500	111	1	0	1	0	1	1	-1	-1	-1	6309.06493383139	4
Simulation_341	3	0.055	0.094	0.049	2.49	0.208	341	0.05	12000	1000	1	500	111	1	0	1	0	1	1	-1	-1	-1	6201.27327014718	4
Simulation_342	2.497	0.033	0.157	0.086	1.863	0.887	342	0.05	12000	1000	1	500	111	1	0	1	30	30	0	1	0.605017502917153	11	1441.73228095064	1
Simulation_343	1.491	0.078	0.282	0.013	0.608	0.434	343	0.05	12000	1000	1	500	111	1	0	1	0	1	1	-1	-1	-1	6073.87692247689	4
Simulation_344	1.365	0.027	0.141	0.058	1.078	0.378	344	0.05	12000	1000	1	500	111	1	0	1	0	1	1	-1	-1	-1	5989.4312600218	4
Simulation_345	2.371	0.072	0.267	0.131	2.333	0.83	345	0.05	12000	1000	1	500	111	1	0	1	45	46	1	0	-1	-1	4947.96292867723	4
Simulation_346	2.874	0.05	0.204	0.022	2.961	0.151	346	0.05	12000	1000	1	500	111	1	0	1	0	1	1	-1	-1	-1	5749.5973723469	4
Simulation_347	1.868	0.095	0.078	0.095	1.706	0.604	347	0.05	12000	1000	1	500	111	1	0	1	399	401	2	1	0.997666277712952	240	3556.03754992278	3
Simulation_348	1.617	0.038	0.298	0.077	2.647	0.717	348	0.05	12000	1000	1	500	111	1	0	1	0	1	1	-1	-1	-1	7744.83044316548	5
Simulation_349	2.623	0.084	0.173	0.149	1.392	0.264	349	0.05	12000	1000	1	500	111	1	0	1	160	160	0	1	0.689031505250875	4	4399.78559072239	3
Simulation_350	2.12	0.016	0.11	0.04	0.765	0.943	350	0.05	12000	1000	1	500	111	1	0	1	1	1	0	0	-1	-1	3306.24181328875	3
Simulation_351	1.114	0.061	0.235	0.113	2.02	0.491	351	0.05	12000	1000	1	500	111	1	0	1	525	527	2	1	0.674445740956826	12	4173.87328152491	2
Simulation_352	1.083	0.043	0.122	0.015	1.353	0.561	352	0.05	12000	1000	1	500	111	0	18	1	3363	3383	20	1	0.716452742123687	88	2914.83474279039	2
Simulation_353	2.088	0.088	0.247	0.088	2.608	0.109	353	0.05	12000	1000	1	500	111	1	0	1	2	2	0	0	-1	-1	4643.76457843378	4
Simulation_354	2.591	0.02	0.184	0.052	1.98	0.788	354	0.05	12000	1000	1	500	111	1	0	1	137	141	4	1	0.0227537922987165	1	4014.17295839317	4
Simulation_355	1.585	0.065	0.059	0.124	0.725	0.335	355	0.05	12000	1000	1	500	111	1	0	1	236	242	6	1	0.161026837806301	2	3245.48492047852	3
Simulation_356	1.837	0.031	0.278	0.033	2.294	0.448	356	0.05	12000	1000	1	500	111	1	0	1	0	1	1	-1	-1	-1	6013.70404501876	4
Simulation_357	2.843	0.077	0.153	0.106	1.039	0.901	357	0.05	12000	1000	1	500	111	1	0	1	0	1	1	-1	-1	-1	5679.68099048235	4
Simulation_358	2.34	0.054	0.09	0.07	1.667	0.222	358	0.05	12000	1000	1	500	111	1	0	1	4	4	0	0	-1	-1	2727.66452947219	2
Simulation_359	1.334	0.099	0.216	0.143	2.922	0.675	359	0.05	12000	1000	1	500	111	0	35	1	1827	1836	9	1	1	1247	1920.99030341675	1
Simulation_360	1.46	0.014	0.075	0.097	2.451	0.731	360	0.05	12000	1000	1	500	111	1	0	1	0	1	1	-1	-1	-1	6494.18174316075	5
Simulation_361	2.466	0.06	0.2	0.024	1.196	0.279	361	0.05	12000	1000	1	500	111	1	0	1	0	1	1	-1	-1	-1	5354.9555694667	4
Simulation_362	2.969	0.037	0.263	0.134	0.569	0.958	362	0.05	12000	1000	1	500	111	1	0	1	1	1	0	0	-1	-1	5048.193280271	4
Simulation_363	1.963	0.082	0.137	0.061	1.824	0.505	363	0.05	12000	1000	1	500	111	1	0	1	96	98	2	1	0.00350058343057176	1	2131.88792348267	3
Simulation_364	1.711	0.048	0.231	0.079	0.882	0.392	364	0.05	12000	1000	1	500	111	1	0	1	364	368	4	0	-1	-1	3067.26756076712	2
Simulation_365	2.717	0.094	0.106	0.006	2.137	0.844	365	0.05	12000	1000	1	500	111	1	0	1	2	2	0	0	-1	-1	3609.68023327359	3
Simulation_366	2.214	0.026	0.169	0.115	2.765	0.165	366	0.05	12000	1000	1	500	111	1	0	1	0	1	1	-1	-1	-1	7304.27110610899	5
Simulation_367	1.208	0.071	0.294	0.043	1.51	0.618	367	0.05	12000	1000	1	500	111	1	0	1	0	1	1	-1	-1	-1	6852.46518639125	4
Simulation_368	1.145	0.023	0.192	0.074	0.804	0.873	368	0.05	12000	1000	1	500	111	1	0	1	0	1	1	-1	-1	-1	6232.71683487507	4
Simulation_369	2.151	0.068	0.067	0.147	2.059	0.42	369	0.05	12000	1000	1	500	111	1	0	1	9	10	1	0	-1	-1	2718.11603648608	2
Simulation_370	2.654	0.046	0.129	0.038	2.686	0.646	370	0.05	12000	1000	1	500	111	1	0	1	0	1	1	-1	-1	-1	5253.79958759889	2
Simulation_371	1.648	0.091	0.255	0.111	1.431	0.194	371	0.05	12000	1000	1	500	111	1	0	1	0	1	1	-1	-1	-1	5003.58750902904	4
Simulation_372	1.9	0.034	0.098	0.056	3	0.307	372	0.05	12000	1000	1	500	111	1	0	1	896	896	0	1	0.591015169194866	165	4313.99756740633	2
Simulation_373	2.906	0.079	0.224	0.129	1.745	0.76	373	0.05	12000	1000	1	500	111	1	0	1	14	14	0	0	-1	-1	5446.50203771985	4
Simulation_374	2.403	0.012	0.286	0.02	1.118	0.533	374	0.05	12000	1000	1	500	111	1	0	1	0	1	1	-1	-1	-1	4132.94702746694	2
Simulation_375	1.397	0.057	0.161	0.093	2.373	0.986	375	0.05	12000	1000	1	500	111	1	0	1	12	13	1	0	-1	-1	4907.93002319331	4
Simulation_376	1.271	0.051	0.239	0.12	1.902	0.929	376	0.05	12000	1000	1	500	111	1	0	1	0	1	1	-1	-1	-1	6539.48425053399	4
Simulation_377	2.277	0.096	0.114	0.047	0.647	0.477	377	0.05	12000	1000	1	500	111	1	0	1	1	1	0	0	-1	-1	7622.21585458465	4
Simulation_378	2.78	0.029	0.051	0.083	1.275	0.703	378	0.05	12000	1000	1	500	111	1	0	1	46	47	1	1	0.0215869311551925	1	5038.19972716389	3
Simulation_379	1.774	0.074	0.176	0.011	2.529	0.25	379	0.05	12000	1000	1	500	111	1	0	1	63	63	0	1	0.753208868144691	61	2342.78554354859	1
Simulation_380	1.523	0.017	0.145	0.138	1.588	0.137	380	0.05	12000	1000	1	500	111	1	0	1	0	1	1	-1	-1	-1	4568.89161803235	2
Simulation_381	2.528	0.063	0.271	0.065	2.843	0.59	381	0.05	12000	1000	1	500	111	1	0	1	141	145	4	1	0.688448074679113	3	5661.4148529565	4
Simulation_382	2.026	0.04	0.208	0.102	2.216	0.363	382	0.05	12000	1000	1	500	111	1	0	1	0	1	1	-1	-1	-1	4999.22665946651	4
Simulation_383	1.02	0.085	0.082	0.029	0.961	0.816	383	0.05	12000	1000	1	500	111	1	0	1	16	16	0	0	-1	-1	3122.84809537778	1
Simulation_384	1.012	0.025	0.158	0.11	2.088	0.615	384	0.05	12000	1000	1	500	111	1	0	1	0	1	1	-1	-1	-1	6227.05110582933	4
Simulation_385	2.018	0.07	0.283	0.037	0.833	0.162	385	0.05	12000	1000	1	500	111	1	0	1	116	116	0	1	0.861143523920653	107	3099.03240357897	3
Simulation_386	2.521	0.047	0.221	0.147	1.461	0.841	386	0.05	12000	1000	1	500	111	1	0	1	0	1	1	-1	-1	-1	4498.74451812676	2
Simulation_387	1.515	0.093	0.095	0.074	2.716	0.388	387	0.05	12000	1000	1	500	111	1	0	1	270	270	0	1	0.891481913652275	270	3426.39713954656	2
Simulation_388	1.766	0.036	0.252	0.092	1.147	0.501	388	0.05	12000	1000	1	500	111	1	0	1	455	461	6	1	0.635355892648775	88	1832.7504949178	1
Simulation_389	2.772	0.081	0.126	0.019	2.402	0.954	389	0.05	12000	1000	1	500	111	1	0	1	7	7	0	0	-1	-1	3762.13311525327	4
Simulation_390	2.269	0.013	0.064	0.128	1.775	0.275	390	0.05	12000	1000	1	500	111	1	0	1	0	1	1	-1	-1	-1	5794.40126171391	4
Simulation_391	1.263	0.059	0.189	0.056	0.52	0.728	391	0.05	12000	1000	1	500	111	1	0	1	3	3	0	1	0.122520420070012	1	2890.03769595014	1
Simulation_392	1.389	0.053	0.111	0.01	0.99	0.671	392	0.05	12000	1000	1	500	111	1	0	1	0	1	1	-1	-1	-1	5985.53455018493	4
Simulation_393	2.395	0.098	0.236	0.083	2.245	0.218	393	0.05	12000	1000	1	500	111	1	0	1	0	1	1	-1	-1	-1	6555.66187935476	4
Simulation_394	2.898	0.03	0.299	0.047	2.873	0.897	394	0.05	12000	1000	1	500	111	1	0	1	0	1	1	-1	-1	-1	6963.3531814872	4
Simulation_395	1.892	0.076	0.174	0.119	1.618	0.445	395	0.05	12000	1000	1	500	111	1	0	1	551	567	16	1	0.816802800466744	43	4562.57091397598	4
Simulation_396	1.64	0.019	0.205	0.028	2.559	0.332	396	0.05	12000	1000	1	500	111	1	0	1	0	1	1	-1	-1	-1	6189.9380124686	4
Simulation_397	2.646	0.064	0.079	0.101	1.304	0.784	397	0.05	12000	1000	1	500	111	1	0	1	11	12	1	1	0.735705950991832	5	2743.48215804232	3
Simulation_398	2.143	0.042	0.142	0.065	0.676	0.105	398	0.05	12000	1000	1	500	111	0	29	1	1747	1753	6	1	0.691365227537923	49	4907.93002319331	2
Simulation_399	1.138	0.087	0.268	0.137	1.931	0.558	399	0.05	12000	1000	1	500	111	1	0	1	0	1	1	-1	-1	-1	4866.44705991955	4
Simulation_400	1.2	0.039	0.228	0.124	2.794	0.813	400	0.05	12000	1000	1	500	111	1	0	1	0	1	1	-1	-1	-1	5608.7025932843	4
Simulation_401	2.206	0.084	0.103	0.051	1.539	0.36	401	0.05	12000	1000	1	500	111	1	0	1	0	1	1	-1	-1	-1	6315.77763186565	4
Simulation_402	2.709	0.016	0.166	0.087	0.912	0.586	402	0.05	12000	1000	1	500	111	1	0	1	0	1	1	-1	-1	-1	6801.69941484634	4
Simulation_403	1.703	0.061	0.291	0.015	2.167	0.134	403	0.05	12000	1000	1	500	111	1	0	1	721	721	0	1	0.874562427071178	573	1982.63366672089	3
Simulation_404	1.955	0.028	0.072	0.142	0.598	0.247	404	0.05	12000	1000	1	500	111	1	0	1	1	1	0	1	0.539089848308051	1	3788.67478607113	2
Simulation_405	2.961	0.073	0.197	0.069	1.853	0.699	405	0.05	12000	1000	1	500	111	1	0	1	35	35	0	0	-1	-1	3172.69936803042	3
Simulation_406	2.458	0.05	0.26	0.106	2.48	0.473	406	0.05	12000	1000	1	500	111	1	0	1	102	102	0	0	-1	-1	2316.74178092533	3
Simulation_407	1.452	0.095	0.134	0.033	1.225	0.926	407	0.05	12000	1000	1	500	111	1	0	1	0	1	1	-1	-1	-1	6479.50505177433	4
Simulation_408	1.326	0.011	0.275	0.06	1.696	0.982	408	0.05	12000	1000	1	500	111	0	19	1	1437	1509	72	0	-1	-1	2883.87581901657	2
Simulation_409	2.332	0.056	0.15	0.133	2.951	0.53	409	0.05	12000	1000	1	500	111	1	0	1	3	3	0	0	-1	-1	4507.23221787189	3
Simulation_410	2.835	0.033	0.087	0.024	2.324	0.756	410	0.05	12000	1000	1	500	111	1	0	1	138	138	0	1	0.624854142357059	12	2734.94690099948	2
Simulation_411	1.829	0.078	0.213	0.097	1.069	0.303	411	0.05	12000	1000	1	500	111	1	0	1	251	262	11	1	0.757292882147025	3	3021.66508065486	3
Simulation_412	1.578	0.044	0.119	0.042	2.01	0.19	412	0.05	12000	1000	1	500	111	1	0	1	219	219	0	1	0.611435239206534	34	2515.75000704023	2
Simulation_413	2.583	0.09	0.244	0.115	0.755	0.643	413	0.05	12000	1000	1	500	111	1	0	1	1	1	0	0	-1	-1	3659.21146047175	2
Simulation_414	2.081	0.022	0.181	0.006	1.382	0.417	414	0.05	12000	1000	1	500	111	1	0	1	726	728	2	0	-1	-1	4449.89657899751	2
Simulation_415	1.075	0.067	0.056	0.078	2.637	0.869	415	0.05	12000	1000	1	500	111	1	0	1	0	1	1	-1	-1	-1	7106.83653495792	5
Simulation_416	1.106	0.049	0.287	0.031	0.716	0.289	416	0.05	12000	1000	1	500	111	0	7	1	3120	3127	7	1	1	2072	4627.05860059961	3
Simulation_417	2.112	0.094	0.162	0.103	1.971	0.742	417	0.05	12000	1000	1	500	111	1	0	1	52	52	0	0	-1	-1	4611.67212784086	1
Simulation_418	2.615	0.026	0.099	0.067	2.598	0.516	418	0.05	12000	1000	1	500	111	1	0	1	61	61	0	1	0.00116686114352392	1	4519.40307217328	2
Simulation_419	1.609	0.071	0.225	0.14	1.343	0.968	419	0.05	12000	1000	1	500	111	1	0	1	3	3	0	0	-1	-1	3908.83411401651	2
Simulation_420	1.861	0.015	0.13	0.012	2.912	0.855	420	0.05	12000	1000	1	500	111	1	0	1	0	1	1	-1	-1	-1	5489.468067624	4
Simulation_421	2.866	0.06	0.256	0.085	1.657	0.402	421	0.05	12000	1000	1	500	111	1	0	1	61	62	1	1	0.669194865810969	11	3861.10299776043	2
Simulation_422	2.363	0.037	0.193	0.049	1.029	0.629	422	0.05	12000	1000	1	500	111	1	0	1	22	24	2	0	-1	-1	4872.26724547066	2
Simulation_423	1.358	0.083	0.068	0.122	2.284	0.176	423	0.05	12000	1000	1	500	111	1	0	1	0	1	1	-1	-1	-1	5331.51212154335	4
Simulation_424	1.483	0.032	0.209	0.094	1.814	0.119	424	0.05	12000	1000	1	500	111	1	0	1	0	1	1	-1	-1	-1	6057.96276187423	4
Simulation_425	2.489	0.077	0.083	0.021	0.559	0.572	425	0.05	12000	1000	1	500	111	1	0	1	1	1	0	0	-1	-1	4838.82000545187	3
Simulation_426	2.992	0.054	0.146	0.131	1.186	0.346	426	0.05	12000	1000	1	500	111	1	0	1	0	1	1	-1	-1	-1	5282.74937996616	4
Simulation_427	1.986	0.1	0.272	0.058	2.441	0.798	427	0.05	12000	1000	1	500	111	1	0	1	80	80	0	0	-1	-1	5009.84157898405	2
Simulation_428	1.735	0.043	0.052	0.112	1.5	0.912	428	0.05	12000	1000	1	500	111	1	0	1	0	1	1	-1	-1	-1	5356.48165886659	2
Simulation_429	2.741	0.088	0.177	0.04	2.755	0.459	429	0.05	12000	1000	1	500	111	1	0	1	0	1	1	-1	-1	-1	5881.75047257789	4
Simulation_430	2.238	0.02	0.24	0.149	2.127	0.685	430	0.05	12000	1000	1	500	111	1	0	1	0	1	1	-1	-1	-1	6080.23737745349	4
Simulation_431	1.232	0.066	0.115	0.076	0.873	0.233	431	0.05	12000	1000	1	500	111	0	92	1	1459	1464	5	1	0.998833138856476	1363	2342.78554354859	1
Simulation_432	1.169	0.018	0.091	0.044	1.422	0.487	432	0.05	12000	1000	1	500	111	0	124	1	3568	3765	197	0	-1	-1	3067.26756076712	2
Simulation_433	2.175	0.063	0.217	0.117	2.676	0.94	433	0.05	12000	1000	1	500	111	1	0	1	9	9	0	0	-1	-1	4052.57125109198	3
Simulation_434	2.678	0.04	0.279	0.008	2.049	0.261	434	0.05	12000	1000	1	500	111	1	0	1	0	1	1	-1	-1	-1	4252.61006046464	2
Simulation_435	1.672	0.086	0.154	0.081	0.794	0.714	435	0.05	12000	1000	1	500	111	1	0	1	1	1	0	0	-1	-1	4932.69747517034	4
Simulation_436	1.923	0.052	0.185	0.062	2.363	0.6	436	0.05	12000	1000	1	500	111	1	0	1	346	348	2	1	0.684947491248541	175	1261.5992817761	1
Simulation_437	2.929	0.097	0.06	0.135	1.108	0.148	437	0.05	12000	1000	1	500	111	1	0	1	26	26	0	1	0.739789964994166	4	4326.89613893863	2
Simulation_438	2.426	0.029	0.123	0.026	1.735	0.827	438	0.05	12000	1000	1	500	111	1	0	1	59	59	0	0	-1	-1	5332.51968386816	2
Simulation_439	1.42	0.074	0.248	0.099	2.99	0.374	439	0.05	12000	1000	1	500	111	1	0	1	7	7	0	1	0.713535589264877	5	2088.68219783901	1
Simulation_440	1.295	0.035	0.17	0.144	2.52	0.431	440	0.05	12000	1000	1	500	111	1	0	1	0	1	1	-1	-1	-1	6393.18750262758	4
Simulation_441	2.301	0.08	0.295	0.072	1.265	0.883	441	0.05	12000	1000	1	500	111	1	0	1	7	7	0	1	0.809801633605601	4	1920.99030341675	1
Simulation_442	2.804	0.012	0.232	0.108	0.637	0.204	442	0.05	12000	1000	1	500	111	1	0	1	0	1	1	-1	-1	-1	5878.07989706347	4
Simulation_443	1.798	0.057	0.107	0.035	1.892	0.657	443	0.05	12000	1000	1	500	111	1	0	1	0	1	1	-1	-1	-1	5449.3088660469	4
Simulation_444	1.546	0.023	0.264	0.126	0.951	0.77	444	0.05	12000	1000	1	500	111	1	0	1	0	1	1	-1	-1	-1	5197.63024273142	4
Simulation_445	2.552	0.069	0.138	0.053	2.206	0.317	445	0.05	12000	1000	1	500	111	1	0	1	5	5	0	1	0.670945157526254	4	4315.61496103444	3
Simulation_446	2.049	0.046	0.075	0.09	2.833	0.996	446	0.05	12000	1000	1	500	111	1	0	1	0	1	1	-1	-1	-1	4932.69747517034	4
Simulation_447	1.043	0.091	0.201	0.017	1.578	0.544	447	0.05	12000	1000	1	500	111	1	0	1	0	1	1	-1	-1	-1	5385.34045604151	4
Simulation_448	1.028	0.037	0.077	0.073	1.951	0.367	448	0.05	12000	1000	1	500	111	1	0	1	0	1	1	-1	-1	-1	5318.57884023363	4
Simulation_449	2.033	0.082	0.203	0.145	0.696	0.82	449	0.05	12000	1000	1	500	111	1	0	1	1	1	0	0	-1	-1	5818.89825030655	4
Simulation_450	2.536	0.014	0.266	0.036	1.324	0.141	450	0.05	12000	1000	1	500	111	1	0	1	0	1	1	-1	-1	-1	5351.41327280535	4
Simulation_451	1.53	0.059	0.14	0.109	2.578	0.593	451	0.05	12000	1000	1	500	111	1	0	1	0	1	1	-1	-1	-1	5253.79958759889	2
Simulation_452	1.782	0.025	0.234	0.054	1.637	0.706	452	0.05	12000	1000	1	500	111	1	0	1	641	647	6	1	0.588098016336056	100	4168.38609828434	3
Simulation_453	2.788	0.071	0.109	0.127	2.892	0.254	453	0.05	12000	1000	1	500	111	1	0	1	1	1	0	0	-1	-1	3256.89567651236	3
Simulation_454	2.285	0.048	0.172	0.018	2.265	0.933	454	0.05	12000	1000	1	500	111	1	0	1	0	1	1	-1	-1	-1	8881.90635912468	4
Simulation_455	1.279	0.093	0.297	0.091	1.01	0.48	455	0.05	12000	1000	1	500	111	1	0	1	0	1	1	-1	-1	-1	5513.57449210548	4
Simulation_456	1.405	0.02	0.125	0.118	0.539	0.537	456	0.05	12000	1000	1	500	111	1	0	1	0	1	1	-1	-1	-1	4424.81355990815	4
Simulation_457	2.411	0.065	0.25	0.045	1.794	0.989	457	0.05	12000	1000	1	500	111	1	0	1	12	13	1	1	0.766627771295216	10	2045.98239145797	1
Simulation_458	2.914	0.042	0.187	0.082	2.422	0.31	458	0.05	12000	1000	1	500	111	1	0	1	33	33	0	1	0.0320886814469078	1	2342.78554354859	1
Simulation_459	1.908	0.088	0.062	0.009	1.167	0.763	459	0.05	12000	1000	1	500	111	1	0	1	0	1	1	-1	-1	-1	6472.24966039849	4
Simulation_460	1.656	0.054	0.281	0.136	2.735	0.65	460	0.05	12000	1000	1	500	111	0	18	1	2055	2090	35	1	0.726954492415403	291	4519.40307217328	2
Simulation_461	2.662	0.099	0.156	0.064	1.48	0.197	461	0.05	12000	1000	1	500	111	1	0	1	1	1	0	0	-1	-1	4481.7989691147	4
Simulation_462	2.159	0.031	0.093	0.1	0.853	0.876	462	0.05	12000	1000	1	500	111	1	0	1	1	1	0	0	-1	-1	4117.02649810125	3
Simulation_463	1.153	0.076	0.219	0.027	2.108	0.424	463	0.05	12000	1000	1	500	111	0	27	1	2941	2944	3	1	0.816802800466744	182	1982.63366672089	1
Simulation_464	1.216	0.028	0.242	0.023	2.657	0.169	464	0.05	12000	1000	1	500	111	0	44	1	1736	1742	6	1	0.0373395565927655	24	1967.30635587282	3
Simulation_465	2.222	0.073	0.117	0.095	1.402	0.622	465	0.05	12000	1000	1	500	111	1	0	1	0	1	1	-1	-1	-1	5637.75734313355	4
Simulation_466	2.725	0.051	0.054	0.059	0.775	0.395	466	0.05	12000	1000	1	500	111	1	0	1	0	3	3	0	-1	-1	3948.76999996227	2
Simulation_467	1.719	0.096	0.179	0.132	2.029	0.848	467	0.05	12000	1000	1	500	111	1	0	1	67	67	0	1	0.956242707117853	38	2237.33673351563	1
Simulation_468	1.971	0.04	0.148	0.041	1.088	0.961	468	0.05	12000	1000	1	500	111	1	0	1	1	1	0	0	-1	-1	2718.11603648608	2
Simulation_469	2.976	0.085	0.274	0.114	2.343	0.508	469	0.05	12000	1000	1	500	111	1	0	1	21	21	0	1	0.568844807467911	1	3936.97747191585	2
Simulation_470	2.473	0.017	0.211	0.077	2.971	0.735	470	0.05	12000	1000	1	500	111	1	0	1	586	632	46	0	-1	-1	4041.26773790882	4
Simulation_471	1.468	0.062	0.085	0.15	1.716	0.282	471	0.05	12000	1000	1	500	111	1	0	1	19	19	0	1	0.677362893815636	17	4156.18402272766	2
Simulation_472	1.342	0.045	0.195	0.105	1.245	0.226	472	0.05	12000	1000	1	500	111	1	0	1	830	836	6	1	0.634189031505251	50	2579.66459828706	3
Simulation_473	2.348	0.09	0.07	0.032	2.5	0.678	473	0.05	12000	1000	1	500	111	1	0	1	259	259	0	0	-1	-1	3975.51566463332	3
Simulation_474	2.851	0.023	0.132	0.141	1.873	0.452	474	0.05	12000	1000	1	500	111	1	0	1	0	1	1	-1	-1	-1	5957.32654953171	4
Simulation_475	1.845	0.068	0.258	0.068	0.618	0.905	475	0.05	12000	1000	1	500	111	1	0	1	1	1	0	0	-1	-1	4519.40307217328	2
Simulation_476	1.593	0.011	0.101	0.086	2.186	0.791	476	0.05	12000	1000	1	500	111	1	0	1	0	1	1	-1	-1	-1	3320.12169378307	3
Simulation_477	2.599	0.057	0.226	0.014	0.931	0.339	477	0.05	12000	1000	1	500	111	1	0	1	433	433	0	1	0.958576429404901	269	1558.43954224841	1
Simulation_478	2.096	0.034	0.289	0.123	1.559	0.565	478	0.05	12000	1000	1	500	111	1	0	1	0	1	1	-1	-1	-1	5620.99050437299	4
Simulation_479	1.09	0.079	0.164	0.05	2.814	0.112	479	0.05	12000	1000	1	500	111	1	0	1	180	180	0	1	0.872228704784131	170	1862.48938814096	1
Simulation_480	1.059	0.013	0.175	0.134	0.814	0.919	480	0.05	12000	1000	1	500	111	1	0	1	0	1	1	-1	-1	-1	5026.02530493926	4
Simulation_481	2.065	0.058	0.05	0.061	2.069	0.466	481	0.05	12000	1000	1	500	111	1	0	1	289	289	0	1	0.707701283547258	233	1682.25849232411	1
Simulation_482	2.568	0.035	0.113	0.098	2.696	0.692	482	0.05	12000	1000	1	500	111	1	0	1	0	1	1	-1	-1	-1	5032.91015084504	4
Simulation_483	1.562	0.081	0.238	0.025	1.441	0.24	483	0.05	12000	1000	1	500	111	1	0	1	6	6	0	0	-1	-1	3062.8825878134	2
Simulation_484	1.813	0.047	0.081	0.116	2.382	0.127	484	0.05	12000	1000	1	500	111	1	0	1	0	1	1	-1	-1	-1	6158.13386792219	4
Simulation_485	2.819	0.092	0.207	0.043	1.127	0.579	485	0.05	12000	1000	1	500	111	1	0	1	3	3	0	0	-1	-1	3319.15188492997	3
Simulation_486	2.316	0.024	0.27	0.079	0.5	0.353	486	0.05	12000	1000	1	500	111	1	0	1	0	1	1	-1	-1	-1	5239.49501736561	2
Simulation_487	1.31	0.069	0.144	0.007	1.755	0.806	487	0.05	12000	1000	1	500	111	1	0	1	5	5	0	0	-1	-1	7846.69949465461	4
Simulation_488	1.436	0.041	0.254	0.052	2.225	0.862	488	0.05	12000	1000	1	500	111	1	0	1	144	147	3	0	-1	-1	4275.9726240535	2
Simulation_489	2.442	0.086	0.128	0.125	0.971	0.409	489	0.05	12000	1000	1	500	111	1	0	1	75	76	1	1	0.772462077012835	2	5263.50047585186	3
Simulation_490	2.945	0.018	0.066	0.016	1.598	0.636	490	0.05	12000	1000	1	500	111	1	0	1	13	13	0	0	-1	-1	2386.57422680028	3
Simulation_491	1.939	0.064	0.191	0.089	2.853	0.183	491	0.05	12000	1000	1	500	111	1	0	1	1	1	0	0	-1	-1	5124.00766474821	3
Simulation_492	1.688	0.03	0.16	0.07	1.284	0.296	492	0.05	12000	1000	1	500	111	0	21	1	1942	1946	4	1	0.682613768961494	407	1593.8517988332	2
Simulation_493	2.694	0.075	0.285	0.143	2.539	0.749	493	0.05	12000	1000	1	500	111	1	0	1	58	60	2	1	0.769544924154026	8	5529.49075317324	3
Simulation_494	2.191	0.052	0.223	0.034	1.912	0.523	494	0.05	12000	1000	1	500	111	1	0	1	20	20	0	0	-1	-1	3256.89567651236	3
Simulation_495	1.185	0.098	0.097	0.107	0.657	0.975	495	0.05	12000	1000	1	500	111	1	0	1	1	1	0	0	-1	-1	6085.91895647047	4
Simulation_496	1.122	0.049	0.136	0.084	1.52	0.721	496	0.05	12000	1000	1	500	111	1	0	1	1007	1030	23	0	-1	-1	2966.90473485284	2
Simulation_497	2.128	0.095	0.262	0.011	2.775	0.268	497	0.05	12000	1000	1	500	111	1	0	1	644	644	0	1	0.895565927654609	644	2625.37636668082	2
Simulation_498	2.631	0.027	0.199	0.12	2.147	0.947	498	0.05	12000	1000	1	500	111	1	0	1	0	1	1	-1	-1	-1	5854.15566602862	4
Simulation_499	1.625	0.072	0.074	0.048	0.892	0.494	499	0.05	12000	1000	1	500	111	1	0	1	0	1	1	-1	-1	-1	5878.07989706347	4
Simulation_500	1.876	0.015	0.293	0.102	1.833	0.381	500	0.05	12000	1000	1	500	111	1	0	1	119	120	1	0	-1	-1	3936.97747191585	4
