Sim_index	S	omega_T	omega_P	sigma_e	disp_shape	disp_scale	seed	divergence_factor	max_species	max_coex_sp	start_species	init_ab	grid_cell_distance	finished	final_timestep	initial_nb_species	final_nb_species	sp_events	ex_events	exchanged	prop_col_area	abs_col_area	div_col	dist_to_isthmus
Simulation_1	1.998	0.055	0.175	0.078	1.75	0.549	1	0.05	12000	1000	1	500	111	1	0	1	0	1	1	-1	-1	-1	-1	5408.80701290192
Simulation_2	2.501	0.032	0.238	0.041	2.377	0.323	2	0.05	12000	1000	1	500	111	1	0	1	0	1	1	-1	-1	-1	-1	5240.57119263438
Simulation_3	1.495	0.078	0.112	0.114	1.123	0.775	3	0.05	12000	1000	1	500	111	1	0	1	10	10	0	0	-1	-1	-1	4568.86450414566
Simulation_4	1.747	0.044	0.206	0.023	2.691	0.889	4	0.05	12000	1000	1	500	111	1	0	1	0	1	1	-1	-1	-1	-1	7167.43092006522
Simulation_5	2.752	0.089	0.081	0.096	1.436	0.436	5	0.05	12000	1000	1	500	111	1	0	1	29	33	4	1	0.527629233511586	888	15	3712.97175999277
Simulation_6	2.25	0.021	0.144	0.059	0.809	0.662	6	0.05	12000	1000	1	500	111	1	0	1	0	1	1	-1	-1	-1	-1	3822.15059934758
Simulation_7	1.244	0.066	0.269	0.132	2.064	0.21	7	0.05	12000	1000	1	500	111	1	0	1	12	12	0	1	0.0011883541295306	2	8	1306.46675870634
Simulation_8	1.369	0.038	0.128	0.105	1.907	0.266	8	0.05	12000	1000	1	500	111	1	0	1	0	1	1	-1	-1	-1	-1	Inf
Simulation_9	2.375	0.083	0.253	0.032	0.652	0.719	9	0.05	12000	1000	1	500	111	1	0	1	1	1	0	1	0.636957813428402	1072	1	6464.51523050409
Simulation_10	2.878	0.015	0.191	0.141	1.279	0.493	10	0.05	12000	1000	1	500	111	1	0	1	0	1	1	-1	-1	-1	-1	5935.12701725142
Simulation_11	1.872	0.061	0.065	0.068	2.534	0.945	11	0.05	12000	1000	1	500	111	1	0	1	1	9	8	0	-1	-1	-1	9035.13245239071
Simulation_12	1.621	0.027	0.285	0.087	1.593	0.832	12	0.05	12000	1000	1	500	111	1	0	1	0	1	1	-1	-1	-1	-1	6680.26191830194
Simulation_13	2.627	0.072	0.159	0.014	2.848	0.379	13	0.05	12000	1000	1	500	111	1	0	1	6	6	0	1	0.0005941770647653	1	3	533.70311828076
Simulation_14	2.124	0.049	0.097	0.123	2.221	0.606	14	0.05	12000	1000	1	500	111	1	0	1	0	1	1	-1	-1	-1	-1	6007.20073705501
Simulation_15	1.118	0.095	0.222	0.05	0.966	0.153	15	0.05	12000	1000	1	500	111	1	0	1	0	1	1	-1	-1	-1	-1	6914.92491571428
Simulation_16	1.181	0.052	0.261	0.064	1.201	0.408	16	0.05	12000	1000	1	500	111	0	121	1	1354	1357	3	1	0.000636942675159236	1	1	4108.91333300961
Simulation_17	2.187	0.097	0.136	0.137	2.456	0.86	17	0.05	12000	1000	1	500	111	1	0	1	1	3	2	0	-1	-1	-1	9031.39169734922
Simulation_18	2.69	0.029	0.073	0.027	1.828	0.181	18	0.05	12000	1000	1	500	111	1	0	1	0	1	1	-1	-1	-1	-1	4446.05587340953
Simulation_19	1.684	0.075	0.199	0.1	0.574	0.634	19	0.05	12000	1000	1	500	111	1	0	1	8	8	0	1	0.6524064171123	1098	8	5631.51388380528
Simulation_20	1.935	0.018	0.167	0.046	2.142	0.747	20	0.05	12000	1000	1	500	111	1	0	1	0	1	1	-1	-1	-1	-1	7284.10771346957
Simulation_21	2.941	0.063	0.293	0.118	0.887	0.294	21	0.05	12000	1000	1	500	111	1	0	1	0	1	1	-1	-1	-1	-1	7685.9895253872
Simulation_22	2.438	0.041	0.23	0.009	1.515	0.973	22	0.05	12000	1000	1	500	111	1	0	1	87	89	2	1	0.408199643493761	687	45	1832.7504949178
Simulation_23	1.432	0.086	0.104	0.082	2.77	0.521	23	0.05	12000	1000	1	500	111	1	0	1	0	1	1	-1	-1	-1	-1	5240.57119263438
Simulation_24	1.306	0.024	0.183	0.128	2.613	0.464	24	0.05	12000	1000	1	500	111	1	0	1	0	1	1	-1	-1	-1	-1	4812.98269998511
Simulation_25	2.312	0.069	0.057	0.055	1.358	0.917	25	0.05	12000	1000	1	500	111	1	0	1	0	1	1	-1	-1	-1	-1	7597.77043094498
Simulation_26	2.815	0.046	0.12	0.091	0.73	0.238	26	0.05	12000	1000	1	500	111	1	0	1	5	5	0	0	-1	-1	-1	5000.3307340276
Simulation_27	1.809	0.092	0.246	0.018	1.985	0.691	27	0.05	12000	1000	1	500	111	1	0	1	0	1	1	-1	-1	-1	-1	6679.15592612659
Simulation_28	1.558	0.035	0.089	0.146	1.044	0.577	28	0.05	12000	1000	1	500	111	1	0	1	0	1	1	-1	-1	-1	-1	7298.7624948518
Simulation_29	2.564	0.08	0.214	0.073	2.299	0.125	29	0.05	12000	1000	1	500	111	1	0	1	0	1	1	-1	-1	-1	-1	6108.86507270926
Simulation_30	2.061	0.012	0.277	0.109	2.926	0.804	30	0.05	12000	1000	1	500	111	1	0	1	0	1	1	-1	-1	-1	-1	6620.03838434067
Simulation_31	1.055	0.058	0.151	0.037	1.672	0.351	31	0.05	12000	1000	1	500	111	0	109	1	1070	1089	19	1	0.401735895846249	648	542	3715.15064766986
Simulation_32	1.086	0.034	0.202	0.089	2.26	0.676	32	0.05	12000	1000	1	500	111	1	0	1	0	1	1	-1	-1	-1	-1	6000.02931641784
Simulation_33	2.092	0.079	0.077	0.016	1.005	0.224	33	0.05	12000	1000	1	500	111	1	0	1	0	1	1	-1	-1	-1	-1	7158.4455484322
Simulation_34	2.595	0.011	0.14	0.125	1.632	0.903	34	0.05	12000	1000	1	500	111	1	0	1	0	1	1	-1	-1	-1	-1	5801.45700734118
Simulation_35	1.589	0.056	0.265	0.052	2.887	0.45	35	0.05	12000	1000	1	500	111	1	0	1	0	1	1	-1	-1	-1	-1	4074.3138543608
Simulation_36	1.841	0.022	0.108	0.107	1.319	0.337	36	0.05	12000	1000	1	500	111	1	0	1	0	1	1	-1	-1	-1	-1	4238.97159420554
Simulation_37	2.847	0.068	0.234	0.034	2.574	0.79	37	0.05	12000	1000	1	500	111	1	0	1	0	1	1	-1	-1	-1	-1	5890.09069176961
Simulation_38	2.344	0.045	0.297	0.143	1.946	0.111	38	0.05	12000	1000	1	500	111	1	0	1	0	7	7	0	-1	-1	-1	688.637603308281
Simulation_39	1.338	0.09	0.171	0.071	0.691	0.563	39	0.05	12000	1000	1	500	111	1	0	1	25	35	10	1	0.270350564468212	455	19	1306.46675870634
Simulation_40	1.464	0.017	0.25	0.025	0.848	0.62	40	0.05	12000	1000	1	500	111	1	0	1	0	1	1	-1	-1	-1	-1	7076.78915104987
Simulation_41	2.47	0.062	0.124	0.098	2.103	0.167	41	0.05	12000	1000	1	500	111	1	0	1	0	1	1	-1	-1	-1	-1	6842.9156816943
Simulation_42	2.972	0.039	0.061	0.062	2.73	0.846	42	0.05	12000	1000	1	500	111	1	0	1	0	1	1	-1	-1	-1	-1	6776.66986465931
Simulation_43	1.967	0.085	0.187	0.134	1.475	0.394	43	0.05	12000	1000	1	500	111	1	0	1	0	1	1	-1	-1	-1	-1	5814.96888857711
Simulation_44	1.715	0.051	0.155	0.007	2.417	0.507	44	0.05	12000	1000	1	500	111	1	0	1	0	1	1	-1	-1	-1	-1	9202.02452920636
Simulation_45	2.721	0.096	0.281	0.08	1.162	0.959	45	0.05	12000	1000	1	500	111	1	0	1	3	3	0	0	-1	-1	-1	6792.08909002978
Simulation_46	2.218	0.028	0.218	0.043	0.534	0.28	46	0.05	12000	1000	1	500	111	1	0	1	5	5	0	0	-1	-1	-1	6423.01311932899
Simulation_47	1.212	0.073	0.093	0.116	1.789	0.733	47	0.05	12000	1000	1	500	111	1	0	1	76	78	2	0	-1	-1	-1	7706.86630621338
Simulation_48	1.149	0.031	0.116	0.148	2.966	0.988	48	0.05	12000	1000	1	500	111	0	16	1	2820	2861	41	0	-1	-1	-1	5000.3307340276
Simulation_49	2.155	0.076	0.242	0.075	1.711	0.535	49	0.05	12000	1000	1	500	111	1	0	1	69	71	2	1	0.666072489601901	1121	48	3685.95136077369
Simulation_50	2.658	0.053	0.179	0.112	1.083	0.761	50	0.05	12000	1000	1	500	111	1	0	1	1	1	0	0	-1	-1	-1	2647.84459673927
Simulation_51	1.652	0.099	0.053	0.039	2.338	0.309	51	0.05	12000	1000	1	500	111	1	0	1	5	5	0	1	0.0011883541295306	2	2	4116.90580209186
Simulation_52	1.904	0.042	0.273	0.13	0.77	0.195	52	0.05	12000	1000	1	500	111	1	0	1	0	1	1	-1	-1	-1	-1	5891.23506691118
Simulation_53	2.91	0.087	0.148	0.057	2.025	0.648	53	0.05	12000	1000	1	500	111	1	0	1	7	10	3	0	-1	-1	-1	4550.36953451713
Simulation_54	2.407	0.02	0.085	0.093	2.652	0.422	54	0.05	12000	1000	1	500	111	1	0	1	0	1	1	-1	-1	-1	-1	9011.74631638351
Simulation_55	1.401	0.065	0.21	0.021	1.397	0.874	55	0.05	12000	1000	1	500	111	1	0	1	1776	1952	176	1	0.142008318478907	239	863	4527.86148896485
Simulation_56	1.275	0.048	0.069	0.048	1.554	0.818	56	0.05	12000	1000	1	500	111	1	0	1	0	1	1	-1	-1	-1	-1	7345.53827593408
Simulation_57	2.281	0.093	0.195	0.121	2.809	0.365	57	0.05	12000	1000	1	500	111	1	0	1	2	3	1	0	-1	-1	-1	4085.07530668278
Simulation_58	2.784	0.025	0.257	0.012	2.181	0.592	58	0.05	12000	1000	1	500	111	1	0	1	0	1	1	-1	-1	-1	-1	4957.80747095831
Simulation_59	1.778	0.07	0.132	0.084	0.926	0.139	59	0.05	12000	1000	1	500	111	1	0	1	0	1	1	-1	-1	-1	-1	Inf
Simulation_60	1.527	0.014	0.226	0.066	1.868	0.252	60	0.05	12000	1000	1	500	111	1	0	1	0	1	1	-1	-1	-1	-1	8355.75395077777
Simulation_61	2.532	0.059	0.1	0.139	0.613	0.705	61	0.05	12000	1000	1	500	111	1	0	1	3	3	0	1	0.213309566250743	359	2	7363.78813504112
Simulation_62	2.029	0.037	0.163	0.03	1.24	0.478	62	0.05	12000	1000	1	500	111	1	0	1	0	1	1	-1	-1	-1	-1	5801.45700734118
Simulation_63	1.024	0.082	0.289	0.103	2.495	0.931	63	0.05	12000	1000	1	500	111	1	0	1	0	2	2	0	-1	-1	-1	8428.94479915797
Simulation_64	1.039	0.046	0.161	0.122	1.025	0.882	64	0.05	12000	1000	1	500	111	1	0	1	401	407	6	1	0.487225193107546	820	169	3822.15059934758
Simulation_65	2.045	0.091	0.287	0.049	2.279	0.429	65	0.05	12000	1000	1	500	111	1	0	1	3	3	0	1	0.0011883541295306	2	1	3579.43472981989
Simulation_66	2.548	0.023	0.224	0.085	2.907	0.655	66	0.05	12000	1000	1	500	111	1	0	1	0	1	1	-1	-1	-1	-1	3348.03059054258
Simulation_67	1.542	0.068	0.099	0.013	1.652	0.203	67	0.05	12000	1000	1	500	111	1	0	1	0	1	1	-1	-1	-1	-1	5848.51329235734
Simulation_68	1.794	0.012	0.255	0.14	2.593	0.316	68	0.05	12000	1000	1	500	111	1	0	1	0	1	1	-1	-1	-1	-1	6958.8374736334
Simulation_69	2.8	0.057	0.13	0.067	1.338	0.768	69	0.05	12000	1000	1	500	111	1	0	1	0	1	1	-1	-1	-1	-1	6335.34008712448
Simulation_70	2.297	0.034	0.067	0.104	0.711	0.542	70	0.05	12000	1000	1	500	111	1	0	1	0	1	1	-1	-1	-1	-1	5631.88973993676
Simulation_71	1.291	0.08	0.193	0.031	1.966	0.995	71	0.05	12000	1000	1	500	111	1	0	1	52	53	1	1	0.590017825311943	993	43	2987.35315301922
Simulation_72	1.417	0.029	0.083	0.076	2.123	0.938	72	0.05	12000	1000	1	500	111	1	0	1	0	1	1	-1	-1	-1	-1	6684.72002647248
Simulation_73	2.422	0.074	0.208	0.149	0.868	0.485	73	0.05	12000	1000	1	500	111	1	0	1	0	1	1	-1	-1	-1	-1	Inf
Simulation_74	2.925	0.051	0.271	0.04	1.495	0.712	74	0.05	12000	1000	1	500	111	1	0	1	6	6	0	0	-1	-1	-1	4203.07381194999
Simulation_75	1.919	0.097	0.146	0.113	2.75	0.259	75	0.05	12000	1000	1	500	111	1	0	1	0	1	1	-1	-1	-1	-1	6281.21108741518
Simulation_76	1.668	0.04	0.177	0.058	1.181	0.146	76	0.05	12000	1000	1	500	111	1	0	1	0	1	1	-1	-1	-1	-1	4856.23494450777
Simulation_77	2.674	0.085	0.051	0.131	2.436	0.599	77	0.05	12000	1000	1	500	111	1	0	1	0	1	1	-1	-1	-1	-1	7509.48526977634
Simulation_78	2.171	0.017	0.114	0.022	1.809	0.372	78	0.05	12000	1000	1	500	111	1	0	1	0	1	1	-1	-1	-1	-1	5165.91909887051
Simulation_79	1.165	0.063	0.24	0.095	0.554	0.825	79	0.05	12000	1000	1	500	111	1	0	1	1	1	0	1	0.668449197860963	1125	1	3284.61631577562
Simulation_80	1.228	0.02	0.216	0.099	1.73	0.57	80	0.05	12000	1000	1	500	111	1	0	1	0	25	25	0	-1	-1	-1	8317.07900263525
Simulation_81	2.234	0.066	0.091	0.026	2.985	0.118	81	0.05	12000	1000	1	500	111	1	0	1	0	1	1	-1	-1	-1	-1	6362.84349415625
Simulation_82	2.737	0.043	0.153	0.136	2.358	0.797	82	0.05	12000	1000	1	500	111	1	0	1	0	1	1	-1	-1	-1	-1	5194.44680699817
Simulation_83	1.731	0.088	0.279	0.063	1.103	0.344	83	0.05	12000	1000	1	500	111	1	0	1	0	1	1	-1	-1	-1	-1	7176.94963166228
Simulation_84	1.982	0.054	0.059	0.081	2.044	0.457	84	0.05	12000	1000	1	500	111	1	0	1	0	1	1	-1	-1	-1	-1	4987.50767244511
Simulation_85	2.988	0.099	0.185	0.008	0.789	0.91	85	0.05	12000	1000	1	500	111	1	0	1	1	2	1	0	-1	-1	-1	7776.24655736325
Simulation_86	2.485	0.032	0.248	0.117	1.417	0.231	86	0.05	12000	1000	1	500	111	1	0	1	0	1	1	-1	-1	-1	-1	5078.91742599353
Simulation_87	1.479	0.077	0.122	0.045	2.672	0.683	87	0.05	12000	1000	1	500	111	1	0	1	371	407	36	0	-1	-1	-1	5565.3381917778
Simulation_88	1.354	0.037	0.295	0.017	2.828	0.74	88	0.05	12000	1000	1	500	111	1	0	1	0	1	1	-1	-1	-1	-1	6662.16642237638
Simulation_89	2.36	0.082	0.169	0.09	1.574	0.287	89	0.05	12000	1000	1	500	111	1	0	1	0	1	1	-1	-1	-1	-1	4396.0404247474
Simulation_90	2.862	0.015	0.106	0.054	0.946	0.966	90	0.05	12000	1000	1	500	111	1	0	1	0	1	1	-1	-1	-1	-1	4775.04128004996
Simulation_91	1.857	0.06	0.232	0.126	2.201	0.514	91	0.05	12000	1000	1	500	111	1	0	1	0	1	1	-1	-1	-1	-1	5789.92594700307
Simulation_92	1.605	0.026	0.138	0.035	0.632	0.401	92	0.05	12000	1000	1	500	111	1	0	1	0	1	1	-1	-1	-1	-1	5803.74813309511
Simulation_93	2.611	0.071	0.263	0.108	1.887	0.853	93	0.05	12000	1000	1	500	111	1	0	1	0	1	1	-1	-1	-1	-1	6328.58111884392
Simulation_94	2.108	0.049	0.2	0.072	2.515	0.174	94	0.05	12000	1000	1	500	111	1	0	1	0	1	1	-1	-1	-1	-1	8038.66270095608
Simulation_95	1.102	0.094	0.075	0.145	1.26	0.627	95	0.05	12000	1000	1	500	111	1	0	1	0	1	1	-1	-1	-1	-1	5520.49191722949
Simulation_96	1.071	0.022	0.283	0.056	1.77	0.528	96	0.05	12000	1000	1	500	111	1	0	1	0	1	1	-1	-1	-1	-1	8096.34979781439
Simulation_97	2.077	0.067	0.157	0.129	0.515	0.981	97	0.05	12000	1000	1	500	111	1	0	1	0	1	1	-1	-1	-1	-1	7491.24350974228
Simulation_98	2.58	0.044	0.095	0.02	1.142	0.302	98	0.05	12000	1000	1	500	111	1	0	1	0	1	1	-1	-1	-1	-1	9083.00268237441
Simulation_99	1.574	0.09	0.22	0.092	2.397	0.754	99	0.05	12000	1000	1	500	111	1	0	1	290	303	13	1	0.457516339869281	770	137	3392.40335189698
Simulation_100	1.825	0.033	0.126	0.074	1.456	0.641	100	0.05	12000	1000	1	500	111	1	0	1	0	1	1	-1	-1	-1	-1	7698.60541245846
Simulation_101	2.831	0.078	0.251	0.147	2.711	0.188	101	0.05	12000	1000	1	500	111	1	0	1	11	11	0	1	0.0011883541295306	2	1	4040.38667112464
Simulation_102	2.328	0.01	0.189	0.038	2.083	0.867	102	0.05	12000	1000	1	500	111	1	0	1	0	1	1	-1	-1	-1	-1	7546.81518542703
Simulation_103	1.322	0.056	0.063	0.11	0.828	0.415	103	0.05	12000	1000	1	500	111	1	0	1	12	42	30	0	-1	-1	-1	8970.71486477241
Simulation_104	1.448	0.05	0.236	0.138	0.672	0.358	104	0.05	12000	1000	1	500	111	1	0	1	788	996	208	1	0.180035650623886	303	383	3908.6940609898
Simulation_105	2.454	0.095	0.11	0.065	1.926	0.811	105	0.05	12000	1000	1	500	111	1	0	1	0	1	1	-1	-1	-1	-1	5854.27994229173
Simulation_106	2.957	0.027	0.173	0.101	2.554	0.132	106	0.05	12000	1000	1	500	111	1	0	1	0	1	1	-1	-1	-1	-1	5726.04485817947
Simulation_107	1.951	0.073	0.299	0.029	1.299	0.584	107	0.05	12000	1000	1	500	111	1	0	1	0	1	1	-1	-1	-1	-1	6530.78490830014
Simulation_108	1.699	0.016	0.079	0.12	2.868	0.698	108	0.05	12000	1000	1	500	111	1	0	1	0	1	1	-1	-1	-1	-1	4995.54128779791
Simulation_109	2.705	0.061	0.204	0.047	1.613	0.245	109	0.05	12000	1000	1	500	111	1	0	1	0	1	1	-1	-1	-1	-1	5162.10077387866
Simulation_110	2.202	0.039	0.267	0.083	0.985	0.924	110	0.05	12000	1000	1	500	111	1	0	1	8	8	0	1	0.51574569221628	868	4	4411.12752730248
Simulation_111	1.196	0.084	0.142	0.01	2.24	0.471	111	0.05	12000	1000	1	500	111	0	144	1	2988	3045	57	0	-1	-1	-1	7765.64346101461
Simulation_112	1.134	0.041	0.102	0.033	2.475	0.217	112	0.05	12000	1000	1	500	111	1	0	1	0	1	1	-1	-1	-1	-1	9235.15516340605
Simulation_113	2.139	0.087	0.228	0.106	1.221	0.669	113	0.05	12000	1000	1	500	111	1	0	1	34	37	3	1	0.763517528223411	1285	34	4037.04554294479
Simulation_114	2.642	0.019	0.291	0.07	0.593	0.443	114	0.05	12000	1000	1	500	111	1	0	1	0	1	1	-1	-1	-1	-1	6882.02677845771
Simulation_115	1.637	0.064	0.165	0.142	1.848	0.896	115	0.05	12000	1000	1	500	111	1	0	1	15	15	0	1	0.636957813428402	1072	10	5006.54826910977
Simulation_116	1.888	0.03	0.197	0.015	0.907	0.783	116	0.05	12000	1000	1	500	111	1	0	1	17	20	3	1	0.426619132501485	718	12	3965.88773642304
Simulation_117	2.894	0.075	0.071	0.088	2.162	0.33	117	0.05	12000	1000	1	500	111	1	0	1	0	1	1	-1	-1	-1	-1	5054.67600958066
Simulation_118	2.391	0.053	0.134	0.051	2.789	0.556	118	0.05	12000	1000	1	500	111	1	0	1	0	1	1	-1	-1	-1	-1	5718.68989850707
Simulation_119	1.385	0.098	0.259	0.124	1.534	0.104	119	0.05	12000	1000	1	500	111	1	0	1	0	1	1	-1	-1	-1	-1	4957.80747095831
Simulation_120	1.259	0.013	0.15	0.079	1.377	0.16	120	0.05	12000	1000	1	500	111	1	0	1	0	1	1	-1	-1	-1	-1	4752.90434259079
Simulation_121	2.265	0.058	0.275	0.006	2.632	0.613	121	0.05	12000	1000	1	500	111	1	0	1	0	1	1	-1	-1	-1	-1	5196.29111503792
Simulation_122	2.768	0.036	0.212	0.115	2.005	0.386	122	0.05	12000	1000	1	500	111	1	0	1	0	1	1	-1	-1	-1	-1	8611.30916755629
Simulation_123	1.762	0.081	0.087	0.042	0.75	0.839	123	0.05	12000	1000	1	500	111	1	0	1	0	1	1	-1	-1	-1	-1	6445.18720094906
Simulation_124	1.511	0.047	0.244	0.097	2.319	0.952	124	0.05	12000	1000	1	500	111	1	0	1	134	135	1	0	-1	-1	-1	3521.88951240907
Simulation_125	2.517	0.092	0.118	0.024	1.064	0.5	125	0.05	12000	1000	1	500	111	1	0	1	8	8	0	1	0.590017825311943	993	6	4526.85973391827
Simulation_126	2.014	0.024	0.055	0.133	1.691	0.726	126	0.05	12000	1000	1	500	111	1	0	1	0	1	1	-1	-1	-1	-1	6566.18692050208
Simulation_127	1.008	0.07	0.181	0.06	2.946	0.273	127	0.05	12000	1000	1	500	111	1	0	1	0	1	1	-1	-1	-1	-1	6137.22254385957
Simulation_128	1.016	0.04	0.247	0.142	1.662	0.475	128	0.05	12000	1000	1	500	111	1	0	1	0	1	1	-1	-1	-1	-1	6265.9543473074
Simulation_129	2.022	0.085	0.121	0.069	2.917	0.928	129	0.05	12000	1000	1	500	111	1	0	1	0	1	1	-1	-1	-1	-1	6326.48008625883
Simulation_130	2.525	0.017	0.058	0.105	2.289	0.249	130	0.05	12000	1000	1	500	111	1	0	1	0	1	1	-1	-1	-1	-1	4226.64332446716
Simulation_131	1.519	0.062	0.184	0.033	1.034	0.701	131	0.05	12000	1000	1	500	111	1	0	1	0	1	1	-1	-1	-1	-1	6022.43775815651
Simulation_132	1.77	0.028	0.152	0.124	1.975	0.588	132	0.05	12000	1000	1	500	111	1	0	1	0	1	1	-1	-1	-1	-1	5372.28496186805
Simulation_133	2.776	0.074	0.278	0.051	0.721	0.135	133	0.05	12000	1000	1	500	111	1	0	1	0	1	1	-1	-1	-1	-1	Inf
Simulation_134	2.273	0.051	0.215	0.087	1.348	0.814	134	0.05	12000	1000	1	500	111	1	0	1	0	1	1	-1	-1	-1	-1	3965.88773642304
Simulation_135	1.267	0.096	0.09	0.014	2.603	0.362	135	0.05	12000	1000	1	500	111	1	0	1	0	1	1	-1	-1	-1	-1	5642.64476258054
Simulation_136	1.393	0.011	0.2	0.042	2.76	0.418	136	0.05	12000	1000	1	500	111	1	0	1	0	1	1	-1	-1	-1	-1	6674.30882743396
Simulation_137	2.399	0.057	0.074	0.114	1.505	0.871	137	0.05	12000	1000	1	500	111	1	0	1	0	1	1	-1	-1	-1	-1	6593.62101002343
Simulation_138	2.902	0.034	0.137	0.005	0.877	0.192	138	0.05	12000	1000	1	500	111	1	0	1	0	1	1	-1	-1	-1	-1	6845.48634103978
Simulation_139	1.896	0.079	0.262	0.078	2.132	0.645	139	0.05	12000	1000	1	500	111	1	0	1	0	1	1	-1	-1	-1	-1	6988.78261788986
Simulation_140	1.644	0.045	0.105	0.06	0.564	0.758	140	0.05	12000	1000	1	500	111	1	0	1	0	1	1	-1	-1	-1	-1	6401.00933053323
Simulation_141	2.65	0.091	0.231	0.133	1.819	0.305	141	0.05	12000	1000	1	500	111	1	0	1	0	1	1	-1	-1	-1	-1	7312.35011144976
Simulation_142	2.147	0.023	0.294	0.023	2.446	0.984	142	0.05	12000	1000	1	500	111	1	0	1	0	1	1	-1	-1	-1	-1	1195.67444503777
Simulation_143	1.141	0.068	0.168	0.096	1.191	0.531	143	0.05	12000	1000	1	500	111	1	0	1	0	1	1	-1	-1	-1	-1	6296.78156682117
Simulation_144	1.204	0.026	0.066	0.092	1.113	0.277	144	0.05	12000	1000	1	500	111	1	0	1	0	1	1	-1	-1	-1	-1	6716.43052688708
Simulation_145	2.21	0.071	0.192	0.019	2.368	0.729	145	0.05	12000	1000	1	500	111	1	0	1	0	1	1	-1	-1	-1	-1	5864.58652172771
Simulation_146	2.713	0.048	0.254	0.128	2.995	0.503	146	0.05	12000	1000	1	500	111	1	0	1	0	1	1	-1	-1	-1	-1	4912.01421690961
Simulation_147	1.707	0.093	0.129	0.055	1.74	0.956	147	0.05	12000	1000	1	500	111	1	0	1	1	1	0	0	-1	-1	-1	8059.03895749084
Simulation_148	1.959	0.037	0.223	0.11	2.681	0.843	148	0.05	12000	1000	1	500	111	1	0	1	3	6	3	1	0.462863933452169	779	3	2987.35315301922
Simulation_149	2.965	0.082	0.098	0.037	1.426	0.39	149	0.05	12000	1000	1	500	111	1	0	1	15	17	2	0	-1	-1	-1	8287.14669533635
Simulation_150	2.462	0.014	0.16	0.146	0.799	0.616	150	0.05	12000	1000	1	500	111	1	0	1	1	17	16	1	0.0023767082590612	4	1	4368.65438880164
Simulation_151	1.456	0.06	0.286	0.074	2.054	0.164	151	0.05	12000	1000	1	500	111	1	0	1	0	1	1	-1	-1	-1	-1	4968.51683237829
Simulation_152	1.33	0.054	0.113	0.028	2.211	0.107	152	0.05	12000	1000	1	500	111	1	0	1	0	1	1	-1	-1	-1	-1	3457.95528655251
Simulation_153	2.336	0.099	0.239	0.101	0.956	0.56	153	0.05	12000	1000	1	500	111	1	0	1	0	1	1	-1	-1	-1	-1	6122.5921647764
Simulation_154	2.839	0.031	0.176	0.064	1.583	0.333	154	0.05	12000	1000	1	500	111	1	0	1	0	1	1	-1	-1	-1	-1	5332.44134676406
Simulation_155	1.833	0.076	0.05	0.137	2.838	0.786	155	0.05	12000	1000	1	500	111	1	0	1	0	1	1	-1	-1	-1	-1	6028.4376488545
Simulation_156	1.582	0.02	0.27	0.01	1.27	0.899	156	0.05	12000	1000	1	500	111	1	0	1	0	1	1	-1	-1	-1	-1	5642.64476258054
Simulation_157	2.587	0.065	0.145	0.083	2.525	0.447	157	0.05	12000	1000	1	500	111	1	0	1	0	1	1	-1	-1	-1	-1	Inf
Simulation_158	2.084	0.043	0.082	0.046	1.897	0.673	158	0.05	12000	1000	1	500	111	1	0	1	0	1	1	-1	-1	-1	-1	5290.60790085033
Simulation_159	1.079	0.088	0.207	0.119	0.642	0.22	159	0.05	12000	1000	1	500	111	0	196	1	2800	2832	32	1	0.769905956112853	1228	692	2979.75089216044
Simulation_160	1.11	0.016	0.133	0.062	2.407	0.828	160	0.05	12000	1000	1	500	111	1	0	1	0	1	1	-1	-1	-1	-1	5651.8708013858
Simulation_161	2.116	0.061	0.258	0.135	1.152	0.376	161	0.05	12000	1000	1	500	111	1	0	1	165	166	1	1	0.659536541889483	1110	91	2931.97995804461
Simulation_162	2.619	0.038	0.196	0.026	0.525	0.602	162	0.05	12000	1000	1	500	111	1	0	1	4	4	0	1	0.368983957219251	621	4	6426.11194684391
Simulation_163	1.613	0.084	0.07	0.099	1.779	0.15	163	0.05	12000	1000	1	500	111	1	0	1	0	1	1	-1	-1	-1	-1	5980.00328697445
Simulation_164	1.864	0.05	0.29	0.044	0.838	0.263	164	0.05	12000	1000	1	500	111	1	0	1	0	1	1	-1	-1	-1	-1	4892.02792155094
Simulation_165	2.87	0.095	0.164	0.117	2.093	0.715	165	0.05	12000	1000	1	500	111	1	0	1	21	22	1	1	0.688057040998218	1158	12	3646.5385358228
Simulation_166	2.367	0.027	0.101	0.008	2.721	0.489	166	0.05	12000	1000	1	500	111	1	0	1	0	1	1	-1	-1	-1	-1	6258.72422447304
Simulation_167	1.361	0.072	0.227	0.08	1.466	0.942	167	0.05	12000	1000	1	500	111	1	0	1	0	1	1	-1	-1	-1	-1	6237.84310519474
Simulation_168	1.487	0.033	0.054	0.126	1.309	0.998	168	0.05	12000	1000	1	500	111	1	0	1	0	1	1	-1	-1	-1	-1	6081.74458818933
Simulation_169	2.493	0.078	0.18	0.053	2.564	0.546	169	0.05	12000	1000	1	500	111	1	0	1	0	1	1	-1	-1	-1	-1	6611.26378677567
Simulation_170	2.996	0.01	0.243	0.089	1.936	0.772	170	0.05	12000	1000	1	500	111	1	0	1	0	1	1	-1	-1	-1	-1	5372.70094198867
Simulation_171	1.99	0.055	0.117	0.017	0.681	0.319	171	0.05	12000	1000	1	500	111	1	0	1	0	1	1	-1	-1	-1	-1	5905.49870156389
Simulation_172	1.739	0.021	0.211	0.144	2.25	0.206	172	0.05	12000	1000	1	500	111	1	0	1	0	1	1	-1	-1	-1	-1	7454.32680745724
Simulation_173	2.745	0.067	0.086	0.071	0.995	0.659	173	0.05	12000	1000	1	500	111	1	0	1	0	1	1	-1	-1	-1	-1	4609.94359298309
Simulation_174	2.242	0.044	0.149	0.108	1.623	0.432	174	0.05	12000	1000	1	500	111	1	0	1	0	1	1	-1	-1	-1	-1	6568.75425250689
Simulation_175	1.236	0.089	0.274	0.035	2.877	0.885	175	0.05	12000	1000	1	500	111	1	0	1	0	1	1	-1	-1	-1	-1	6385.93696628282
Simulation_176	1.173	0.047	0.188	0.012	1.858	0.63	176	0.05	12000	1000	1	500	111	1	0	1	0	1	1	-1	-1	-1	-1	6403.70973004239
Simulation_177	2.179	0.092	0.062	0.085	0.603	0.178	177	0.05	12000	1000	1	500	111	1	0	1	304	326	22	1	0.433155080213904	729	93	3952.99659191044
Simulation_178	2.682	0.024	0.125	0.048	1.23	0.857	178	0.05	12000	1000	1	500	111	1	0	1	0	1	1	-1	-1	-1	-1	7488.51109067127
Simulation_179	1.676	0.069	0.25	0.121	2.485	0.404	179	0.05	12000	1000	1	500	111	1	0	1	0	1	1	-1	-1	-1	-1	6545.9520666196
Simulation_180	1.927	0.013	0.094	0.03	1.544	0.517	180	0.05	12000	1000	1	500	111	1	0	1	0	1	1	-1	-1	-1	-1	8666.12323920965
Simulation_181	2.933	0.058	0.219	0.103	2.799	0.97	181	0.05	12000	1000	1	500	111	1	0	1	0	1	1	-1	-1	-1	-1	4856.23494450777
Simulation_182	2.43	0.035	0.282	0.067	2.172	0.291	182	0.05	12000	1000	1	500	111	1	0	1	0	1	1	-1	-1	-1	-1	1375.4046567034
Simulation_183	1.424	0.081	0.156	0.139	0.917	0.744	183	0.05	12000	1000	1	500	111	1	0	1	24	28	4	0	-1	-1	-1	4322.37346029595
Simulation_184	1.299	0.03	0.266	0.112	0.76	0.687	184	0.05	12000	1000	1	500	111	1	0	1	0	1	1	-1	-1	-1	-1	4793.34814421563
Simulation_185	2.305	0.075	0.141	0.039	2.015	0.234	185	0.05	12000	1000	1	500	111	1	0	1	0	1	1	-1	-1	-1	-1	8245.63269128025
Simulation_186	2.807	0.052	0.078	0.149	2.642	0.913	186	0.05	12000	1000	1	500	111	1	0	1	0	1	1	-1	-1	-1	-1	7161.99354246758
Simulation_187	1.802	0.098	0.203	0.076	1.387	0.461	187	0.05	12000	1000	1	500	111	1	0	1	0	1	1	-1	-1	-1	-1	6401.00933053323
Simulation_188	1.55	0.041	0.172	0.094	2.956	0.348	188	0.05	12000	1000	1	500	111	1	0	1	17	18	1	0	-1	-1	-1	4827.77918203793
Simulation_189	2.556	0.086	0.298	0.021	1.701	0.8	189	0.05	12000	1000	1	500	111	1	0	1	0	1	1	-1	-1	-1	-1	5078.82103083829
Simulation_190	2.053	0.018	0.235	0.13	1.074	0.121	190	0.05	12000	1000	1	500	111	1	0	1	0	1	1	-1	-1	-1	-1	8542.35937881284
Simulation_191	1.047	0.064	0.109	0.058	2.328	0.574	191	0.05	12000	1000	1	500	111	1	0	1	0	1	1	-1	-1	-1	-1	9055.76145682683
Simulation_192	1.031	0.028	0.233	0.041	1.132	0.737	192	0.05	12000	1000	1	500	111	1	0	1	0	1	1	-1	-1	-1	-1	6746.64528261669
Simulation_193	2.037	0.073	0.107	0.113	2.387	0.284	193	0.05	12000	1000	1	500	111	1	0	1	0	1	1	-1	-1	-1	-1	7114.74472966497
Simulation_194	2.54	0.05	0.17	0.077	1.76	0.963	194	0.05	12000	1000	1	500	111	1	0	1	0	1	1	-1	-1	-1	-1	3164.4072776758
Simulation_195	1.534	0.096	0.296	0.15	0.505	0.51	195	0.05	12000	1000	1	500	111	1	0	1	1	1	0	1	0.636957813428402	1072	1	6233.90530705859
Simulation_196	1.786	0.039	0.076	0.022	2.074	0.397	196	0.05	12000	1000	1	500	111	1	0	1	19	21	2	0	-1	-1	-1	4917.16372557385
Simulation_197	2.792	0.084	0.201	0.095	0.819	0.85	197	0.05	12000	1000	1	500	111	1	0	1	0	1	1	-1	-1	-1	-1	7333.2070810134
Simulation_198	2.289	0.016	0.264	0.059	1.446	0.171	198	0.05	12000	1000	1	500	111	1	0	1	0	1	1	-1	-1	-1	-1	5261.50584081118
Simulation_199	1.283	0.062	0.139	0.132	2.701	0.623	199	0.05	12000	1000	1	500	111	1	0	1	0	1	1	-1	-1	-1	-1	6385.93696628282
Simulation_200	1.409	0.045	0.28	0.086	2.544	0.567	200	0.05	12000	1000	1	500	111	1	0	1	0	1	1	-1	-1	-1	-1	6933.16660034482
Simulation_201	2.415	0.09	0.154	0.013	1.289	0.114	201	0.05	12000	1000	1	500	111	1	0	1	0	1	1	-1	-1	-1	-1	6043.28270345702
Simulation_202	2.917	0.022	0.092	0.122	0.662	0.793	202	0.05	12000	1000	1	500	111	1	0	1	0	1	1	-1	-1	-1	-1	6083.76252463079
Simulation_203	1.912	0.067	0.217	0.05	1.917	0.34	203	0.05	12000	1000	1	500	111	1	0	1	0	1	1	-1	-1	-1	-1	5533.07740732941
Simulation_204	1.66	0.011	0.123	0.104	0.975	0.454	204	0.05	12000	1000	1	500	111	1	0	1	0	1	1	-1	-1	-1	-1	5864.58652172771
Simulation_205	2.666	0.056	0.249	0.031	2.23	0.906	205	0.05	12000	1000	1	500	111	1	0	1	0	1	1	-1	-1	-1	-1	4998.62794180368
Simulation_206	2.163	0.033	0.186	0.141	2.858	0.227	206	0.05	12000	1000	1	500	111	1	0	1	0	1	1	-1	-1	-1	-1	6213.92720419335
Simulation_207	1.157	0.079	0.06	0.068	1.603	0.68	207	0.05	12000	1000	1	500	111	1	0	1	25	26	1	0	-1	-1	-1	8241.03532288324
Simulation_208	1.22	0.036	0.147	0.054	0.583	0.935	208	0.05	12000	1000	1	500	111	1	0	1	0	1	1	-1	-1	-1	-1	7420.77354424767
Simulation_209	2.226	0.081	0.272	0.127	1.838	0.482	209	0.05	12000	1000	1	500	111	1	0	1	8	14	6	1	0.0011883541295306	2	8	2124.1205058579
Simulation_210	2.729	0.014	0.209	0.018	2.466	0.708	210	0.05	12000	1000	1	500	111	1	0	1	0	1	1	-1	-1	-1	-1	4817.2082824793
Simulation_211	1.723	0.059	0.084	0.091	1.211	0.256	211	0.05	12000	1000	1	500	111	1	0	1	56	118	62	0	-1	-1	-1	5525.40230583204
Simulation_212	1.974	0.025	0.241	0.072	2.779	0.142	212	0.05	12000	1000	1	500	111	1	0	1	0	1	1	-1	-1	-1	-1	8755.02796122914
Simulation_213	2.98	0.07	0.115	0.145	1.525	0.595	213	0.05	12000	1000	1	500	111	1	0	1	4	5	1	1	0.363636363636364	612	4	2680.97838443136
Simulation_214	2.477	0.047	0.052	0.036	0.897	0.369	214	0.05	12000	1000	1	500	111	1	0	1	0	1	1	-1	-1	-1	-1	5965.49993385831
Simulation_215	1.472	0.093	0.178	0.109	2.152	0.821	215	0.05	12000	1000	1	500	111	1	0	1	0	1	1	-1	-1	-1	-1	5664.43177583475
Simulation_216	1.346	0.019	0.1	0.136	1.995	0.878	216	0.05	12000	1000	1	500	111	1	0	1	0	1	1	-1	-1	-1	-1	4678.67284830277
Simulation_217	2.352	0.064	0.225	0.063	0.74	0.425	217	0.05	12000	1000	1	500	111	1	0	1	0	1	1	-1	-1	-1	-1	4575.34225937139
Simulation_218	2.855	0.042	0.288	0.1	1.368	0.652	218	0.05	12000	1000	1	500	111	1	0	1	0	1	1	-1	-1	-1	-1	4940.12545902227
Simulation_219	1.849	0.087	0.162	0.027	2.623	0.199	219	0.05	12000	1000	1	500	111	1	0	1	0	1	1	-1	-1	-1	-1	4818.50112766816
Simulation_220	1.597	0.053	0.194	0.118	1.681	0.312	220	0.05	12000	1000	1	500	111	1	0	1	0	1	1	-1	-1	-1	-1	8081.04783789877
Simulation_221	2.603	0.098	0.068	0.045	2.936	0.765	221	0.05	12000	1000	1	500	111	1	0	1	9	12	3	1	0.753416518122401	1268	9	4291.01585577422
Simulation_222	2.1	0.031	0.131	0.081	2.309	0.539	222	0.05	12000	1000	1	500	111	1	0	1	0	1	1	-1	-1	-1	-1	5974.17494805441
Simulation_223	1.094	0.076	0.256	0.009	1.054	0.991	223	0.05	12000	1000	1	500	111	1	0	1	85	94	9	1	0.629233511586453	1059	45	4781.36198410634
Simulation_224	1.063	0.052	0.088	0.102	2.897	0.157	224	0.05	12000	1000	1	500	111	1	0	1	0	1	1	-1	-1	-1	-1	6638.45503638965
Simulation_225	2.069	0.097	0.213	0.029	1.642	0.609	225	0.05	12000	1000	1	500	111	1	0	1	16	19	3	1	0.789067142008319	1328	16	2633.33638962057
Simulation_226	2.572	0.029	0.276	0.138	1.015	0.383	226	0.05	12000	1000	1	500	111	1	0	1	0	1	1	-1	-1	-1	-1	6675.41347109457
Simulation_227	1.566	0.074	0.15	0.066	2.27	0.836	227	0.05	12000	1000	1	500	111	1	0	1	0	1	1	-1	-1	-1	-1	5951.74916194329
Simulation_228	1.817	0.018	0.182	0.084	0.701	0.949	228	0.05	12000	1000	1	500	111	1	0	1	0	1	1	-1	-1	-1	-1	5663.23182231164
Simulation_229	2.823	0.063	0.056	0.011	1.956	0.496	229	0.05	12000	1000	1	500	111	1	0	1	0	1	1	-1	-1	-1	-1	6165.85048191581
Simulation_230	2.32	0.04	0.119	0.12	2.583	0.722	230	0.05	12000	1000	1	500	111	1	0	1	0	1	1	-1	-1	-1	-1	9255.48551685166
Simulation_231	1.314	0.086	0.245	0.047	1.328	0.27	231	0.05	12000	1000	1	500	111	1	0	1	7	73	66	0	-1	-1	-1	5327.83198348054
Simulation_232	1.44	0.023	0.166	0.02	1.485	0.213	232	0.05	12000	1000	1	500	111	1	0	1	0	1	1	-1	-1	-1	-1	5910.0020159604
Simulation_233	2.446	0.069	0.292	0.093	2.74	0.666	233	0.05	12000	1000	1	500	111	1	0	1	0	1	1	-1	-1	-1	-1	7234.34317475659
Simulation_234	2.949	0.046	0.229	0.056	2.113	0.439	234	0.05	12000	1000	1	500	111	1	0	1	0	1	1	-1	-1	-1	-1	9051.32908977788
Simulation_235	1.943	0.091	0.103	0.129	0.858	0.892	235	0.05	12000	1000	1	500	111	1	0	1	0	1	1	-1	-1	-1	-1	5696.25629864305
Simulation_236	1.692	0.035	0.26	0.038	1.799	0.779	236	0.05	12000	1000	1	500	111	1	0	1	0	1	1	-1	-1	-1	-1	4367.46674133217
Simulation_237	2.697	0.08	0.135	0.111	0.544	0.326	237	0.05	12000	1000	1	500	111	1	0	1	1	1	0	1	0.467023172905526	786	1	5277.1856556279
Simulation_238	2.194	0.012	0.072	0.075	1.172	0.553	238	0.05	12000	1000	1	500	111	1	0	1	0	1	1	-1	-1	-1	-1	5462.00133448876
Simulation_239	1.189	0.057	0.198	0.147	2.426	0.1	239	0.05	12000	1000	1	500	111	1	0	1	0	1	1	-1	-1	-1	-1	6791.27089683395
Simulation_240	1.126	0.015	0.3	0.116	2.348	0.355	240	0.05	12000	1000	1	500	111	1	0	1	0	1	1	-1	-1	-1	-1	8631.45765117904
Simulation_241	2.132	0.06	0.174	0.043	1.093	0.807	241	0.05	12000	1000	1	500	111	1	0	1	0	1	1	-1	-1	-1	-1	5445.55991084847
Simulation_242	2.635	0.038	0.111	0.079	1.721	0.128	242	0.05	12000	1000	1	500	111	1	0	1	0	1	1	-1	-1	-1	-1	8887.81558808956
Simulation_243	1.629	0.083	0.237	0.006	2.975	0.581	243	0.05	12000	1000	1	500	111	1	0	1	0	1	1	-1	-1	-1	-1	3897.36107453808
Simulation_244	1.88	0.049	0.143	0.134	1.407	0.694	244	0.05	12000	1000	1	500	111	1	0	1	0	1	1	-1	-1	-1	-1	4801.96610923798
Simulation_245	2.886	0.094	0.268	0.061	2.662	0.241	245	0.05	12000	1000	1	500	111	1	0	1	4	4	0	1	0.0011883541295306	2	4	4528.21311984612
Simulation_246	2.383	0.026	0.205	0.097	2.034	0.92	246	0.05	12000	1000	1	500	111	1	0	1	0	1	1	-1	-1	-1	-1	5642.64476258054
Simulation_247	1.377	0.072	0.08	0.025	0.779	0.468	247	0.05	12000	1000	1	500	111	1	0	1	0	1	1	-1	-1	-1	-1	9113.86020149252
Simulation_248	1.251	0.043	0.221	0.07	0.936	0.524	248	0.05	12000	1000	1	500	111	1	0	1	29	99	70	0	-1	-1	-1	7609.49568133566
Simulation_249	2.257	0.089	0.096	0.143	2.191	0.977	249	0.05	12000	1000	1	500	111	1	0	1	2	2	0	0	-1	-1	-1	7330.0102975582
Simulation_250	2.76	0.021	0.158	0.034	2.819	0.298	250	0.05	12000	1000	1	500	111	1	0	1	0	1	1	-1	-1	-1	-1	6808.29033652258
Simulation_251	1.754	0.066	0.284	0.106	1.564	0.751	251	0.05	12000	1000	1	500	111	1	0	1	1	17	16	0	-1	-1	-1	7672.04315956812
Simulation_252	1.503	0.032	0.064	0.052	2.505	0.638	252	0.05	12000	1000	1	500	111	1	0	1	0	1	1	-1	-1	-1	-1	4585.36221669968
Simulation_253	2.509	0.077	0.19	0.125	1.25	0.185	253	0.05	12000	1000	1	500	111	1	0	1	0	2	2	0	-1	-1	-1	4216.59896042098
Simulation_254	2.006	0.055	0.252	0.016	0.623	0.864	254	0.05	12000	1000	1	500	111	1	0	1	0	1	1	-1	-1	-1	-1	6096.07613644332
Simulation_255	1	0.1	0.127	0.088	1.877	0.411	255	0.05	12000	1000	1	500	111	1	0	1	0	1	1	-1	-1	-1	-1	5865.22826928912
Simulation_256	1.004	0.055	0.214	0.046	2.588	0.979	256	0.05	12000	1000	1	500	111	1	0	1	0	1	1	-1	-1	-1	-1	9113.86020149252
Simulation_257	2.01	0.1	0.088	0.119	1.333	0.526	257	0.05	12000	1000	1	500	111	1	0	1	4	6	2	1	0.0011883541295306	2	4	5388.4293689724
Simulation_258	2.513	0.032	0.151	0.01	0.706	0.752	258	0.05	12000	1000	1	500	111	1	0	1	0	1	1	-1	-1	-1	-1	4708.93377241703
Simulation_259	1.507	0.077	0.276	0.082	1.961	0.3	259	0.05	12000	1000	1	500	111	1	0	1	0	1	1	-1	-1	-1	-1	7251.20214691325
Simulation_260	1.758	0.021	0.057	0.064	1.02	0.187	260	0.05	12000	1000	1	500	111	1	0	1	0	1	1	-1	-1	-1	-1	6438.14847409505
Simulation_261	2.764	0.066	0.182	0.137	2.275	0.639	261	0.05	12000	1000	1	500	111	1	0	1	0	1	1	-1	-1	-1	-1	6899.67311387137
Simulation_262	2.261	0.043	0.245	0.028	2.902	0.413	262	0.05	12000	1000	1	500	111	1	0	1	0	1	1	-1	-1	-1	-1	5227.72355150839
Simulation_263	1.255	0.089	0.12	0.101	1.647	0.866	263	0.05	12000	1000	1	500	111	1	0	1	0	1	1	-1	-1	-1	-1	7275.98731518801
Simulation_264	1.381	0.026	0.292	0.146	1.176	0.809	264	0.05	12000	1000	1	500	111	1	0	1	0	1	1	-1	-1	-1	-1	5380.02018136018
Simulation_265	2.387	0.072	0.167	0.073	2.431	0.356	265	0.05	12000	1000	1	500	111	1	0	1	0	2	2	0	-1	-1	-1	8753.64205009177
Simulation_266	2.89	0.049	0.104	0.11	1.804	0.583	266	0.05	12000	1000	1	500	111	1	0	1	0	1	1	-1	-1	-1	-1	7128.38180484217
Simulation_267	1.884	0.094	0.229	0.037	0.549	0.13	267	0.05	12000	1000	1	500	111	1	0	1	92	109	17	1	0.642305407011289	1081	57	4554.53971780118
Simulation_268	1.633	0.038	0.135	0.128	2.118	0.243	268	0.05	12000	1000	1	500	111	1	0	1	0	1	1	-1	-1	-1	-1	6225.82682382113
Simulation_269	2.639	0.083	0.261	0.055	0.863	0.696	269	0.05	12000	1000	1	500	111	1	0	1	0	1	1	-1	-1	-1	-1	6236.2291676083
Simulation_270	2.136	0.015	0.198	0.091	1.49	0.47	270	0.05	12000	1000	1	500	111	1	0	1	0	1	1	-1	-1	-1	-1	7101.38218263032
Simulation_271	1.13	0.06	0.073	0.019	2.745	0.922	271	0.05	12000	1000	1	500	111	1	0	1	0	1	1	-1	-1	-1	-1	7419.8218845733
Simulation_272	1.193	0.012	0.175	0.023	2.039	0.668	272	0.05	12000	1000	1	500	111	1	0	1	0	1	1	-1	-1	-1	-1	5211.6970255405
Simulation_273	2.198	0.058	0.3	0.096	0.784	0.215	273	0.05	12000	1000	1	500	111	1	0	1	0	1	1	-1	-1	-1	-1	7415.55390492307
Simulation_274	2.701	0.035	0.237	0.06	1.412	0.894	274	0.05	12000	1000	1	500	111	1	0	1	0	1	1	-1	-1	-1	-1	7752.37254740802
Simulation_275	1.695	0.08	0.112	0.132	2.667	0.441	275	0.05	12000	1000	1	500	111	1	0	1	0	1	1	-1	-1	-1	-1	6312.12512423304
Simulation_276	1.947	0.046	0.269	0.005	1.725	0.328	276	0.05	12000	1000	1	500	111	1	0	1	0	3	3	0	-1	-1	-1	5507.25623310254
Simulation_277	2.953	0.092	0.143	0.078	2.98	0.781	277	0.05	12000	1000	1	500	111	1	0	1	4	7	3	1	0.0035650623885918	6	2	3090.35132006013
Simulation_278	2.45	0.024	0.08	0.041	2.353	0.102	278	0.05	12000	1000	1	500	111	1	0	1	0	1	1	-1	-1	-1	-1	7540.75797394552
Simulation_279	1.444	0.069	0.206	0.114	1.098	0.554	279	0.05	12000	1000	1	500	111	1	0	1	0	1	1	-1	-1	-1	-1	4609.94359298309
Simulation_280	1.318	0.041	0.096	0.087	0.627	0.611	280	0.05	12000	1000	1	500	111	1	0	1	0	1	1	-1	-1	-1	-1	6199.86575971087
Simulation_281	2.324	0.086	0.222	0.014	1.882	0.158	281	0.05	12000	1000	1	500	111	1	0	1	0	1	1	-1	-1	-1	-1	5089.27548822947
Simulation_282	2.827	0.018	0.284	0.123	2.51	0.837	282	0.05	12000	1000	1	500	111	1	0	1	0	1	1	-1	-1	-1	-1	5211.6970255405
Simulation_283	1.821	0.063	0.159	0.05	1.255	0.385	283	0.05	12000	1000	1	500	111	1	0	1	0	1	1	-1	-1	-1	-1	4849.75031837729
Simulation_284	1.57	0.029	0.19	0.105	2.824	0.498	284	0.05	12000	1000	1	500	111	1	0	1	0	1	1	-1	-1	-1	-1	2089.24961499097
Simulation_285	2.576	0.075	0.065	0.032	1.569	0.95	285	0.05	12000	1000	1	500	111	1	0	1	1	1	0	0	-1	-1	-1	5447.11833198885
Simulation_286	2.073	0.052	0.127	0.141	0.941	0.272	286	0.05	12000	1000	1	500	111	1	0	1	0	1	1	-1	-1	-1	-1	4801.96610923798
Simulation_287	1.067	0.097	0.253	0.069	2.196	0.724	287	0.05	12000	1000	1	500	111	0	47	1	1922	1998	76	1	0.777570093457944	1248	854	732.986289955823
Simulation_288	1.098	0.031	0.108	0.13	1.451	0.427	288	0.05	12000	1000	1	500	111	1	0	1	0	1	1	-1	-1	-1	-1	4336.80853635393
Simulation_289	2.104	0.076	0.233	0.057	2.706	0.88	289	0.05	12000	1000	1	500	111	1	0	1	0	1	1	-1	-1	-1	-1	4165.16318827315
Simulation_290	2.607	0.053	0.296	0.094	2.078	0.201	290	0.05	12000	1000	1	500	111	1	0	1	0	1	1	-1	-1	-1	-1	7296.06481508704
Simulation_291	1.601	0.099	0.171	0.021	0.824	0.653	291	0.05	12000	1000	1	500	111	1	0	1	6	6	0	1	0.776589423648247	1307	5	6288.78942920642
Simulation_292	1.853	0.042	0.202	0.148	1.765	0.767	292	0.05	12000	1000	1	500	111	1	0	1	0	1	1	-1	-1	-1	-1	4716.16567623639
Simulation_293	2.859	0.087	0.076	0.076	0.51	0.314	293	0.05	12000	1000	1	500	111	1	0	1	1	1	0	1	0.725490196078431	1221	1	7068.64373108183
Simulation_294	2.356	0.019	0.139	0.112	1.137	0.993	294	0.05	12000	1000	1	500	111	1	0	1	95	102	7	1	0.367795603089721	619	76	5786.31756635637
Simulation_295	1.35	0.065	0.265	0.039	2.392	0.54	295	0.05	12000	1000	1	500	111	1	0	1	212	230	18	1	0.0261437908496732	44	106	4073.57336383442
Simulation_296	1.475	0.048	0.155	0.066	2.863	0.484	296	0.05	12000	1000	1	500	111	1	0	1	0	1	1	-1	-1	-1	-1	5060.10807799769
Simulation_297	2.481	0.093	0.28	0.139	1.608	0.936	297	0.05	12000	1000	1	500	111	1	0	1	0	1	1	-1	-1	-1	-1	5097.47285025764
Simulation_298	2.984	0.025	0.218	0.03	0.98	0.257	298	0.05	12000	1000	1	500	111	1	0	1	21	23	2	0	-1	-1	-1	3474.17268375647
Simulation_299	1.978	0.07	0.092	0.103	2.235	0.71	299	0.05	12000	1000	1	500	111	1	0	1	0	1	1	-1	-1	-1	-1	6370.60423399617
Simulation_300	1.727	0.014	0.249	0.048	0.667	0.597	300	0.05	12000	1000	1	500	111	1	0	1	0	1	1	-1	-1	-1	-1	7348.71351934718
Simulation_301	2.733	0.059	0.124	0.121	1.922	0.144	301	0.05	12000	1000	1	500	111	1	0	1	0	1	1	-1	-1	-1	-1	6988.78261788986
Simulation_302	2.23	0.036	0.061	0.012	2.549	0.823	302	0.05	12000	1000	1	500	111	1	0	1	40	42	2	0	-1	-1	-1	4004.70918716038
Simulation_303	1.224	0.082	0.186	0.085	1.294	0.371	303	0.05	12000	1000	1	500	111	1	0	1	446	448	2	1	0.6524064171123	1098	137	4007.29592597155
Simulation_304	1.161	0.034	0.273	0.107	0.902	0.116	304	0.05	12000	1000	1	500	111	1	0	1	0	1	1	-1	-1	-1	-1	6139.62545250065
Simulation_305	2.167	0.079	0.147	0.035	2.157	0.569	305	0.05	12000	1000	1	500	111	1	0	1	10	13	3	1	0.462269756387403	778	5	4236.06784154444
Simulation_306	2.67	0.011	0.084	0.144	2.784	0.342	306	0.05	12000	1000	1	500	111	1	0	1	0	1	1	-1	-1	-1	-1	3311.50276965295
Simulation_307	1.664	0.056	0.21	0.071	1.529	0.795	307	0.05	12000	1000	1	500	111	1	0	1	0	1	1	-1	-1	-1	-1	6927.93672761205
Simulation_308	1.916	0.022	0.116	0.089	2.471	0.908	308	0.05	12000	1000	1	500	111	1	0	1	0	1	1	-1	-1	-1	-1	7177.72578555253
Simulation_309	2.921	0.067	0.241	0.016	1.216	0.455	309	0.05	12000	1000	1	500	111	1	0	1	3	15	12	0	-1	-1	-1	7930.09711333834
Simulation_310	2.418	0.045	0.178	0.126	0.588	0.682	310	0.05	12000	1000	1	500	111	1	0	1	1	1	0	0	-1	-1	-1	7891.56071377686
Simulation_311	1.413	0.09	0.053	0.053	1.843	0.229	311	0.05	12000	1000	1	500	111	1	0	1	0	1	1	-1	-1	-1	-1	5705.56931866136
Simulation_312	1.287	0.017	0.225	0.007	2.314	0.286	312	0.05	12000	1000	1	500	111	1	0	1	0	1	1	-1	-1	-1	-1	4446.05587340953
Simulation_313	2.293	0.062	0.1	0.08	1.059	0.738	313	0.05	12000	1000	1	500	111	1	0	1	0	1	1	-1	-1	-1	-1	3787.55112069877
Simulation_314	2.796	0.039	0.163	0.044	1.686	0.512	314	0.05	12000	1000	1	500	111	1	0	1	0	1	1	-1	-1	-1	-1	6691.97541784832
Simulation_315	1.79	0.084	0.288	0.116	2.941	0.965	315	0.05	12000	1000	1	500	111	1	0	1	0	1	1	-1	-1	-1	-1	5505.27137062547
Simulation_316	1.538	0.05	0.069	0.025	1.373	0.851	316	0.05	12000	1000	1	500	111	1	0	1	744	806	62	1	0.10873440285205	183	413	3386.79748003076
Simulation_317	2.544	0.096	0.194	0.098	2.627	0.399	317	0.05	12000	1000	1	500	111	1	0	1	14	14	0	1	0.0011883541295306	2	1	5315.94014149965
Simulation_318	2.041	0.028	0.257	0.062	2	0.625	318	0.05	12000	1000	1	500	111	1	0	1	0	1	1	-1	-1	-1	-1	7851.61595582614
Simulation_319	1.035	0.073	0.131	0.135	0.745	0.172	319	0.05	12000	1000	1	500	111	1	0	1	0	1	1	-1	-1	-1	-1	7269.7852061518
Simulation_320	1.051	0.019	0.259	0.081	2.725	0.236	320	0.05	12000	1000	1	500	111	1	0	1	0	1	1	-1	-1	-1	-1	6243.4764943303
Simulation_321	2.057	0.064	0.133	0.008	1.471	0.689	321	0.05	12000	1000	1	500	111	1	0	1	0	1	1	-1	-1	-1	-1	5965.2124949621
Simulation_322	2.56	0.041	0.071	0.118	0.843	0.462	322	0.05	12000	1000	1	500	111	1	0	1	80	93	13	1	0.0243612596553773	41	19	3715.15064766986
Simulation_323	1.554	0.087	0.196	0.045	2.098	0.915	323	0.05	12000	1000	1	500	111	1	0	1	0	1	1	-1	-1	-1	-1	5583.30136902908
Simulation_324	1.806	0.053	0.165	0.099	0.529	0.802	324	0.05	12000	1000	1	500	111	1	0	1	0	1	1	-1	-1	-1	-1	4775.04128004996
Simulation_325	2.811	0.098	0.29	0.027	1.784	0.349	325	0.05	12000	1000	1	500	111	1	0	1	0	1	1	-1	-1	-1	-1	Inf
Simulation_326	2.308	0.03	0.227	0.136	2.412	0.576	326	0.05	12000	1000	1	500	111	1	0	1	0	1	1	-1	-1	-1	-1	3753.62393746261
Simulation_327	1.303	0.075	0.102	0.063	1.157	0.123	327	0.05	12000	1000	1	500	111	1	0	1	0	1	1	-1	-1	-1	-1	3053.21217649831
Simulation_328	1.428	0.036	0.18	0.036	1.627	0.18	328	0.05	12000	1000	1	500	111	1	0	1	0	1	1	-1	-1	-1	-1	5962.06773842089
Simulation_329	2.434	0.081	0.055	0.108	2.882	0.632	329	0.05	12000	1000	1	500	111	1	0	1	0	1	1	-1	-1	-1	-1	6307.57227151004
Simulation_330	2.937	0.013	0.118	0.072	2.255	0.406	330	0.05	12000	1000	1	500	111	1	0	1	0	1	1	-1	-1	-1	-1	8609.92630250812
Simulation_331	1.931	0.058	0.243	0.145	1	0.859	331	0.05	12000	1000	1	500	111	1	0	1	4	9	5	0	-1	-1	-1	7433.07234653414
Simulation_332	1.68	0.024	0.086	0.018	1.941	0.972	332	0.05	12000	1000	1	500	111	1	0	1	0	1	1	-1	-1	-1	-1	1041.81935317094
Simulation_333	2.686	0.07	0.212	0.09	0.686	0.519	333	0.05	12000	1000	1	500	111	1	0	1	2	2	0	1	0.702317290552585	1182	2	3957.33885426097
Simulation_334	2.183	0.047	0.275	0.054	1.314	0.745	334	0.05	12000	1000	1	500	111	1	0	1	0	1	1	-1	-1	-1	-1	4195.53610488005
Simulation_335	1.177	0.092	0.149	0.127	2.569	0.293	335	0.05	12000	1000	1	500	111	1	0	1	0	1	1	-1	-1	-1	-1	7057.48980476592
Simulation_336	1.24	0.044	0.063	0.14	2.176	0.547	336	0.05	12000	1000	1	500	111	1	0	1	0	3	3	0	-1	-1	-1	4465.39587576642
Simulation_337	2.246	0.089	0.188	0.068	0.922	1	337	0.05	12000	1000	1	500	111	1	0	1	7	7	0	1	0.785502079619727	1322	6	4773.706884161
Simulation_338	2.749	0.021	0.251	0.104	1.549	0.321	338	0.05	12000	1000	1	500	111	1	0	1	0	1	1	-1	-1	-1	-1	5651.8708013858
Simulation_339	1.743	0.067	0.125	0.031	2.804	0.774	339	0.05	12000	1000	1	500	111	1	0	1	28	34	6	1	0.408199643493761	687	21	4048.5065345203
Simulation_340	1.994	0.01	0.22	0.122	1.235	0.661	340	0.05	12000	1000	1	500	111	1	0	1	0	1	1	-1	-1	-1	-1	3685.95136077369
Simulation_341	3	0.055	0.094	0.049	2.49	0.208	341	0.05	12000	1000	1	500	111	1	0	1	0	2	2	0	-1	-1	-1	4840.51848981471
Simulation_342	2.497	0.033	0.157	0.086	1.863	0.887	342	0.05	12000	1000	1	500	111	1	0	1	2	11	9	0	-1	-1	-1	8241.03532288324
Simulation_343	1.491	0.078	0.282	0.013	0.608	0.434	343	0.05	12000	1000	1	500	111	1	0	1	0	1	1	-1	-1	-1	-1	6115.4561013471
Simulation_344	1.365	0.027	0.141	0.058	1.078	0.378	344	0.05	12000	1000	1	500	111	1	0	1	0	1	1	-1	-1	-1	-1	5183.58578342783
Simulation_345	2.371	0.072	0.267	0.131	2.333	0.83	345	0.05	12000	1000	1	500	111	1	0	1	0	1	1	-1	-1	-1	-1	5505.27137062547
Simulation_346	2.874	0.05	0.204	0.022	2.961	0.151	346	0.05	12000	1000	1	500	111	1	0	1	0	1	1	-1	-1	-1	-1	3929.83622675895
Simulation_347	1.868	0.095	0.078	0.095	1.706	0.604	347	0.05	12000	1000	1	500	111	1	0	1	268	268	0	1	0.601307189542484	1012	156	5227.72355150839
Simulation_348	1.617	0.038	0.298	0.077	2.647	0.717	348	0.05	12000	1000	1	500	111	1	0	1	2	4	2	1	0.005941770647653	10	2	2797.91084680905
Simulation_349	2.623	0.084	0.173	0.149	1.392	0.264	349	0.05	12000	1000	1	500	111	1	0	1	2	5	3	1	0.0011883541295306	2	2	2530.60570248386
Simulation_350	2.12	0.016	0.11	0.04	0.765	0.943	350	0.05	12000	1000	1	500	111	1	0	1	0	1	1	-1	-1	-1	-1	6691.97541784832
Simulation_351	1.114	0.061	0.235	0.113	2.02	0.491	351	0.05	12000	1000	1	500	111	1	0	1	0	1	1	-1	-1	-1	-1	7057.48980476592
Simulation_352	1.083	0.043	0.122	0.015	1.353	0.561	352	0.05	12000	1000	1	500	111	1	0	1	0	1	1	-1	-1	-1	-1	7298.7624948518
Simulation_353	2.088	0.088	0.247	0.088	2.608	0.109	353	0.05	12000	1000	1	500	111	1	0	1	12	13	1	1	0.0011883541295306	2	6	3712.97175999277
Simulation_354	2.591	0.02	0.184	0.052	1.98	0.788	354	0.05	12000	1000	1	500	111	1	0	1	0	1	1	-1	-1	-1	-1	6568.75425250689
Simulation_355	1.585	0.065	0.059	0.124	0.725	0.335	355	0.05	12000	1000	1	500	111	1	0	1	36	63	27	0	-1	-1	-1	7318.11739795115
Simulation_356	1.837	0.031	0.278	0.033	2.294	0.448	356	0.05	12000	1000	1	500	111	1	0	1	0	1	1	-1	-1	-1	-1	4517.40980208065
Simulation_357	2.843	0.077	0.153	0.106	1.039	0.901	357	0.05	12000	1000	1	500	111	1	0	1	0	1	1	-1	-1	-1	-1	5850.22770920753
Simulation_358	2.34	0.054	0.09	0.07	1.667	0.222	358	0.05	12000	1000	1	500	111	1	0	1	0	1	1	-1	-1	-1	-1	4392.78367155858
Simulation_359	1.334	0.099	0.216	0.143	2.922	0.675	359	0.05	12000	1000	1	500	111	1	0	1	0	1	1	-1	-1	-1	-1	5951.74916194329
Simulation_360	1.46	0.014	0.075	0.097	2.451	0.731	360	0.05	12000	1000	1	500	111	1	0	1	0	1	1	-1	-1	-1	-1	5789.92594700307
Simulation_361	2.466	0.06	0.2	0.024	1.196	0.279	361	0.05	12000	1000	1	500	111	1	0	1	0	1	1	-1	-1	-1	-1	5022.67594068339
Simulation_362	2.969	0.037	0.263	0.134	0.569	0.958	362	0.05	12000	1000	1	500	111	1	0	1	3	3	0	1	0.187759952465835	316	3	7371.03489352824
Simulation_363	1.963	0.082	0.137	0.061	1.824	0.505	363	0.05	12000	1000	1	500	111	1	0	1	0	1	1	-1	-1	-1	-1	4568.86450414566
Simulation_364	1.711	0.048	0.231	0.079	0.882	0.392	364	0.05	12000	1000	1	500	111	1	0	1	0	1	1	-1	-1	-1	-1	7416.36510471684
Simulation_365	2.717	0.094	0.106	0.006	2.137	0.844	365	0.05	12000	1000	1	500	111	1	0	1	4	4	0	1	0.700534759358289	1179	3	4963.07378153459
Simulation_366	2.214	0.026	0.169	0.115	2.765	0.165	366	0.05	12000	1000	1	500	111	1	0	1	0	1	1	-1	-1	-1	-1	3619.60938776893
Simulation_367	1.208	0.071	0.294	0.043	1.51	0.618	367	0.05	12000	1000	1	500	111	0	5	1	2118	2167	49	1	0.699275362318841	1158	516	4560.05644531957
Simulation_368	1.145	0.023	0.192	0.074	0.804	0.873	368	0.05	12000	1000	1	500	111	1	0	1	0	1	1	-1	-1	-1	-1	5129.68319753844
Simulation_369	2.151	0.068	0.067	0.147	2.059	0.42	369	0.05	12000	1000	1	500	111	1	0	1	0	1	1	-1	-1	-1	-1	7621.27738802322
Simulation_370	2.654	0.046	0.129	0.038	2.686	0.646	370	0.05	12000	1000	1	500	111	1	0	1	0	1	1	-1	-1	-1	-1	5578.3848061498
Simulation_371	1.648	0.091	0.255	0.111	1.431	0.194	371	0.05	12000	1000	1	500	111	1	0	1	0	2	2	0	-1	-1	-1	8460.85399239011
Simulation_372	1.9	0.034	0.098	0.056	3	0.307	372	0.05	12000	1000	1	500	111	1	0	1	0	1	1	-1	-1	-1	-1	5905.49870156389
Simulation_373	2.906	0.079	0.224	0.129	1.745	0.76	373	0.05	12000	1000	1	500	111	1	0	1	0	1	1	-1	-1	-1	-1	6787.94754571332
Simulation_374	2.403	0.012	0.286	0.02	1.118	0.533	374	0.05	12000	1000	1	500	111	1	0	1	0	1	1	-1	-1	-1	-1	6483.74616813917
Simulation_375	1.397	0.057	0.161	0.093	2.373	0.986	375	0.05	12000	1000	1	500	111	1	0	1	0	1	1	-1	-1	-1	-1	6265.9543473074
Simulation_376	1.271	0.051	0.239	0.12	1.902	0.929	376	0.05	12000	1000	1	500	111	0	1	1	1119	1140	21	1	0.749700598802395	1252	508	4691.59794405402
Simulation_377	2.277	0.096	0.114	0.047	0.647	0.477	377	0.05	12000	1000	1	500	111	1	0	1	5	5	0	1	0.826500297088532	1391	5	4216.59896042098
Simulation_378	2.78	0.029	0.051	0.083	1.275	0.703	378	0.05	12000	1000	1	500	111	1	0	1	18	53	35	1	0.005941770647653	10	11	8285.09707441316
Simulation_379	1.774	0.074	0.176	0.011	2.529	0.25	379	0.05	12000	1000	1	500	111	1	0	1	0	1	1	-1	-1	-1	-1	4641.29271583497
Simulation_380	1.523	0.017	0.145	0.138	1.588	0.137	380	0.05	12000	1000	1	500	111	1	0	1	0	1	1	-1	-1	-1	-1	6237.84310519474
Simulation_381	2.528	0.063	0.271	0.065	2.843	0.59	381	0.05	12000	1000	1	500	111	1	0	1	0	1	1	-1	-1	-1	-1	4904.73846446943
Simulation_382	2.026	0.04	0.208	0.102	2.216	0.363	382	0.05	12000	1000	1	500	111	1	0	1	0	1	1	-1	-1	-1	-1	7151.67080528897
Simulation_383	1.02	0.085	0.082	0.029	0.961	0.816	383	0.05	12000	1000	1	500	111	1	0	1	11	12	1	0	-1	-1	-1	8939.39199242331
Simulation_384	1.012	0.025	0.158	0.11	2.088	0.615	384	0.05	12000	1000	1	500	111	1	0	1	33	37	4	0	-1	-1	-1	4528.21311984612
Simulation_385	2.018	0.07	0.283	0.037	0.833	0.162	385	0.05	12000	1000	1	500	111	1	0	1	13	15	2	0	-1	-1	-1	8501.78621180574
Simulation_386	2.521	0.047	0.221	0.147	1.461	0.841	386	0.05	12000	1000	1	500	111	1	0	1	0	1	1	-1	-1	-1	-1	5844.84806495777
Simulation_387	1.515	0.093	0.095	0.074	2.716	0.388	387	0.05	12000	1000	1	500	111	1	0	1	2	6	4	0	-1	-1	-1	7774.80252390716
Simulation_388	1.766	0.036	0.252	0.092	1.147	0.501	388	0.05	12000	1000	1	500	111	1	0	1	0	1	1	-1	-1	-1	-1	4639.07687804615
Simulation_389	2.772	0.081	0.126	0.019	2.402	0.954	389	0.05	12000	1000	1	500	111	1	0	1	0	1	1	-1	-1	-1	-1	7251.20214691325
Simulation_390	2.269	0.013	0.064	0.128	1.775	0.275	390	0.05	12000	1000	1	500	111	1	0	1	0	1	1	-1	-1	-1	-1	5048.19725394984
Simulation_391	1.263	0.059	0.189	0.056	0.52	0.728	391	0.05	12000	1000	1	500	111	1	0	1	2	2	0	1	0.0736779560308972	124	1	7355.25474005233
Simulation_392	1.389	0.053	0.111	0.01	0.99	0.671	392	0.05	12000	1000	1	500	111	1	0	1	793	818	25	1	0.0362448009506833	61	231	3860.2729320835
Simulation_393	2.395	0.098	0.236	0.083	2.245	0.218	393	0.05	12000	1000	1	500	111	1	0	1	19	19	0	1	0.0011883541295306	2	1	4652.95718279057
Simulation_394	2.898	0.03	0.299	0.047	2.873	0.897	394	0.05	12000	1000	1	500	111	1	0	1	10	12	2	0	-1	-1	-1	4043.02050624731
Simulation_395	1.892	0.076	0.174	0.119	1.618	0.445	395	0.05	12000	1000	1	500	111	1	0	1	0	1	1	-1	-1	-1	-1	6139.62545250065
Simulation_396	1.64	0.019	0.205	0.028	2.559	0.332	396	0.05	12000	1000	1	500	111	1	0	1	0	1	1	-1	-1	-1	-1	1195.67444503777
Simulation_397	2.646	0.064	0.079	0.101	1.304	0.784	397	0.05	12000	1000	1	500	111	1	0	1	2	5	3	0	-1	-1	-1	7388.27840373353
Simulation_398	2.143	0.042	0.142	0.065	0.676	0.105	398	0.05	12000	1000	1	500	111	1	0	1	0	1	1	-1	-1	-1	-1	Inf
Simulation_399	1.138	0.087	0.268	0.137	1.931	0.558	399	0.05	12000	1000	1	500	111	1	0	1	0	1	1	-1	-1	-1	-1	5245.38051691903
Simulation_400	1.2	0.039	0.228	0.124	2.794	0.813	400	0.05	12000	1000	1	500	111	1	0	1	0	1	1	-1	-1	-1	-1	4892.02792155094
Simulation_401	2.206	0.084	0.103	0.051	1.539	0.36	401	0.05	12000	1000	1	500	111	1	0	1	11	13	2	1	0.0011883541295306	2	4	4904.73846446943
Simulation_402	2.709	0.016	0.166	0.087	0.912	0.586	402	0.05	12000	1000	1	500	111	1	0	1	0	1	1	-1	-1	-1	-1	6958.34439613286
Simulation_403	1.703	0.061	0.291	0.015	2.167	0.134	403	0.05	12000	1000	1	500	111	1	0	1	0	1	1	-1	-1	-1	-1	6571.02682034611
Simulation_404	1.955	0.028	0.072	0.142	0.598	0.247	404	0.05	12000	1000	1	500	111	1	0	1	206	230	24	0	-1	-1	-1	2736.06707675729
Simulation_405	2.961	0.073	0.197	0.069	1.853	0.699	405	0.05	12000	1000	1	500	111	1	0	1	0	1	1	-1	-1	-1	-1	6066.62603210261
Simulation_406	2.458	0.05	0.26	0.106	2.48	0.473	406	0.05	12000	1000	1	500	111	1	0	1	0	1	1	-1	-1	-1	-1	6182.87625596066
Simulation_407	1.452	0.095	0.134	0.033	1.225	0.926	407	0.05	12000	1000	1	500	111	1	0	1	0	1	1	-1	-1	-1	-1	5890.09069176961
Simulation_408	1.326	0.011	0.275	0.06	1.696	0.982	408	0.05	12000	1000	1	500	111	1	0	1	0	1	1	-1	-1	-1	-1	7577.89711750734
Simulation_409	2.332	0.056	0.15	0.133	2.951	0.53	409	0.05	12000	1000	1	500	111	1	0	1	0	1	1	-1	-1	-1	-1	7369.13295354263
Simulation_410	2.835	0.033	0.087	0.024	2.324	0.756	410	0.05	12000	1000	1	500	111	1	0	1	0	1	1	-1	-1	-1	-1	7646.26532388596
Simulation_411	1.829	0.078	0.213	0.097	1.069	0.303	411	0.05	12000	1000	1	500	111	1	0	1	17	121	104	0	-1	-1	-1	7711.07886881759
Simulation_412	1.578	0.044	0.119	0.042	2.01	0.19	412	0.05	12000	1000	1	500	111	1	0	1	0	1	1	-1	-1	-1	-1	4004.70918716038
Simulation_413	2.583	0.09	0.244	0.115	0.755	0.643	413	0.05	12000	1000	1	500	111	1	0	1	0	1	1	-1	-1	-1	-1	6066.62603210261
Simulation_414	2.081	0.022	0.181	0.006	1.382	0.417	414	0.05	12000	1000	1	500	111	1	0	1	0	1	1	-1	-1	-1	-1	7406.84639311977
Simulation_415	1.075	0.067	0.056	0.078	2.637	0.869	415	0.05	12000	1000	1	500	111	1	0	1	1538	1543	5	1	0.698158051099228	1175	956	3966.97537032077
Simulation_416	1.106	0.049	0.287	0.031	0.716	0.289	416	0.05	12000	1000	1	500	111	1	0	1	0	1	1	-1	-1	-1	-1	7037.50648729723
Simulation_417	2.112	0.094	0.162	0.103	1.971	0.742	417	0.05	12000	1000	1	500	111	1	0	1	29	30	1	1	0.622697563874034	1048	17	777.605793812097
Simulation_418	2.615	0.026	0.099	0.067	2.598	0.516	418	0.05	12000	1000	1	500	111	1	0	1	0	1	1	-1	-1	-1	-1	3677.7143442707
Simulation_419	1.609	0.071	0.225	0.14	1.343	0.968	419	0.05	12000	1000	1	500	111	1	0	1	0	1	1	-1	-1	-1	-1	7274.85091744619
Simulation_420	1.861	0.015	0.13	0.012	2.912	0.855	420	0.05	12000	1000	1	500	111	1	0	1	0	1	1	-1	-1	-1	-1	4604.76489494534
Simulation_421	2.866	0.06	0.256	0.085	1.657	0.402	421	0.05	12000	1000	1	500	111	1	0	1	0	1	1	-1	-1	-1	-1	7812.55947035159
Simulation_422	2.363	0.037	0.193	0.049	1.029	0.629	422	0.05	12000	1000	1	500	111	1	0	1	0	1	1	-1	-1	-1	-1	3640.27768726843
Simulation_423	1.358	0.083	0.068	0.122	2.284	0.176	423	0.05	12000	1000	1	500	111	1	0	1	0	1	1	-1	-1	-1	-1	5745.2456503137
Simulation_424	1.483	0.032	0.209	0.094	1.814	0.119	424	0.05	12000	1000	1	500	111	1	0	1	0	1	1	-1	-1	-1	-1	4138.44391156432
Simulation_425	2.489	0.077	0.083	0.021	0.559	0.572	425	0.05	12000	1000	1	500	111	1	0	1	0	1	1	-1	-1	-1	-1	5165.18389545081
Simulation_426	2.992	0.054	0.146	0.131	1.186	0.346	426	0.05	12000	1000	1	500	111	1	0	1	0	1	1	-1	-1	-1	-1	6318.5728744011
Simulation_427	1.986	0.1	0.272	0.058	2.441	0.798	427	0.05	12000	1000	1	500	111	1	0	1	9	10	1	1	0.755793226381462	1272	9	4324.25700967362
Simulation_428	1.735	0.043	0.052	0.112	1.5	0.912	428	0.05	12000	1000	1	500	111	1	0	1	9	9	0	0	-1	-1	-1	2633.33638962057
Simulation_429	2.741	0.088	0.177	0.04	2.755	0.459	429	0.05	12000	1000	1	500	111	1	0	1	0	1	1	-1	-1	-1	-1	5934.4434160986
Simulation_430	2.238	0.02	0.24	0.149	2.127	0.685	430	0.05	12000	1000	1	500	111	1	0	1	0	1	1	-1	-1	-1	-1	5091.93857340677
Simulation_431	1.232	0.066	0.115	0.076	0.873	0.233	431	0.05	12000	1000	1	500	111	1	0	1	175	229	54	0	-1	-1	-1	9150.60585623148
Simulation_432	1.169	0.018	0.091	0.044	1.422	0.487	432	0.05	12000	1000	1	500	111	1	0	1	0	1	1	-1	-1	-1	-1	7161.99354246758
Simulation_433	2.175	0.063	0.217	0.117	2.676	0.94	433	0.05	12000	1000	1	500	111	1	0	1	4	4	0	0	-1	-1	-1	7588.12899240174
Simulation_434	2.678	0.04	0.279	0.008	2.049	0.261	434	0.05	12000	1000	1	500	111	1	0	1	0	1	1	-1	-1	-1	-1	5965.47504346921
Simulation_435	1.672	0.086	0.154	0.081	0.794	0.714	435	0.05	12000	1000	1	500	111	1	0	1	0	1	1	-1	-1	-1	-1	7036.77464694701
Simulation_436	1.923	0.052	0.185	0.062	2.363	0.6	436	0.05	12000	1000	1	500	111	1	0	1	36	47	11	0	-1	-1	-1	8682.53317443237
Simulation_437	2.929	0.097	0.06	0.135	1.108	0.148	437	0.05	12000	1000	1	500	111	1	0	1	0	1	1	-1	-1	-1	-1	5109.89384137557
Simulation_438	2.426	0.029	0.123	0.026	1.735	0.827	438	0.05	12000	1000	1	500	111	1	0	1	0	1	1	-1	-1	-1	-1	5776.46907147843
Simulation_439	1.42	0.074	0.248	0.099	2.99	0.374	439	0.05	12000	1000	1	500	111	1	0	1	0	1	1	-1	-1	-1	-1	6567.92405186196
Simulation_440	1.295	0.035	0.17	0.144	2.52	0.431	440	0.05	12000	1000	1	500	111	1	0	1	35	35	0	0	-1	-1	-1	3521.88951240907
Simulation_441	2.301	0.08	0.295	0.072	1.265	0.883	441	0.05	12000	1000	1	500	111	1	0	1	1	1	0	0	-1	-1	-1	8257.49698394825
Simulation_442	2.804	0.012	0.232	0.108	0.637	0.204	442	0.05	12000	1000	1	500	111	1	0	1	0	1	1	-1	-1	-1	-1	6102.52642290229
Simulation_443	1.798	0.057	0.107	0.035	1.892	0.657	443	0.05	12000	1000	1	500	111	1	0	1	0	1	1	-1	-1	-1	-1	4754.27056748311
Simulation_444	1.546	0.023	0.264	0.126	0.951	0.77	444	0.05	12000	1000	1	500	111	1	0	1	0	1	1	-1	-1	-1	-1	4754.47699532332
Simulation_445	2.552	0.069	0.138	0.053	2.206	0.317	445	0.05	12000	1000	1	500	111	1	0	1	28	30	2	1	0.0011883541295306	2	8	1039.35316064544
Simulation_446	2.049	0.046	0.075	0.09	2.833	0.996	446	0.05	12000	1000	1	500	111	1	0	1	0	1	1	-1	-1	-1	-1	6237.84310519474
Simulation_447	1.043	0.091	0.201	0.017	1.578	0.544	447	0.05	12000	1000	1	500	111	1	0	1	0	1	1	-1	-1	-1	-1	5794.61070646795
Simulation_448	1.028	0.037	0.077	0.073	1.951	0.367	448	0.05	12000	1000	1	500	111	1	0	1	0	1	1	-1	-1	-1	-1	5408.80701290192
Simulation_449	2.033	0.082	0.203	0.145	0.696	0.82	449	0.05	12000	1000	1	500	111	1	0	1	1	1	0	1	0.639334521687463	1076	1	5121.79394475184
Simulation_450	2.536	0.014	0.266	0.036	1.324	0.141	450	0.05	12000	1000	1	500	111	1	0	1	0	1	1	-1	-1	-1	-1	1512.90265010755
Simulation_451	1.53	0.059	0.14	0.109	2.578	0.593	451	0.05	12000	1000	1	500	111	1	0	1	3	3	0	0	-1	-1	-1	4757.99017621979
Simulation_452	1.782	0.025	0.234	0.054	1.637	0.706	452	0.05	12000	1000	1	500	111	1	0	1	0	1	1	-1	-1	-1	-1	4585.36221669968
Simulation_453	2.788	0.071	0.109	0.127	2.892	0.254	453	0.05	12000	1000	1	500	111	1	0	1	0	1	1	-1	-1	-1	-1	4968.99962611616
Simulation_454	2.285	0.048	0.172	0.018	2.265	0.933	454	0.05	12000	1000	1	500	111	1	0	1	0	1	1	-1	-1	-1	-1	7095.3696276393
Simulation_455	1.279	0.093	0.297	0.091	1.01	0.48	455	0.05	12000	1000	1	500	111	1	0	1	15	16	1	1	0.80273321449792	1351	15	4817.2082824793
Simulation_456	1.405	0.02	0.125	0.118	0.539	0.537	456	0.05	12000	1000	1	500	111	1	0	1	144	157	13	1	0.191325014854427	322	122	7175.1921848017
Simulation_457	2.411	0.065	0.25	0.045	1.794	0.989	457	0.05	12000	1000	1	500	111	1	0	1	1	5	4	0	-1	-1	-1	8748.26041986745
Simulation_458	2.914	0.042	0.187	0.082	2.422	0.31	458	0.05	12000	1000	1	500	111	1	0	1	0	1	1	-1	-1	-1	-1	6605.65786870157
Simulation_459	1.908	0.088	0.062	0.009	1.167	0.763	459	0.05	12000	1000	1	500	111	1	0	1	2	5	3	1	0.590017825311943	993	1	4371.61522225436
Simulation_460	1.656	0.054	0.281	0.136	2.735	0.65	460	0.05	12000	1000	1	500	111	1	0	1	0	1	1	-1	-1	-1	-1	6773.65579008148
Simulation_461	2.662	0.099	0.156	0.064	1.48	0.197	461	0.05	12000	1000	1	500	111	1	0	1	0	1	1	-1	-1	-1	-1	7017.40827429872
Simulation_462	2.159	0.031	0.093	0.1	0.853	0.876	462	0.05	12000	1000	1	500	111	1	0	1	0	1	1	-1	-1	-1	-1	5448.10570386597
Simulation_463	1.153	0.076	0.219	0.027	2.108	0.424	463	0.05	12000	1000	1	500	111	1	0	1	0	1	1	-1	-1	-1	-1	4604.76489494534
Simulation_464	1.216	0.028	0.242	0.023	2.657	0.169	464	0.05	12000	1000	1	500	111	1	0	1	0	1	1	-1	-1	-1	-1	8096.34979781439
Simulation_465	2.222	0.073	0.117	0.095	1.402	0.622	465	0.05	12000	1000	1	500	111	1	0	1	0	1	1	-1	-1	-1	-1	6814.3360305372
Simulation_466	2.725	0.051	0.054	0.059	0.775	0.395	466	0.05	12000	1000	1	500	111	1	0	1	0	1	1	-1	-1	-1	-1	4615.73513330658
Simulation_467	1.719	0.096	0.179	0.132	2.029	0.848	467	0.05	12000	1000	1	500	111	1	0	1	0	1	1	-1	-1	-1	-1	6617.01621800291
Simulation_468	1.971	0.04	0.148	0.041	1.088	0.961	468	0.05	12000	1000	1	500	111	1	0	1	4	8	4	0	-1	-1	-1	7812.55947035159
Simulation_469	2.976	0.085	0.274	0.114	2.343	0.508	469	0.05	12000	1000	1	500	111	1	0	1	0	1	1	-1	-1	-1	-1	5837.35739814086
Simulation_470	2.473	0.017	0.211	0.077	2.971	0.735	470	0.05	12000	1000	1	500	111	1	0	1	0	1	1	-1	-1	-1	-1	4446.05587340953
Simulation_471	1.468	0.062	0.085	0.15	1.716	0.282	471	0.05	12000	1000	1	500	111	1	0	1	0	3	3	0	-1	-1	-1	7892.49777312406
Simulation_472	1.342	0.045	0.195	0.105	1.245	0.226	472	0.05	12000	1000	1	500	111	1	0	1	0	1	1	-1	-1	-1	-1	6054.96248681987
Simulation_473	2.348	0.09	0.07	0.032	2.5	0.678	473	0.05	12000	1000	1	500	111	1	0	1	0	1	1	-1	-1	-1	-1	5617.21163511117
Simulation_474	2.851	0.023	0.132	0.141	1.873	0.452	474	0.05	12000	1000	1	500	111	1	0	1	0	1	1	-1	-1	-1	-1	4195.53610488005
Simulation_475	1.845	0.068	0.258	0.068	0.618	0.905	475	0.05	12000	1000	1	500	111	1	0	1	1	1	0	1	0.385026737967914	648	1	5495.21974604015
Simulation_476	1.593	0.011	0.101	0.086	2.186	0.791	476	0.05	12000	1000	1	500	111	1	0	1	0	1	1	-1	-1	-1	-1	4798.75176261686
Simulation_477	2.599	0.057	0.226	0.014	0.931	0.339	477	0.05	12000	1000	1	500	111	1	0	1	0	8	8	0	-1	-1	-1	9114.43365844525
Simulation_478	2.096	0.034	0.289	0.123	1.559	0.565	478	0.05	12000	1000	1	500	111	1	0	1	0	1	1	-1	-1	-1	-1	2276.24002374046
Simulation_479	1.09	0.079	0.164	0.05	2.814	0.112	479	0.05	12000	1000	1	500	111	1	0	1	91	93	2	1	0.0011883541295306	2	12	1877.15255275473
Simulation_480	1.059	0.013	0.175	0.134	0.814	0.919	480	0.05	12000	1000	1	500	111	1	0	1	0	1	1	-1	-1	-1	-1	6802.96312700617
Simulation_481	2.065	0.058	0.05	0.061	2.069	0.466	481	0.05	12000	1000	1	500	111	1	0	1	0	1	1	-1	-1	-1	-1	4998.62794180368
Simulation_482	2.568	0.035	0.113	0.098	2.696	0.692	482	0.05	12000	1000	1	500	111	1	0	1	10	13	3	0	-1	-1	-1	4947.75041445642
Simulation_483	1.562	0.081	0.238	0.025	1.441	0.24	483	0.05	12000	1000	1	500	111	1	0	1	0	1	1	-1	-1	-1	-1	6843.61098540645
Simulation_484	1.813	0.047	0.081	0.116	2.382	0.127	484	0.05	12000	1000	1	500	111	1	0	1	0	1	1	-1	-1	-1	-1	Inf
Simulation_485	2.819	0.092	0.207	0.043	1.127	0.579	485	0.05	12000	1000	1	500	111	1	0	1	0	1	1	-1	-1	-1	-1	7175.82354756119
Simulation_486	2.316	0.024	0.27	0.079	0.5	0.353	486	0.05	12000	1000	1	500	111	1	0	1	0	1	1	-1	-1	-1	-1	5227.72355150839
Simulation_487	1.31	0.069	0.144	0.007	1.755	0.806	487	0.05	12000	1000	1	500	111	0	10	1	2509	3031	522	1	0.598445595854922	924	1518	3461.21487003094
Simulation_488	1.436	0.041	0.254	0.052	2.225	0.862	488	0.05	12000	1000	1	500	111	1	0	1	0	1	1	-1	-1	-1	-1	5985.65882644804
Simulation_489	2.442	0.086	0.128	0.125	0.971	0.409	489	0.05	12000	1000	1	500	111	1	0	1	29	29	0	1	0.580510992275698	977	18	4757.99017621979
Simulation_490	2.945	0.018	0.066	0.016	1.598	0.636	490	0.05	12000	1000	1	500	111	1	0	1	0	1	1	-1	-1	-1	-1	4216.61617512539
Simulation_491	1.939	0.064	0.191	0.089	2.853	0.183	491	0.05	12000	1000	1	500	111	1	0	1	0	1	1	-1	-1	-1	-1	5705.56931866136
Simulation_492	1.688	0.03	0.16	0.07	1.284	0.296	492	0.05	12000	1000	1	500	111	1	0	1	0	1	1	-1	-1	-1	-1	8767.63729839584
Simulation_493	2.694	0.075	0.285	0.143	2.539	0.749	493	0.05	12000	1000	1	500	111	1	0	1	1	2	1	0	-1	-1	-1	4849.75031837729
Simulation_494	2.191	0.052	0.223	0.034	1.912	0.523	494	0.05	12000	1000	1	500	111	1	0	1	0	1	1	-1	-1	-1	-1	6705.89045018786
Simulation_495	1.185	0.098	0.097	0.107	0.657	0.975	495	0.05	12000	1000	1	500	111	1	0	1	8	8	0	1	0.802139037433155	1350	8	3276.74650937193
Simulation_496	1.122	0.049	0.136	0.084	1.52	0.721	496	0.05	12000	1000	1	500	111	1	0	1	0	1	1	-1	-1	-1	-1	4279.62445248078
Simulation_497	2.128	0.095	0.262	0.011	2.775	0.268	497	0.05	12000	1000	1	500	111	1	0	1	0	1	1	-1	-1	-1	-1	6362.84349415625
Simulation_498	2.631	0.027	0.199	0.12	2.147	0.947	498	0.05	12000	1000	1	500	111	1	0	1	0	1	1	-1	-1	-1	-1	5714.15211285528
Simulation_499	1.625	0.072	0.074	0.048	0.892	0.494	499	0.05	12000	1000	1	500	111	1	0	1	0	1	1	-1	-1	-1	-1	6108.98131945993
Simulation_500	1.876	0.015	0.293	0.102	1.833	0.381	500	0.05	12000	1000	1	500	111	1	0	1	0	1	1	-1	-1	-1	-1	3311.50276965295
