Sim_index	S	omega_T	omega_P	sigma_e	disp_shape	disp_scale	seed	divergence_factor	max_species	max_coex_sp	start_species	init_ab	grid_cell_distance	finished	final_timestep	initial_nb_species	final_nb_species	sp_events	ex_events	exchanged	prop_col_area	abs_col_area	div_col	dist_to_isthmus
Simulation_1	1.998	0.055	0.175	0.078	1.75	0.549	1	0.05	12000	1000	1	500	111	1	0	1	72	89	17	0	-1	-1	-1	6118.689965276
Simulation_2	2.501	0.032	0.238	0.041	2.377	0.323	2	0.05	12000	1000	1	500	111	1	0	1	3	4	1	0	-1	-1	-1	5830.03784472243
Simulation_3	1.495	0.078	0.112	0.114	1.123	0.775	3	0.05	12000	1000	1	500	111	1	0	1	256	302	46	1	0.0101174934725849	31	242	5057.0741833263
Simulation_4	1.747	0.044	0.206	0.023	2.691	0.889	4	0.05	12000	1000	1	500	111	1	0	1	4	10	6	0	-1	-1	-1	3997.58075413004
Simulation_5	2.752	0.089	0.081	0.096	1.436	0.436	5	0.05	12000	1000	1	500	111	1	0	1	5	11	6	0	-1	-1	-1	4523.73624216299
Simulation_6	2.25	0.021	0.144	0.059	0.809	0.662	6	0.05	12000	1000	1	500	111	1	0	1	2	2	0	0	-1	-1	-1	5619.36308835186
Simulation_7	1.244	0.066	0.269	0.132	2.064	0.21	7	0.05	12000	1000	1	500	111	1	0	1	68	159	91	0	-1	-1	-1	2652.0556188051
Simulation_8	1.369	0.038	0.128	0.105	1.907	0.266	8	0.05	12000	1000	1	500	111	1	0	1	15	15	0	0	-1	-1	-1	6360.70265907413
Simulation_9	2.375	0.083	0.253	0.032	0.652	0.719	9	0.05	12000	1000	1	500	111	1	0	1	5	5	0	1	0.0306788511749347	94	5	5609.32892957107
Simulation_10	2.878	0.015	0.191	0.141	1.279	0.493	10	0.05	12000	1000	1	500	111	1	0	1	0	1	1	-1	-1	-1	-1	3940.40439883649
Simulation_11	1.872	0.061	0.065	0.068	2.534	0.945	11	0.05	12000	1000	1	500	111	1	0	1	14	79	65	0	-1	-1	-1	3644.24970929643
Simulation_12	1.621	0.027	0.285	0.087	1.593	0.832	12	0.05	12000	1000	1	500	111	1	0	1	161	425	264	1	0.000326370757180157	1	41	2511.08898552304
Simulation_13	2.627	0.072	0.159	0.014	2.848	0.379	13	0.05	12000	1000	1	500	111	1	0	1	12	12	0	0	-1	-1	-1	4902.5845058069
Simulation_14	2.124	0.049	0.097	0.123	2.221	0.606	14	0.05	12000	1000	1	500	111	1	0	1	0	1	1	-1	-1	-1	-1	4849.41404838541
Simulation_15	1.118	0.095	0.222	0.05	0.966	0.153	15	0.05	12000	1000	1	500	111	1	0	1	758	1188	430	1	0.00424281984334204	13	7	3237.4012682486
Simulation_16	1.181	0.052	0.261	0.064	1.201	0.408	16	0.05	12000	1000	1	500	111	1	0	1	30	66	36	0	-1	-1	-1	4981.47564259033
Simulation_17	2.187	0.097	0.136	0.137	2.456	0.86	17	0.05	12000	1000	1	500	111	1	0	1	117	124	7	1	0.0218668407310705	67	108	1891.52756678689
Simulation_18	2.69	0.029	0.073	0.027	1.828	0.181	18	0.05	12000	1000	1	500	111	1	0	1	0	1	1	-1	-1	-1	-1	2316.49880431623
Simulation_19	1.684	0.075	0.199	0.1	0.574	0.634	19	0.05	12000	1000	1	500	111	1	0	1	1	1	0	1	0.0339425587467363	104	1	5910.41362109739
Simulation_20	1.935	0.018	0.167	0.046	2.142	0.747	20	0.05	12000	1000	1	500	111	1	0	1	0	1	1	-1	-1	-1	-1	3946.08380923266
Simulation_21	2.941	0.063	0.293	0.118	0.887	0.294	21	0.05	12000	1000	1	500	111	1	0	1	8	25	17	0	-1	-1	-1	3170.4632927266
Simulation_22	2.438	0.041	0.23	0.009	1.515	0.973	22	0.05	12000	1000	1	500	111	1	0	1	0	1	1	-1	-1	-1	-1	3611.43844405608
Simulation_23	1.432	0.086	0.104	0.082	2.77	0.521	23	0.05	12000	1000	1	500	111	1	0	1	15	16	1	0	-1	-1	-1	5444.95537074586
Simulation_24	1.306	0.024	0.183	0.128	2.613	0.464	24	0.05	12000	1000	1	500	111	1	0	1	0	1	1	-1	-1	-1	-1	4631.14752150056
Simulation_25	2.312	0.069	0.057	0.055	1.358	0.917	25	0.05	12000	1000	1	500	111	1	0	1	11	11	0	0	-1	-1	-1	3203.64187024303
Simulation_26	2.815	0.046	0.12	0.091	0.73	0.238	26	0.05	12000	1000	1	500	111	1	0	1	139	140	1	0	-1	-1	-1	4611.49236051642
Simulation_27	1.809	0.092	0.246	0.018	1.985	0.691	27	0.05	12000	1000	1	500	111	1	0	1	485	538	53	1	0.0156657963446475	48	250	5459.83768619658
Simulation_28	1.558	0.035	0.089	0.146	1.044	0.577	28	0.05	12000	1000	1	500	111	1	0	1	12	38	26	0	-1	-1	-1	2370.03483125039
Simulation_29	2.564	0.08	0.214	0.073	2.299	0.125	29	0.05	12000	1000	1	500	111	1	0	1	14	22	8	0	-1	-1	-1	2684.24091840409
Simulation_30	2.061	0.012	0.277	0.109	2.926	0.804	30	0.05	12000	1000	1	500	111	1	0	1	0	1	1	-1	-1	-1	-1	3127.0635476807
Simulation_31	1.055	0.058	0.151	0.037	1.672	0.351	31	0.05	12000	1000	1	500	111	1	0	1	551	552	1	1	0.0248041775456919	76	5	5675.37050727154
Simulation_32	1.086	0.034	0.202	0.089	2.26	0.676	32	0.05	12000	1000	1	500	111	1	0	1	0	48	48	0	-1	-1	-1	2519.31857933997
Simulation_33	2.092	0.079	0.077	0.016	1.005	0.224	33	0.05	12000	1000	1	500	111	1	0	1	32	61	29	0	-1	-1	-1	3521.38168057011
Simulation_34	2.595	0.011	0.14	0.125	1.632	0.903	34	0.05	12000	1000	1	500	111	1	0	1	0	4	4	0	-1	-1	-1	2447.80613805538
Simulation_35	1.589	0.056	0.265	0.052	2.887	0.45	35	0.05	12000	1000	1	500	111	1	0	1	6	14	8	0	-1	-1	-1	5390.10406309521
Simulation_36	1.841	0.022	0.108	0.107	1.319	0.337	36	0.05	12000	1000	1	500	111	1	0	1	0	1	1	-1	-1	-1	-1	7421.20068399673
Simulation_37	2.847	0.068	0.234	0.034	2.574	0.79	37	0.05	12000	1000	1	500	111	1	0	1	27	32	5	0	-1	-1	-1	6609.16691048737
Simulation_38	2.344	0.045	0.297	0.143	1.946	0.111	38	0.05	12000	1000	1	500	111	1	0	1	0	12	12	0	-1	-1	-1	3992.4362223011
Simulation_39	1.338	0.09	0.171	0.071	0.691	0.563	39	0.05	12000	1000	1	500	111	1	0	1	117	117	0	1	0.0995430809399478	305	100	6370.7298084159
Simulation_40	1.464	0.017	0.25	0.025	0.848	0.62	40	0.05	12000	1000	1	500	111	1	0	1	0	1	1	-1	-1	-1	-1	3864.73728496117
Simulation_41	2.47	0.062	0.124	0.098	2.103	0.167	41	0.05	12000	1000	1	500	111	1	0	1	4	11	7	0	-1	-1	-1	5956.02657148383
Simulation_42	2.972	0.039	0.061	0.062	2.73	0.846	42	0.05	12000	1000	1	500	111	1	0	1	1	7	6	0	-1	-1	-1	2878.67472068732
Simulation_43	1.967	0.085	0.187	0.134	1.475	0.394	43	0.05	12000	1000	1	500	111	1	0	1	157	157	0	1	0.0221932114882507	68	14	4935.3328370527
Simulation_44	1.715	0.051	0.155	0.007	2.417	0.507	44	0.05	12000	1000	1	500	111	1	0	1	4	5	1	0	-1	-1	-1	1492.69695582889
Simulation_45	2.721	0.096	0.281	0.08	1.162	0.959	45	0.05	12000	1000	1	500	111	1	0	1	3	6	3	1	0.0127284595300261	39	3	3393.46384635632
Simulation_46	2.218	0.028	0.218	0.043	0.534	0.28	46	0.05	12000	1000	1	500	111	1	0	1	0	2	2	0	-1	-1	-1	1695.19428829814
Simulation_47	1.212	0.073	0.093	0.116	1.789	0.733	47	0.05	12000	1000	1	500	111	0	117	1	2110	2199	89	1	0.022703818369453	66	873	3475.62309777066
Simulation_48	1.149	0.031	0.116	0.148	2.966	0.988	48	0.05	12000	1000	1	500	111	1	0	1	644	661	17	0	-1	-1	-1	4954.62033648084
Simulation_49	2.155	0.076	0.242	0.075	1.711	0.535	49	0.05	12000	1000	1	500	111	1	0	1	80	84	4	0	-1	-1	-1	6947.23900611137
Simulation_50	2.658	0.053	0.179	0.112	1.083	0.761	50	0.05	12000	1000	1	500	111	1	0	1	65	71	6	1	0.00261096605744125	8	52	3678.08659917461
Simulation_51	1.652	0.099	0.053	0.039	2.338	0.309	51	0.05	12000	1000	1	500	111	1	0	1	1	2	1	0	-1	-1	-1	5109.29450829199
Simulation_52	1.904	0.042	0.273	0.13	0.77	0.195	52	0.05	12000	1000	1	500	111	1	0	1	0	25	25	0	-1	-1	-1	2297.11958793749
Simulation_53	2.91	0.087	0.148	0.057	2.025	0.648	53	0.05	12000	1000	1	500	111	1	0	1	23	24	1	1	0.0319843342036554	98	20	5063.29752383782
Simulation_54	2.407	0.02	0.085	0.093	2.652	0.422	54	0.05	12000	1000	1	500	111	1	0	1	0	1	1	-1	-1	-1	-1	1917.58449065311
Simulation_55	1.401	0.065	0.21	0.021	1.397	0.874	55	0.05	12000	1000	1	500	111	1	0	1	629	664	35	0	-1	-1	-1	4611.49236051642
Simulation_56	1.275	0.048	0.069	0.048	1.554	0.818	56	0.05	12000	1000	1	500	111	1	0	1	0	17	17	0	-1	-1	-1	5690.77080623951
Simulation_57	2.281	0.093	0.195	0.121	2.809	0.365	57	0.05	12000	1000	1	500	111	1	0	1	5	5	0	0	-1	-1	-1	5152.35023463052
Simulation_58	2.784	0.025	0.257	0.012	2.181	0.592	58	0.05	12000	1000	1	500	111	1	0	1	3	5	2	0	-1	-1	-1	5313.05451377847
Simulation_59	1.778	0.07	0.132	0.084	0.926	0.139	59	0.05	12000	1000	1	500	111	1	0	1	14	41	27	0	-1	-1	-1	3410.17309182167
Simulation_60	1.527	0.014	0.226	0.066	1.868	0.252	60	0.05	12000	1000	1	500	111	1	0	1	0	1	1	-1	-1	-1	-1	5123.83737610918
Simulation_61	2.532	0.059	0.1	0.139	0.613	0.705	61	0.05	12000	1000	1	500	111	1	0	1	1	1	0	1	0.00261096605744125	8	1	3831.5665034157
Simulation_62	2.029	0.037	0.163	0.03	1.24	0.478	62	0.05	12000	1000	1	500	111	1	0	1	0	9	9	0	-1	-1	-1	2652.0556188051
Simulation_63	1.024	0.082	0.289	0.103	2.495	0.931	63	0.05	12000	1000	1	500	111	0	159	1	2396	2492	96	1	0.0242786769880366	69	895	1912.96893926414
Simulation_64	1.039	0.046	0.161	0.122	1.025	0.882	64	0.05	12000	1000	1	500	111	1	0	1	1613	1649	36	1	0.00326370757180157	10	1439	4829.39066713328
Simulation_65	2.045	0.091	0.287	0.049	2.279	0.429	65	0.05	12000	1000	1	500	111	1	0	1	11	13	2	0	-1	-1	-1	3881.58390717245
Simulation_66	2.548	0.023	0.224	0.085	2.907	0.655	66	0.05	12000	1000	1	500	111	1	0	1	1	1	0	0	-1	-1	-1	6138.52168034155
Simulation_67	1.542	0.068	0.099	0.013	1.652	0.203	67	0.05	12000	1000	1	500	111	1	0	1	4	4	0	0	-1	-1	-1	5727.86900941402
Simulation_68	1.794	0.012	0.255	0.14	2.593	0.316	68	0.05	12000	1000	1	500	111	1	0	1	3	3	0	0	-1	-1	-1	6339.62258882879
Simulation_69	2.8	0.057	0.13	0.067	1.338	0.768	69	0.05	12000	1000	1	500	111	1	0	1	82	82	0	0	-1	-1	-1	6309.24967222189
Simulation_70	2.297	0.034	0.067	0.104	0.711	0.542	70	0.05	12000	1000	1	500	111	1	0	1	304	317	13	1	0.027088772845953	83	6	5859.2371316186
Simulation_71	1.291	0.08	0.193	0.031	1.966	0.995	71	0.05	12000	1000	1	500	111	1	0	1	692	1091	399	1	0.0535248041775457	164	253	5723.52121376863
Simulation_72	1.417	0.029	0.083	0.076	2.123	0.938	72	0.05	12000	1000	1	500	111	1	0	1	0	37	37	0	-1	-1	-1	2924.62451443925
Simulation_73	2.422	0.074	0.208	0.149	0.868	0.485	73	0.05	12000	1000	1	500	111	1	0	1	129	134	5	1	0.00326370757180157	10	99	3484.23942907845
Simulation_74	2.925	0.051	0.271	0.04	1.495	0.712	74	0.05	12000	1000	1	500	111	1	0	1	10	11	1	0	-1	-1	-1	6608.02796202907
Simulation_75	1.919	0.097	0.146	0.113	2.75	0.259	75	0.05	12000	1000	1	500	111	1	0	1	9	9	0	0	-1	-1	-1	6184.47315507338
Simulation_76	1.668	0.04	0.177	0.058	1.181	0.146	76	0.05	12000	1000	1	500	111	1	0	1	2	2	0	0	-1	-1	-1	6187.10699019605
Simulation_77	2.674	0.085	0.051	0.131	2.436	0.599	77	0.05	12000	1000	1	500	111	1	0	1	16	22	6	0	-1	-1	-1	2336.30797149683
Simulation_78	2.171	0.017	0.114	0.022	1.809	0.372	78	0.05	12000	1000	1	500	111	1	0	1	4	4	0	0	-1	-1	-1	5864.26299567163
Simulation_79	1.165	0.063	0.24	0.095	0.554	0.825	79	0.05	12000	1000	1	500	111	1	0	1	1	1	0	1	0.0336161879895561	103	1	5588.20344897485
Simulation_80	1.228	0.02	0.216	0.099	1.73	0.57	80	0.05	12000	1000	1	500	111	1	0	1	0	1	1	-1	-1	-1	-1	5001.50981556817
Simulation_81	2.234	0.066	0.091	0.026	2.985	0.118	81	0.05	12000	1000	1	500	111	1	0	1	1	1	0	0	-1	-1	-1	5690.61618045926
Simulation_82	2.737	0.043	0.153	0.136	2.358	0.797	82	0.05	12000	1000	1	500	111	1	0	1	15	15	0	0	-1	-1	-1	6292.53280818459
Simulation_83	1.731	0.088	0.279	0.063	1.103	0.344	83	0.05	12000	1000	1	500	111	1	0	1	171	293	122	1	0.00489556135770235	15	78	3676.63201838818
Simulation_84	1.982	0.054	0.059	0.081	2.044	0.457	84	0.05	12000	1000	1	500	111	1	0	1	8	16	8	0	-1	-1	-1	5281.09942639321
Simulation_85	2.988	0.099	0.185	0.008	0.789	0.91	85	0.05	12000	1000	1	500	111	1	0	1	1	2	1	1	0.00424281984334204	13	1	3486.99708711741
Simulation_86	2.485	0.032	0.248	0.117	1.417	0.231	86	0.05	12000	1000	1	500	111	1	0	1	2	2	0	0	-1	-1	-1	5634.21307599444
Simulation_87	1.479	0.077	0.122	0.045	2.672	0.683	87	0.05	12000	1000	1	500	111	1	0	1	83	104	21	0	-1	-1	-1	4085.34764867221
Simulation_88	1.354	0.037	0.295	0.017	2.828	0.74	88	0.05	12000	1000	1	500	111	1	0	1	0	10	10	0	-1	-1	-1	5066.53258586703
Simulation_89	2.36	0.082	0.169	0.09	1.574	0.287	89	0.05	12000	1000	1	500	111	1	0	1	2	2	0	0	-1	-1	-1	5272.89434338134
Simulation_90	2.862	0.015	0.106	0.054	0.946	0.966	90	0.05	12000	1000	1	500	111	1	0	1	0	1	1	-1	-1	-1	-1	2493.13042387176
Simulation_91	1.857	0.06	0.232	0.126	2.201	0.514	91	0.05	12000	1000	1	500	111	1	0	1	4	5	1	0	-1	-1	-1	6037.39488981806
Simulation_92	1.605	0.026	0.138	0.035	0.632	0.401	92	0.05	12000	1000	1	500	111	1	0	1	0	1	1	-1	-1	-1	-1	2952.06413685252
Simulation_93	2.611	0.071	0.263	0.108	1.887	0.853	93	0.05	12000	1000	1	500	111	1	0	1	9	41	32	0	-1	-1	-1	3548.78331287023
Simulation_94	2.108	0.049	0.2	0.072	2.515	0.174	94	0.05	12000	1000	1	500	111	1	0	1	0	3	3	0	-1	-1	-1	3282.79550034962
Simulation_95	1.102	0.094	0.075	0.145	1.26	0.627	95	0.05	12000	1000	1	500	111	0	38	1	2012	2391	379	1	0.127953471464922	352	823	5807.31468492921
Simulation_96	1.071	0.022	0.283	0.056	1.77	0.528	96	0.05	12000	1000	1	500	111	1	0	1	0	1	1	-1	-1	-1	-1	3410.17309182167
Simulation_97	2.077	0.067	0.157	0.129	0.515	0.981	97	0.05	12000	1000	1	500	111	1	0	1	1	1	0	1	0.0110966057441253	34	1	2362.87854887002
Simulation_98	2.58	0.044	0.095	0.02	1.142	0.302	98	0.05	12000	1000	1	500	111	1	0	1	0	10	10	0	-1	-1	-1	3754.4934971288
Simulation_99	1.574	0.09	0.22	0.092	2.397	0.754	99	0.05	12000	1000	1	500	111	1	0	1	348	389	41	1	0.0163185378590078	50	136	4586.67730740215
Simulation_100	1.825	0.033	0.126	0.074	1.456	0.641	100	0.05	12000	1000	1	500	111	1	0	1	53	136	83	1	0.000652741514360313	2	13	3952.0319978047
Simulation_101	2.831	0.078	0.251	0.147	2.711	0.188	101	0.05	12000	1000	1	500	111	1	0	1	3	10	7	0	-1	-1	-1	4874.32475397722
Simulation_102	2.328	0.01	0.189	0.038	2.083	0.867	102	0.05	12000	1000	1	500	111	1	0	1	0	4	4	0	-1	-1	-1	4370.2099691548
Simulation_103	1.322	0.056	0.063	0.11	0.828	0.415	103	0.05	12000	1000	1	500	111	0	117	1	2246	2490	244	1	0.0350877192982456	102	1701	2921.87951705136
Simulation_104	1.448	0.05	0.236	0.138	0.672	0.358	104	0.05	12000	1000	1	500	111	0	76	1	2778	2780	2	1	0.00175500175500176	5	1	4219.92704260107
Simulation_105	2.454	0.095	0.11	0.065	1.926	0.811	105	0.05	12000	1000	1	500	111	1	0	1	32	33	1	1	0.0159921671018277	49	24	4281.20955282542
Simulation_106	2.957	0.027	0.173	0.101	2.554	0.132	106	0.05	12000	1000	1	500	111	1	0	1	1	1	0	0	-1	-1	-1	6670.94621786701
Simulation_107	1.951	0.073	0.299	0.029	1.299	0.584	107	0.05	12000	1000	1	500	111	1	0	1	175	224	49	1	0.00620104438642298	19	107	4145.93867328891
Simulation_108	1.699	0.016	0.079	0.12	2.868	0.698	108	0.05	12000	1000	1	500	111	1	0	1	74	74	0	0	-1	-1	-1	6081.54188401147
Simulation_109	2.705	0.061	0.204	0.047	1.613	0.245	109	0.05	12000	1000	1	500	111	1	0	1	1	1	0	0	-1	-1	-1	6004.35941603224
Simulation_110	2.202	0.039	0.267	0.083	0.985	0.924	110	0.05	12000	1000	1	500	111	1	0	1	0	8	8	0	-1	-1	-1	4890.81043873013
Simulation_111	1.196	0.084	0.142	0.01	2.24	0.471	111	0.05	12000	1000	1	500	111	1	0	1	545	614	69	0	-1	-1	-1	3796.78165998663
Simulation_112	1.134	0.041	0.102	0.033	2.475	0.217	112	0.05	12000	1000	1	500	111	1	0	1	90	283	193	0	-1	-1	-1	2048.67246171631
Simulation_113	2.139	0.087	0.228	0.106	1.221	0.669	113	0.05	12000	1000	1	500	111	1	0	1	7	7	0	0	-1	-1	-1	3048.09808241801
Simulation_114	2.642	0.019	0.291	0.07	0.593	0.443	114	0.05	12000	1000	1	500	111	1	0	1	0	1	1	-1	-1	-1	-1	4557.55903697212
Simulation_115	1.637	0.064	0.165	0.142	1.848	0.896	115	0.05	12000	1000	1	500	111	1	0	1	579	582	3	0	-1	-1	-1	6729.44870064842
Simulation_116	1.888	0.03	0.197	0.015	0.907	0.783	116	0.05	12000	1000	1	500	111	1	0	1	0	15	15	0	-1	-1	-1	2527.1797261798
Simulation_117	2.894	0.075	0.071	0.088	2.162	0.33	117	0.05	12000	1000	1	500	111	1	0	1	1	1	0	0	-1	-1	-1	5340.64595658504
Simulation_118	2.391	0.053	0.134	0.051	2.789	0.556	118	0.05	12000	1000	1	500	111	1	0	1	185	207	22	0	-1	-1	-1	6118.689965276
Simulation_119	1.385	0.098	0.259	0.124	1.534	0.104	119	0.05	12000	1000	1	500	111	1	0	1	21	21	0	0	-1	-1	-1	4085.34764867221
Simulation_120	1.259	0.013	0.15	0.079	1.377	0.16	120	0.05	12000	1000	1	500	111	1	0	1	0	1	1	-1	-1	-1	-1	4874.58840138385
Simulation_121	2.265	0.058	0.275	0.006	2.632	0.613	121	0.05	12000	1000	1	500	111	1	0	1	26	26	0	0	-1	-1	-1	5430.60584665762
Simulation_122	2.768	0.036	0.212	0.115	2.005	0.386	122	0.05	12000	1000	1	500	111	1	0	1	36	70	34	0	-1	-1	-1	2574.43166625836
Simulation_123	1.762	0.081	0.087	0.042	0.75	0.839	123	0.05	12000	1000	1	500	111	1	0	1	1	2	1	1	0.00326370757180157	10	1	3738.20750823185
Simulation_124	1.511	0.047	0.244	0.097	2.319	0.952	124	0.05	12000	1000	1	500	111	1	0	1	0	22	22	0	-1	-1	-1	4289.42644739369
Simulation_125	2.517	0.092	0.118	0.024	1.064	0.5	125	0.05	12000	1000	1	500	111	1	0	1	16	19	3	1	0.0336161879895561	103	16	5689.19553422681
Simulation_126	2.014	0.024	0.055	0.133	1.691	0.726	126	0.05	12000	1000	1	500	111	1	0	1	1	1	0	0	-1	-1	-1	6254.79899134498
Simulation_127	1.008	0.07	0.181	0.06	2.946	0.273	127	0.05	12000	1000	1	500	111	1	0	1	57	252	195	0	-1	-1	-1	5006.83674061563
Simulation_128	1.016	0.04	0.247	0.142	1.662	0.475	128	0.05	12000	1000	1	500	111	1	0	1	0	341	341	0	-1	-1	-1	2905.92596430476
Simulation_129	2.022	0.085	0.121	0.069	2.917	0.928	129	0.05	12000	1000	1	500	111	1	0	1	304	322	18	1	0.010443864229765	32	140	3943.38686214573
Simulation_130	2.525	0.017	0.058	0.105	2.289	0.249	130	0.05	12000	1000	1	500	111	1	0	1	0	1	1	-1	-1	-1	-1	4874.32475397722
Simulation_131	1.519	0.062	0.184	0.033	1.034	0.701	131	0.05	12000	1000	1	500	111	1	0	1	525	528	3	0	-1	-1	-1	6781.37040993088
Simulation_132	1.77	0.028	0.152	0.124	1.975	0.588	132	0.05	12000	1000	1	500	111	1	0	1	60	77	17	1	0.00391644908616188	12	12	5254.19300681504
Simulation_133	2.776	0.074	0.278	0.051	0.721	0.135	133	0.05	12000	1000	1	500	111	1	0	1	13	29	16	0	-1	-1	-1	3484.23942907845
Simulation_134	2.273	0.051	0.215	0.087	1.348	0.814	134	0.05	12000	1000	1	500	111	1	0	1	23	33	10	1	0.0110966057441253	34	21	5346.26942241025
Simulation_135	1.267	0.096	0.09	0.014	2.603	0.362	135	0.05	12000	1000	1	500	111	1	0	1	122	122	0	0	-1	-1	-1	6326.77547583798
Simulation_136	1.393	0.011	0.2	0.042	2.76	0.418	136	0.05	12000	1000	1	500	111	1	0	1	0	1	1	-1	-1	-1	-1	3228.82460755076
Simulation_137	2.399	0.057	0.074	0.114	1.505	0.871	137	0.05	12000	1000	1	500	111	1	0	1	3	15	12	0	-1	-1	-1	3705.20003917567
Simulation_138	2.902	0.034	0.137	0.005	0.877	0.192	138	0.05	12000	1000	1	500	111	1	0	1	1	5	4	0	-1	-1	-1	4152.28442574645
Simulation_139	1.896	0.079	0.262	0.078	2.132	0.645	139	0.05	12000	1000	1	500	111	1	0	1	60	71	11	1	0.0143603133159269	44	14	5816.59080349138
Simulation_140	1.644	0.045	0.105	0.06	0.564	0.758	140	0.05	12000	1000	1	500	111	1	0	1	1	1	0	1	0.00261096605744125	8	1	6066.2703593162
Simulation_141	2.65	0.091	0.231	0.133	1.819	0.305	141	0.05	12000	1000	1	500	111	1	0	1	2	4	2	0	-1	-1	-1	4198.05843594056
Simulation_142	2.147	0.023	0.294	0.023	2.446	0.984	142	0.05	12000	1000	1	500	111	1	0	1	3	9	6	0	-1	-1	-1	4922.1451163829
Simulation_143	1.141	0.068	0.168	0.096	1.191	0.531	143	0.05	12000	1000	1	500	111	0	174	1	2257	2381	124	1	0.02689313517339	76	673	2722.00712276171
Simulation_144	1.204	0.026	0.066	0.092	1.113	0.277	144	0.05	12000	1000	1	500	111	1	0	1	51	52	1	0	-1	-1	-1	6260.9922860406
Simulation_145	2.21	0.071	0.192	0.019	2.368	0.729	145	0.05	12000	1000	1	500	111	1	0	1	9	17	8	1	0.0022845953002611	7	3	4743.34490532776
Simulation_146	2.713	0.048	0.254	0.128	2.995	0.503	146	0.05	12000	1000	1	500	111	1	0	1	16	21	5	0	-1	-1	-1	2982.24336745683
Simulation_147	1.707	0.093	0.129	0.055	1.74	0.956	147	0.05	12000	1000	1	500	111	1	0	1	434	464	30	1	0.0110966057441253	34	384	1959.87004636119
Simulation_148	1.959	0.037	0.223	0.11	2.681	0.843	148	0.05	12000	1000	1	500	111	1	0	1	36	48	12	0	-1	-1	-1	6397.82458793154
Simulation_149	2.965	0.082	0.098	0.037	1.426	0.39	149	0.05	12000	1000	1	500	111	1	0	1	11	28	17	1	0.00359007832898172	11	4	1472.80408594317
Simulation_150	2.462	0.014	0.16	0.146	0.799	0.616	150	0.05	12000	1000	1	500	111	1	0	1	0	1	1	-1	-1	-1	-1	3658.87244546317
Simulation_151	1.456	0.06	0.286	0.074	2.054	0.164	151	0.05	12000	1000	1	500	111	1	0	1	24	24	0	0	-1	-1	-1	5588.20344897485
Simulation_152	1.33	0.054	0.113	0.028	2.211	0.107	152	0.05	12000	1000	1	500	111	1	0	1	16	97	81	0	-1	-1	-1	3274.4519587482
Simulation_153	2.336	0.099	0.239	0.101	0.956	0.56	153	0.05	12000	1000	1	500	111	1	0	1	17	17	0	1	0.108355091383812	332	13	6229.16179063152
Simulation_154	2.839	0.031	0.176	0.064	1.583	0.333	154	0.05	12000	1000	1	500	111	1	0	1	2	3	1	0	-1	-1	-1	5723.52121376863
Simulation_155	1.833	0.076	0.05	0.137	2.838	0.786	155	0.05	12000	1000	1	500	111	1	0	1	9	12	3	0	-1	-1	-1	3046.02193578794
Simulation_156	1.582	0.02	0.27	0.01	1.27	0.899	156	0.05	12000	1000	1	500	111	1	0	1	9	13	4	0	-1	-1	-1	5455.5892536017
Simulation_157	2.587	0.065	0.145	0.083	2.525	0.447	157	0.05	12000	1000	1	500	111	1	0	1	3	12	9	0	-1	-1	-1	3530.66323917169
Simulation_158	2.084	0.043	0.082	0.046	1.897	0.673	158	0.05	12000	1000	1	500	111	1	0	1	377	377	0	0	-1	-1	-1	4543.07987753627
Simulation_159	1.079	0.088	0.207	0.119	0.642	0.22	159	0.05	12000	1000	1	500	111	0	130	1	2330	2360	30	1	0.0568573397656788	165	1738	5490.45105557655
Simulation_160	1.11	0.016	0.133	0.062	2.407	0.828	160	0.05	12000	1000	1	500	111	1	0	1	0	249	249	0	-1	-1	-1	4660.022976751
Simulation_161	2.116	0.061	0.258	0.135	1.152	0.376	161	0.05	12000	1000	1	500	111	1	0	1	23	40	17	1	0.00130548302872063	4	9	3877.32508621515
Simulation_162	2.619	0.038	0.196	0.026	0.525	0.602	162	0.05	12000	1000	1	500	111	1	0	1	1	2	1	1	0.000652741514360313	2	1	4209.36727936248
Simulation_163	1.613	0.084	0.07	0.099	1.779	0.15	163	0.05	12000	1000	1	500	111	1	0	1	4	4	0	0	-1	-1	-1	6124.0475272155
Simulation_164	1.864	0.05	0.29	0.044	0.838	0.263	164	0.05	12000	1000	1	500	111	1	0	1	418	526	108	1	0.00261096605744125	8	264	5028.71965325359
Simulation_165	2.87	0.095	0.164	0.117	2.093	0.715	165	0.05	12000	1000	1	500	111	1	0	1	38	41	3	1	0.0287206266318538	88	37	6132.44378092205
Simulation_166	2.367	0.027	0.101	0.008	2.721	0.489	166	0.05	12000	1000	1	500	111	1	0	1	0	1	1	-1	-1	-1	-1	3877.32508621515
Simulation_167	1.361	0.072	0.227	0.08	1.466	0.942	167	0.05	12000	1000	1	500	111	0	20	1	2015	2148	133	1	0.0367163145133356	106	1812	4237.02092114223
Simulation_168	1.487	0.033	0.054	0.126	1.309	0.998	168	0.05	12000	1000	1	500	111	1	0	1	158	158	0	0	-1	-1	-1	7002.19811496895
Simulation_169	2.493	0.078	0.18	0.053	2.564	0.546	169	0.05	12000	1000	1	500	111	1	0	1	42	42	0	0	-1	-1	-1	5866.15338652585
Simulation_170	2.996	0.01	0.243	0.089	1.936	0.772	170	0.05	12000	1000	1	500	111	1	0	1	11	12	1	0	-1	-1	-1	6684.72002647248
Simulation_171	1.99	0.055	0.117	0.017	0.681	0.319	171	0.05	12000	1000	1	500	111	1	0	1	122	140	18	1	0.0022845953002611	7	102	4094.64098383138
Simulation_172	1.739	0.021	0.211	0.144	2.25	0.206	172	0.05	12000	1000	1	500	111	1	0	1	0	14	14	0	-1	-1	-1	3842.52919549229
Simulation_173	2.745	0.067	0.086	0.071	0.995	0.659	173	0.05	12000	1000	1	500	111	1	0	1	129	131	2	0	-1	-1	-1	2826.18078934911
Simulation_174	2.242	0.044	0.149	0.108	1.623	0.432	174	0.05	12000	1000	1	500	111	1	0	1	0	6	6	0	-1	-1	-1	4981.57849971968
Simulation_175	1.236	0.089	0.274	0.035	2.877	0.885	175	0.05	12000	1000	1	500	111	0	101	1	1859	1946	87	1	0.00867453157529493	25	834	3203.27455796695
Simulation_176	1.173	0.047	0.188	0.012	1.858	0.63	176	0.05	12000	1000	1	500	111	1	0	1	400	714	314	1	0.00163185378590078	5	112	4522.85732966302
Simulation_177	2.179	0.092	0.062	0.085	0.603	0.178	177	0.05	12000	1000	1	500	111	1	0	1	619	646	27	1	0.085509138381201	262	242	5853.07326772866
Simulation_178	2.682	0.024	0.125	0.048	1.23	0.857	178	0.05	12000	1000	1	500	111	1	0	1	0	1	1	-1	-1	-1	-1	3044.07457575748
Simulation_179	1.676	0.069	0.25	0.121	2.485	0.404	179	0.05	12000	1000	1	500	111	1	0	1	30	67	37	0	-1	-1	-1	2212.83010305331
Simulation_180	1.927	0.013	0.094	0.03	1.544	0.517	180	0.05	12000	1000	1	500	111	1	0	1	0	51	51	0	-1	-1	-1	4044.08717004989
Simulation_181	2.933	0.058	0.219	0.103	2.799	0.97	181	0.05	12000	1000	1	500	111	1	0	1	17	33	16	1	0.00130548302872063	4	9	4920.06089813198
Simulation_182	2.43	0.035	0.282	0.067	2.172	0.291	182	0.05	12000	1000	1	500	111	1	0	1	0	5	5	0	-1	-1	-1	2270.74022151679
Simulation_183	1.424	0.081	0.156	0.139	0.917	0.744	183	0.05	12000	1000	1	500	111	1	0	1	15	16	1	1	0.0234986945169713	72	15	5148.69885717256
Simulation_184	1.299	0.03	0.266	0.112	0.76	0.687	184	0.05	12000	1000	1	500	111	1	0	1	0	9	9	0	-1	-1	-1	4859.68060892018
Simulation_185	2.305	0.075	0.141	0.039	2.015	0.234	185	0.05	12000	1000	1	500	111	1	0	1	2	14	12	0	-1	-1	-1	3235.89439325258
Simulation_186	2.807	0.052	0.078	0.149	2.642	0.913	186	0.05	12000	1000	1	500	111	1	0	1	4	20	16	0	-1	-1	-1	2212.83010305331
Simulation_187	1.802	0.098	0.203	0.076	1.387	0.461	187	0.05	12000	1000	1	500	111	1	0	1	158	165	7	1	0.0244778067885118	75	73	5911.73141633673
Simulation_188	1.55	0.041	0.172	0.094	2.956	0.348	188	0.05	12000	1000	1	500	111	1	0	1	0	1	1	-1	-1	-1	-1	7664.57840117823
Simulation_189	2.556	0.086	0.298	0.021	1.701	0.8	189	0.05	12000	1000	1	500	111	1	0	1	94	95	1	1	0.0783289817232376	240	36	5936.41959959783
Simulation_190	2.053	0.018	0.235	0.13	1.074	0.121	190	0.05	12000	1000	1	500	111	1	0	1	0	1	1	-1	-1	-1	-1	5027.88897594786
Simulation_191	1.047	0.064	0.109	0.058	2.328	0.574	191	0.05	12000	1000	1	500	111	1	0	1	721	1222	501	0	-1	-1	-1	1871.7183996063
Simulation_192	1.031	0.028	0.233	0.041	1.132	0.737	192	0.05	12000	1000	1	500	111	1	0	1	0	5	5	0	-1	-1	-1	4714.70393190154
Simulation_193	2.037	0.073	0.107	0.113	2.387	0.284	193	0.05	12000	1000	1	500	111	1	0	1	10	13	3	0	-1	-1	-1	5816.59080349138
Simulation_194	2.54	0.05	0.17	0.077	1.76	0.963	194	0.05	12000	1000	1	500	111	1	0	1	35	41	6	0	-1	-1	-1	5787.20134957063
Simulation_195	1.534	0.096	0.296	0.15	0.505	0.51	195	0.05	12000	1000	1	500	111	1	0	1	1	1	0	1	0.0127284595300261	39	1	2588.80868954344
Simulation_196	1.786	0.039	0.076	0.022	2.074	0.397	196	0.05	12000	1000	1	500	111	1	0	1	0	2	2	0	-1	-1	-1	6947.23900611137
Simulation_197	2.792	0.084	0.201	0.095	0.819	0.85	197	0.05	12000	1000	1	500	111	1	0	1	2	3	1	1	0.00718015665796345	22	2	2473.45248829317
Simulation_198	2.289	0.016	0.264	0.059	1.446	0.171	198	0.05	12000	1000	1	500	111	1	0	1	8	8	0	0	-1	-1	-1	5600.50402049396
Simulation_199	1.283	0.062	0.139	0.132	2.701	0.623	199	0.05	12000	1000	1	500	111	1	0	1	48	148	100	0	-1	-1	-1	3297.23235690237
Simulation_200	1.409	0.045	0.28	0.086	2.544	0.567	200	0.05	12000	1000	1	500	111	1	0	1	22	84	62	0	-1	-1	-1	3946.08380923266
Simulation_201	2.415	0.09	0.154	0.013	1.289	0.114	201	0.05	12000	1000	1	500	111	1	0	1	4	4	0	0	-1	-1	-1	6229.16179063152
Simulation_202	2.917	0.022	0.092	0.122	0.662	0.793	202	0.05	12000	1000	1	500	111	1	0	1	0	2	2	0	-1	-1	-1	4540.09864285959
Simulation_203	1.912	0.067	0.217	0.05	1.917	0.34	203	0.05	12000	1000	1	500	111	1	0	1	1	1	0	0	-1	-1	-1	5875.59193148113
Simulation_204	1.66	0.011	0.123	0.104	0.975	0.454	204	0.05	12000	1000	1	500	111	1	0	1	46	47	1	0	-1	-1	-1	6011.98591773874
Simulation_205	2.666	0.056	0.249	0.031	2.23	0.906	205	0.05	12000	1000	1	500	111	1	0	1	17	21	4	1	0.00913838120104439	28	13	5194.56494821937
Simulation_206	2.163	0.033	0.186	0.141	2.858	0.227	206	0.05	12000	1000	1	500	111	1	0	1	18	32	14	0	-1	-1	-1	5041.07328625084
Simulation_207	1.157	0.079	0.06	0.068	1.603	0.68	207	0.05	12000	1000	1	500	111	0	143	1	2276	2448	172	1	0.0243117626027887	68	840	1472.80408594317
Simulation_208	1.22	0.036	0.147	0.054	0.583	0.935	208	0.05	12000	1000	1	500	111	1	0	1	6	6	0	1	0.0287206266318538	88	6	4111.7688765552
Simulation_209	2.226	0.081	0.272	0.127	1.838	0.482	209	0.05	12000	1000	1	500	111	1	0	1	24	63	39	0	-1	-1	-1	3053.96070960361
Simulation_210	2.729	0.014	0.209	0.018	2.466	0.708	210	0.05	12000	1000	1	500	111	1	0	1	4	11	7	0	-1	-1	-1	5404.57167937737
Simulation_211	1.723	0.059	0.084	0.091	1.211	0.256	211	0.05	12000	1000	1	500	111	1	0	1	216	216	0	0	-1	-1	-1	3867.52723323398
Simulation_212	1.974	0.025	0.241	0.072	2.779	0.142	212	0.05	12000	1000	1	500	111	1	0	1	0	1	1	-1	-1	-1	-1	1535.69027071128
Simulation_213	2.98	0.07	0.115	0.145	1.525	0.595	213	0.05	12000	1000	1	500	111	1	0	1	6	15	9	0	-1	-1	-1	3502.04013378852
Simulation_214	2.477	0.047	0.052	0.036	0.897	0.369	214	0.05	12000	1000	1	500	111	1	0	1	6	20	14	0	-1	-1	-1	3877.32508621515
Simulation_215	1.472	0.093	0.178	0.109	2.152	0.821	215	0.05	12000	1000	1	500	111	0	5	1	1283	1533	250	1	0.028485254691689	85	807	2778.53750155248
Simulation_216	1.346	0.019	0.1	0.136	1.995	0.878	216	0.05	12000	1000	1	500	111	1	0	1	0	1	1	-1	-1	-1	-1	6066.62603210261
Simulation_217	2.352	0.064	0.225	0.063	0.74	0.425	217	0.05	12000	1000	1	500	111	1	0	1	17	19	2	1	0.0022845953002611	7	13	4369.78991902775
Simulation_218	2.855	0.042	0.288	0.1	1.368	0.652	218	0.05	12000	1000	1	500	111	1	0	1	3	5	2	0	-1	-1	-1	2094.6820887359
Simulation_219	1.849	0.087	0.162	0.027	2.623	0.199	219	0.05	12000	1000	1	500	111	1	0	1	6	6	0	0	-1	-1	-1	5437.59552284647
Simulation_220	1.597	0.053	0.194	0.118	1.681	0.312	220	0.05	12000	1000	1	500	111	1	0	1	12	56	44	0	-1	-1	-1	3008.20212680416
Simulation_221	2.603	0.098	0.068	0.045	2.936	0.765	221	0.05	12000	1000	1	500	111	1	0	1	13	14	1	1	0.0189295039164491	58	2	5102.83276612575
Simulation_222	2.1	0.031	0.131	0.081	2.309	0.539	222	0.05	12000	1000	1	500	111	1	0	1	0	1	1	-1	-1	-1	-1	4603.6325345474
Simulation_223	1.094	0.076	0.256	0.009	1.054	0.991	223	0.05	12000	1000	1	500	111	1	0	1	32	40	8	1	0.00718015665796345	22	32	4707.56109103762
Simulation_224	1.063	0.052	0.088	0.102	2.897	0.157	224	0.05	12000	1000	1	500	111	1	0	1	216	457	241	0	-1	-1	-1	4807.40140028313
Simulation_225	2.069	0.097	0.213	0.029	1.642	0.609	225	0.05	12000	1000	1	500	111	1	0	1	116	131	15	0	-1	-1	-1	6531.63987457686
Simulation_226	2.572	0.029	0.276	0.138	1.015	0.383	226	0.05	12000	1000	1	500	111	1	0	1	15	16	1	0	-1	-1	-1	6466.45994424469
Simulation_227	1.566	0.074	0.15	0.066	2.27	0.836	227	0.05	12000	1000	1	500	111	1	0	1	7	28	21	0	-1	-1	-1	4697.09828426734
Simulation_228	1.817	0.018	0.182	0.084	0.701	0.949	228	0.05	12000	1000	1	500	111	1	0	1	149	158	9	1	0.0130548302872063	40	91	5492.11707449132
Simulation_229	2.823	0.063	0.056	0.011	1.956	0.496	229	0.05	12000	1000	1	500	111	1	0	1	6	7	1	0	-1	-1	-1	3722.39060118763
Simulation_230	2.32	0.04	0.119	0.12	2.583	0.722	230	0.05	12000	1000	1	500	111	1	0	1	0	20	20	0	-1	-1	-1	2274.31542096135
Simulation_231	1.314	0.086	0.245	0.047	1.328	0.27	231	0.05	12000	1000	1	500	111	1	0	1	300	301	1	0	-1	-1	-1	5787.20134957063
Simulation_232	1.44	0.023	0.166	0.02	1.485	0.213	232	0.05	12000	1000	1	500	111	1	0	1	8	8	0	0	-1	-1	-1	5516.63240121514
Simulation_233	2.446	0.069	0.292	0.093	2.74	0.666	233	0.05	12000	1000	1	500	111	1	0	1	9	12	3	0	-1	-1	-1	5580.2905011909
Simulation_234	2.949	0.046	0.229	0.056	2.113	0.439	234	0.05	12000	1000	1	500	111	1	0	1	2	10	8	0	-1	-1	-1	3881.58390717245
Simulation_235	1.943	0.091	0.103	0.129	0.858	0.892	235	0.05	12000	1000	1	500	111	1	0	1	2	2	0	1	0.0469973890339426	144	2	5458.20586200252
Simulation_236	1.692	0.035	0.26	0.038	1.799	0.779	236	0.05	12000	1000	1	500	111	1	0	1	1509	1579	70	1	0.0156657963446475	48	911	5239.65347414016
Simulation_237	2.697	0.08	0.135	0.111	0.544	0.326	237	0.05	12000	1000	1	500	111	1	0	1	2	2	0	1	0.0365535248041775	112	2	5657.79002892574
Simulation_238	2.194	0.012	0.072	0.075	1.172	0.553	238	0.05	12000	1000	1	500	111	1	0	1	8	10	2	0	-1	-1	-1	4694.26933518869
Simulation_239	1.189	0.057	0.198	0.147	2.426	0.1	239	0.05	12000	1000	1	500	111	1	0	1	24	160	136	0	-1	-1	-1	2588.80868954344
Simulation_240	1.126	0.015	0.3	0.116	2.348	0.355	240	0.05	12000	1000	1	500	111	1	0	1	0	1	1	-1	-1	-1	-1	4568.68102383923
Simulation_241	2.132	0.06	0.174	0.043	1.093	0.807	241	0.05	12000	1000	1	500	111	1	0	1	197	200	3	0	-1	-1	-1	6326.77547583798
Simulation_242	2.635	0.038	0.111	0.079	1.721	0.128	242	0.05	12000	1000	1	500	111	1	0	1	6	16	10	0	-1	-1	-1	4637.28392598214
Simulation_243	1.629	0.083	0.237	0.006	2.975	0.581	243	0.05	12000	1000	1	500	111	1	0	1	24	25	1	0	-1	-1	-1	5961.75328107399
Simulation_244	1.88	0.049	0.143	0.134	1.407	0.694	244	0.05	12000	1000	1	500	111	1	0	1	62	79	17	0	-1	-1	-1	6435.55840477115
Simulation_245	2.886	0.094	0.268	0.061	2.662	0.241	245	0.05	12000	1000	1	500	111	1	0	1	0	1	1	-1	-1	-1	-1	3733.69156579993
Simulation_246	2.383	0.026	0.205	0.097	2.034	0.92	246	0.05	12000	1000	1	500	111	1	0	1	0	1	1	-1	-1	-1	-1	6293.53432193858
Simulation_247	1.377	0.072	0.08	0.025	0.779	0.468	247	0.05	12000	1000	1	500	111	1	0	1	875	971	96	1	0.00261096605744125	8	720	2028.77959183059
Simulation_248	1.251	0.043	0.221	0.07	0.936	0.524	248	0.05	12000	1000	1	500	111	1	0	1	0	1	1	-1	-1	-1	-1	7207.73422069968
Simulation_249	2.257	0.089	0.096	0.143	2.191	0.977	249	0.05	12000	1000	1	500	111	1	0	1	232	243	11	1	0.0140339425587467	43	185	4215.55333403286
Simulation_250	2.76	0.021	0.158	0.034	2.819	0.298	250	0.05	12000	1000	1	500	111	1	0	1	1	1	0	0	-1	-1	-1	5171.87952739716
Simulation_251	1.754	0.066	0.284	0.106	1.564	0.751	251	0.05	12000	1000	1	500	111	1	0	1	431	459	28	1	0.0153394255874674	47	358	3998.0416248243
Simulation_252	1.503	0.032	0.064	0.052	2.505	0.638	252	0.05	12000	1000	1	500	111	1	0	1	3	3	0	0	-1	-1	-1	5602.04177050125
Simulation_253	2.509	0.077	0.19	0.125	1.25	0.185	253	0.05	12000	1000	1	500	111	1	0	1	2	2	0	0	-1	-1	-1	6047.27360351477
Simulation_254	2.006	0.055	0.252	0.016	0.623	0.864	254	0.05	12000	1000	1	500	111	1	0	1	1	1	0	1	0.00163185378590078	5	1	3750.77203296704
Simulation_255	1	0.1	0.127	0.088	1.877	0.411	255	0.05	12000	1000	1	500	111	1	0	1	1020	1130	110	1	0.016644908616188	51	2	2731.57656118778
Simulation_256	1.004	0.055	0.214	0.046	2.588	0.979	256	0.05	12000	1000	1	500	111	0	104	1	1567	2433	866	1	0.00909090909090909	26	1222	2028.77959183059
Simulation_257	2.01	0.1	0.088	0.119	1.333	0.526	257	0.05	12000	1000	1	500	111	1	0	1	72	79	7	0	-1	-1	-1	3822.65975630375
Simulation_258	2.513	0.032	0.151	0.01	0.706	0.752	258	0.05	12000	1000	1	500	111	1	0	1	2	4	2	0	-1	-1	-1	4692.36018379304
Simulation_259	1.507	0.077	0.276	0.082	1.961	0.3	259	0.05	12000	1000	1	500	111	1	0	1	68	145	77	0	-1	-1	-1	2493.13042387176
Simulation_260	1.758	0.021	0.057	0.064	1.02	0.187	260	0.05	12000	1000	1	500	111	1	0	1	0	1	1	-1	-1	-1	-1	5935.00673579349
Simulation_261	2.764	0.066	0.182	0.137	2.275	0.639	261	0.05	12000	1000	1	500	111	1	0	1	6	18	12	0	-1	-1	-1	3623.52398459864
Simulation_262	2.261	0.043	0.245	0.028	2.902	0.413	262	0.05	12000	1000	1	500	111	1	0	1	1	2	1	0	-1	-1	-1	5951.33803780246
Simulation_263	1.255	0.089	0.12	0.101	1.647	0.866	263	0.05	12000	1000	1	500	111	0	48	1	2036	2134	98	1	0.0567133583874274	166	2024	5706.9207141581
Simulation_264	1.381	0.026	0.292	0.146	1.176	0.809	264	0.05	12000	1000	1	500	111	1	0	1	11	22	11	0	-1	-1	-1	5897.54845070553
Simulation_265	2.387	0.072	0.167	0.073	2.431	0.356	265	0.05	12000	1000	1	500	111	1	0	1	4	19	15	0	-1	-1	-1	2039.9292143924
Simulation_266	2.89	0.049	0.104	0.11	1.804	0.583	266	0.05	12000	1000	1	500	111	1	0	1	2	6	4	0	-1	-1	-1	3191.45147449667
Simulation_267	1.884	0.094	0.229	0.037	0.549	0.13	267	0.05	12000	1000	1	500	111	1	0	1	1114	1156	42	1	0.0202349869451697	62	1074	3888.24767128675
Simulation_268	1.633	0.038	0.135	0.128	2.118	0.243	268	0.05	12000	1000	1	500	111	1	0	1	0	13	13	0	-1	-1	-1	4557.55903697212
Simulation_269	2.639	0.083	0.261	0.055	0.863	0.696	269	0.05	12000	1000	1	500	111	1	0	1	5	8	3	1	0.0101174934725849	31	5	2565.18467038678
Simulation_270	2.136	0.015	0.198	0.091	1.49	0.47	270	0.05	12000	1000	1	500	111	1	0	1	0	1	1	-1	-1	-1	-1	4089.49916719976
Simulation_271	1.13	0.06	0.073	0.019	2.745	0.922	271	0.05	12000	1000	1	500	111	1	0	1	155	252	97	0	-1	-1	-1	5911.73141633673
Simulation_272	1.193	0.012	0.175	0.023	2.039	0.668	272	0.05	12000	1000	1	500	111	1	0	1	27	48	21	0	-1	-1	-1	5340.64595658504
Simulation_273	2.198	0.058	0.3	0.096	0.784	0.215	273	0.05	12000	1000	1	500	111	1	0	1	62	101	39	1	0.00293733681462141	9	23	6145.60107149123
Simulation_274	2.701	0.035	0.237	0.06	1.412	0.894	274	0.05	12000	1000	1	500	111	1	0	1	0	1	1	-1	-1	-1	-1	3217.17318887116
Simulation_275	1.695	0.08	0.112	0.132	2.667	0.441	275	0.05	12000	1000	1	500	111	1	0	1	12	26	14	0	-1	-1	-1	2638.1953731785
Simulation_276	1.947	0.046	0.269	0.005	1.725	0.328	276	0.05	12000	1000	1	500	111	1	0	1	42	43	1	0	-1	-1	-1	6086.85946986692
Simulation_277	2.953	0.092	0.143	0.078	2.98	0.781	277	0.05	12000	1000	1	500	111	1	0	1	17	33	16	1	0.00391644908616188	12	2	4633.10111749539
Simulation_278	2.45	0.024	0.08	0.041	2.353	0.102	278	0.05	12000	1000	1	500	111	1	0	1	0	8	8	0	-1	-1	-1	4415.17697342218
Simulation_279	1.444	0.069	0.206	0.114	1.098	0.554	279	0.05	12000	1000	1	500	111	0	66	1	2342	2375	33	0	-1	-1	-1	2826.18078934911
Simulation_280	1.318	0.041	0.096	0.087	0.627	0.611	280	0.05	12000	1000	1	500	111	1	0	1	1	8	7	0	-1	-1	-1	5074.07626882487
Simulation_281	2.324	0.086	0.222	0.014	1.882	0.158	281	0.05	12000	1000	1	500	111	1	0	1	1	1	0	0	-1	-1	-1	5551.45616957143
Simulation_282	2.827	0.018	0.284	0.123	2.51	0.837	282	0.05	12000	1000	1	500	111	1	0	1	1	1	0	0	-1	-1	-1	5340.64595658504
Simulation_283	1.821	0.063	0.159	0.05	1.255	0.385	283	0.05	12000	1000	1	500	111	1	0	1	294	294	0	1	0.0277415143603133	85	149	5496.15259421333
Simulation_284	1.57	0.029	0.19	0.105	2.824	0.498	284	0.05	12000	1000	1	500	111	1	0	1	0	3	3	0	-1	-1	-1	2139.97469300807
Simulation_285	2.576	0.075	0.065	0.032	1.569	0.95	285	0.05	12000	1000	1	500	111	1	0	1	1	1	0	0	-1	-1	-1	3822.65975630375
Simulation_286	2.073	0.052	0.127	0.141	0.941	0.272	286	0.05	12000	1000	1	500	111	1	0	1	3	3	0	0	-1	-1	-1	6330.84412727152
Simulation_287	1.067	0.097	0.253	0.069	2.196	0.724	287	0.05	12000	1000	1	500	111	1	0	1	1025	1087	62	0	-1	-1	-1	7649.35785457421
Simulation_288	1.098	0.031	0.108	0.13	1.451	0.427	288	0.05	12000	1000	1	500	111	1	0	1	51	52	1	0	-1	-1	-1	5951.33803780246
Simulation_289	2.104	0.076	0.233	0.057	2.706	0.88	289	0.05	12000	1000	1	500	111	1	0	1	414	526	112	1	0.00554830287206266	17	253	5223.61161084328
Simulation_290	2.607	0.053	0.296	0.094	2.078	0.201	290	0.05	12000	1000	1	500	111	1	0	1	5	11	6	0	-1	-1	-1	6074.90932815261
Simulation_291	1.601	0.099	0.171	0.021	0.824	0.653	291	0.05	12000	1000	1	500	111	1	0	1	36	42	6	1	0.0172976501305483	53	36	3877.32508621515
Simulation_292	1.853	0.042	0.202	0.148	1.765	0.767	292	0.05	12000	1000	1	500	111	1	0	1	408	431	23	1	0.0172976501305483	53	263	5286.46453572323
Simulation_293	2.859	0.087	0.076	0.076	0.51	0.314	293	0.05	12000	1000	1	500	111	1	0	1	1	2	1	1	0.00456919060052219	14	1	4603.71623725253
Simulation_294	2.356	0.019	0.139	0.112	1.137	0.993	294	0.05	12000	1000	1	500	111	1	0	1	5	21	16	0	-1	-1	-1	2186.7731791871
Simulation_295	1.35	0.065	0.265	0.039	2.392	0.54	295	0.05	12000	1000	1	500	111	1	0	1	138	392	254	0	-1	-1	-1	4676.80372072978
Simulation_296	1.475	0.048	0.155	0.066	2.863	0.484	296	0.05	12000	1000	1	500	111	1	0	1	20	27	7	0	-1	-1	-1	5682.77659627167
Simulation_297	2.481	0.093	0.28	0.139	1.608	0.936	297	0.05	12000	1000	1	500	111	1	0	1	39	39	0	0	-1	-1	-1	7028.76036785929
Simulation_298	2.984	0.025	0.218	0.03	0.98	0.257	298	0.05	12000	1000	1	500	111	1	0	1	0	3	3	0	-1	-1	-1	1802.72515143177
Simulation_299	1.978	0.07	0.092	0.103	2.235	0.71	299	0.05	12000	1000	1	500	111	1	0	1	63	65	2	0	-1	-1	-1	6699.82038496089
Simulation_300	1.727	0.014	0.249	0.048	0.667	0.597	300	0.05	12000	1000	1	500	111	1	0	1	0	2	2	0	-1	-1	-1	4089.49916719976
Simulation_301	2.733	0.059	0.124	0.121	1.922	0.144	301	0.05	12000	1000	1	500	111	1	0	1	1	6	5	0	-1	-1	-1	5066.53258586703
Simulation_302	2.23	0.036	0.061	0.012	2.549	0.823	302	0.05	12000	1000	1	500	111	1	0	1	0	6	6	0	-1	-1	-1	3183.35211080263
Simulation_303	1.224	0.082	0.186	0.085	1.294	0.371	303	0.05	12000	1000	1	500	111	0	78	1	2070	2086	16	0	-1	-1	-1	3822.65975630375
Simulation_304	1.161	0.034	0.273	0.107	0.902	0.116	304	0.05	12000	1000	1	500	111	1	0	1	46	46	0	0	-1	-1	-1	6402.56030382498
Simulation_305	2.167	0.079	0.147	0.035	2.157	0.569	305	0.05	12000	1000	1	500	111	1	0	1	0	1	1	-1	-1	-1	-1	7840.34278259179
Simulation_306	2.67	0.011	0.084	0.144	2.784	0.342	306	0.05	12000	1000	1	500	111	1	0	1	0	3	3	0	-1	-1	-1	5088.62653120344
Simulation_307	1.664	0.056	0.21	0.071	1.529	0.795	307	0.05	12000	1000	1	500	111	1	0	1	413	545	132	1	0.00163185378590078	5	246	3750.77203296704
Simulation_308	1.916	0.022	0.116	0.089	2.471	0.908	308	0.05	12000	1000	1	500	111	1	0	1	0	1	1	-1	-1	-1	-1	5597.25062482481
Simulation_309	2.921	0.067	0.241	0.016	1.216	0.455	309	0.05	12000	1000	1	500	111	1	0	1	9	20	11	1	0.000326370757180157	1	1	2039.9292143924
Simulation_310	2.418	0.045	0.178	0.126	0.588	0.682	310	0.05	12000	1000	1	500	111	1	0	1	1	3	2	0	-1	-1	-1	3032.12330488373
Simulation_311	1.413	0.09	0.053	0.053	1.843	0.229	311	0.05	12000	1000	1	500	111	1	0	1	1	1	0	0	-1	-1	-1	5123.83737610918
Simulation_312	1.287	0.017	0.225	0.007	2.314	0.286	312	0.05	12000	1000	1	500	111	1	0	1	0	1	1	-1	-1	-1	-1	2159.5451203393
Simulation_313	2.293	0.062	0.1	0.08	1.059	0.738	313	0.05	12000	1000	1	500	111	1	0	1	11	13	2	1	0.0199086161879896	61	11	5584.37856649494
Simulation_314	2.796	0.039	0.163	0.044	1.686	0.512	314	0.05	12000	1000	1	500	111	1	0	1	0	11	11	0	-1	-1	-1	3237.4012682486
Simulation_315	1.79	0.084	0.288	0.116	2.941	0.965	315	0.05	12000	1000	1	500	111	1	0	1	26	26	0	1	0.0453655352480418	139	26	5529.25621805314
Simulation_316	1.538	0.05	0.069	0.025	1.373	0.851	316	0.05	12000	1000	1	500	111	1	0	1	650	812	162	1	0.00261096605744125	8	420	4768.42590652529
Simulation_317	2.544	0.096	0.194	0.098	2.627	0.399	317	0.05	12000	1000	1	500	111	1	0	1	2	3	1	0	-1	-1	-1	5992.72710051526
Simulation_318	2.041	0.028	0.257	0.062	2	0.625	318	0.05	12000	1000	1	500	111	1	0	1	0	9	9	0	-1	-1	-1	4049.01363263394
Simulation_319	1.035	0.073	0.131	0.135	0.745	0.172	319	0.05	12000	1000	1	500	111	0	117	1	2604	3302	698	1	0.022359821121431	65	376	2055.58945665023
Simulation_320	1.051	0.019	0.259	0.081	2.725	0.236	320	0.05	12000	1000	1	500	111	1	0	1	0	1	1	-1	-1	-1	-1	6511.55322528091
Simulation_321	2.057	0.064	0.133	0.008	1.471	0.689	321	0.05	12000	1000	1	500	111	1	0	1	129	129	0	0	-1	-1	-1	6575.92575658797
Simulation_322	2.56	0.041	0.071	0.118	0.843	0.462	322	0.05	12000	1000	1	500	111	1	0	1	128	133	5	0	-1	-1	-1	6169.38521915089
Simulation_323	1.554	0.087	0.196	0.045	2.098	0.915	323	0.05	12000	1000	1	500	111	1	0	1	2	2	0	0	-1	-1	-1	5455.5892536017
Simulation_324	1.806	0.053	0.165	0.099	0.529	0.802	324	0.05	12000	1000	1	500	111	1	0	1	15	15	0	1	0.0796344647519582	244	13	2892.28347738425
Simulation_325	2.811	0.098	0.29	0.027	1.784	0.349	325	0.05	12000	1000	1	500	111	1	0	1	6	7	1	0	-1	-1	-1	5956.02657148383
Simulation_326	2.308	0.03	0.227	0.136	2.412	0.576	326	0.05	12000	1000	1	500	111	1	0	1	0	4	4	0	-1	-1	-1	4568.68102383923
Simulation_327	1.303	0.075	0.102	0.063	1.157	0.123	327	0.05	12000	1000	1	500	111	1	0	1	60	160	100	0	-1	-1	-1	2588.80868954344
Simulation_328	1.428	0.036	0.18	0.036	1.627	0.18	328	0.05	12000	1000	1	500	111	1	0	1	36	69	33	0	-1	-1	-1	5417.49341265082
Simulation_329	2.434	0.081	0.055	0.108	2.882	0.632	329	0.05	12000	1000	1	500	111	1	0	1	8	16	8	0	-1	-1	-1	3438.10014478688
Simulation_330	2.937	0.013	0.118	0.072	2.255	0.406	330	0.05	12000	1000	1	500	111	1	0	1	0	1	1	-1	-1	-1	-1	4291.47192082241
Simulation_331	1.931	0.058	0.243	0.145	1	0.859	331	0.05	12000	1000	1	500	111	1	0	1	6	7	1	1	0.00261096605744125	8	6	4460.55832694868
Simulation_332	1.68	0.024	0.086	0.018	1.941	0.972	332	0.05	12000	1000	1	500	111	1	0	1	0	1	1	-1	-1	-1	-1	3044.07457575748
Simulation_333	2.686	0.07	0.212	0.09	0.686	0.519	333	0.05	12000	1000	1	500	111	1	0	1	13	14	1	1	0.0022845953002611	7	10	3310.71586217929
Simulation_334	2.183	0.047	0.275	0.054	1.314	0.745	334	0.05	12000	1000	1	500	111	1	0	1	12	45	33	0	-1	-1	-1	4907.2651807444
Simulation_335	1.177	0.092	0.149	0.127	2.569	0.293	335	0.05	12000	1000	1	500	111	1	0	1	192	245	53	0	-1	-1	-1	5556.70518309664
Simulation_336	1.24	0.044	0.063	0.14	2.176	0.547	336	0.05	12000	1000	1	500	111	1	0	1	0	279	279	0	-1	-1	-1	5203.31889085773
Simulation_337	2.246	0.089	0.188	0.068	0.922	1	337	0.05	12000	1000	1	500	111	1	0	1	2	2	0	0	-1	-1	-1	4652.88142322922
Simulation_338	2.749	0.021	0.251	0.104	1.549	0.321	338	0.05	12000	1000	1	500	111	1	0	1	0	4	4	0	-1	-1	-1	3631.87772207896
Simulation_339	1.743	0.067	0.125	0.031	2.804	0.774	339	0.05	12000	1000	1	500	111	1	0	1	0	1	1	-1	-1	-1	-1	6838.35581913743
Simulation_340	1.994	0.01	0.22	0.122	1.235	0.661	340	0.05	12000	1000	1	500	111	1	0	1	0	1	1	-1	-1	-1	-1	2481.13418095421
Simulation_341	3	0.055	0.094	0.049	2.49	0.208	341	0.05	12000	1000	1	500	111	1	0	1	0	1	1	-1	-1	-1	-1	7600.17649041095
Simulation_342	2.497	0.033	0.157	0.086	1.863	0.887	342	0.05	12000	1000	1	500	111	1	0	1	0	3	3	0	-1	-1	-1	1852.33918322755
Simulation_343	1.491	0.078	0.282	0.013	0.608	0.434	343	0.05	12000	1000	1	500	111	1	0	1	1	1	0	0	-1	-1	-1	6480.4460056938
Simulation_344	1.365	0.027	0.141	0.058	1.078	0.378	344	0.05	12000	1000	1	500	111	1	0	1	17	20	3	0	-1	-1	-1	5751.75387087924
Simulation_345	2.371	0.072	0.267	0.131	2.333	0.83	345	0.05	12000	1000	1	500	111	1	0	1	9	9	0	1	0.0535248041775457	164	8	5530.8839639795
Simulation_346	2.874	0.05	0.204	0.022	2.961	0.151	346	0.05	12000	1000	1	500	111	1	0	1	1	1	0	0	-1	-1	-1	6754.03007693183
Simulation_347	1.868	0.095	0.078	0.095	1.706	0.604	347	0.05	12000	1000	1	500	111	1	0	1	61	64	3	1	0.0607049608355091	186	40	6138.52168034155
Simulation_348	1.617	0.038	0.298	0.077	2.647	0.717	348	0.05	12000	1000	1	500	111	1	0	1	2	3	1	0	-1	-1	-1	4003.3862814365
Simulation_349	2.623	0.084	0.173	0.149	1.392	0.264	349	0.05	12000	1000	1	500	111	1	0	1	8	10	2	0	-1	-1	-1	5200.24466540626
Simulation_350	2.12	0.016	0.11	0.04	0.765	0.943	350	0.05	12000	1000	1	500	111	1	0	1	0	1	1	-1	-1	-1	-1	2478.83500104724
Simulation_351	1.114	0.061	0.235	0.113	2.02	0.491	351	0.05	12000	1000	1	500	111	1	0	1	506	905	399	0	-1	-1	-1	5515.05142015435
Simulation_352	1.083	0.043	0.122	0.015	1.353	0.561	352	0.05	12000	1000	1	500	111	1	0	1	349	718	369	0	-1	-1	-1	2211.62066614796
Simulation_353	2.088	0.088	0.247	0.088	2.608	0.109	353	0.05	12000	1000	1	500	111	1	0	1	18	31	13	0	-1	-1	-1	4588.13551256316
Simulation_354	2.591	0.02	0.184	0.052	1.98	0.788	354	0.05	12000	1000	1	500	111	1	0	1	0	1	1	-1	-1	-1	-1	5048.9001781584
Simulation_355	1.585	0.065	0.059	0.124	0.725	0.335	355	0.05	12000	1000	1	500	111	1	0	1	444	558	114	1	0.00261096605744125	8	339	3630.87343558874
Simulation_356	1.837	0.031	0.278	0.033	2.294	0.448	356	0.05	12000	1000	1	500	111	1	0	1	0	1	1	-1	-1	-1	-1	7885.36219011419
Simulation_357	2.843	0.077	0.153	0.106	1.039	0.901	357	0.05	12000	1000	1	500	111	1	0	1	6	6	0	1	0.047976501305483	147	6	6124.0475272155
Simulation_358	2.34	0.054	0.09	0.07	1.667	0.222	358	0.05	12000	1000	1	500	111	1	0	1	1	1	0	0	-1	-1	-1	5692.3199052927
Simulation_359	1.334	0.099	0.216	0.143	2.922	0.675	359	0.05	12000	1000	1	500	111	1	0	1	71	114	43	0	-1	-1	-1	3611.43844405608
Simulation_360	1.46	0.014	0.075	0.097	2.451	0.731	360	0.05	12000	1000	1	500	111	1	0	1	0	1	1	-1	-1	-1	-1	6651.62249355228
Simulation_361	2.466	0.06	0.2	0.024	1.196	0.279	361	0.05	12000	1000	1	500	111	1	0	1	74	74	0	0	-1	-1	-1	4349.12691373998
Simulation_362	2.969	0.037	0.263	0.134	0.569	0.958	362	0.05	12000	1000	1	500	111	1	0	1	0	1	1	-1	-1	-1	-1	5801.25111128812
Simulation_363	1.963	0.082	0.137	0.061	1.824	0.505	363	0.05	12000	1000	1	500	111	1	0	1	88	88	0	1	0.0234986945169713	72	9	5437.59552284647
Simulation_364	1.711	0.048	0.231	0.079	0.882	0.392	364	0.05	12000	1000	1	500	111	1	0	1	3	13	10	0	-1	-1	-1	3521.38168057011
Simulation_365	2.717	0.094	0.106	0.006	2.137	0.844	365	0.05	12000	1000	1	500	111	1	0	1	93	95	2	0	-1	-1	-1	6759.82161725532
Simulation_366	2.214	0.026	0.169	0.115	2.765	0.165	366	0.05	12000	1000	1	500	111	1	0	1	1	1	0	0	-1	-1	-1	6802.86341294427
Simulation_367	1.208	0.071	0.294	0.043	1.51	0.618	367	0.05	12000	1000	1	500	111	0	80	1	1738	1773	35	1	0.0447557225828493	131	890	5267.42716258103
Simulation_368	1.145	0.023	0.192	0.074	0.804	0.873	368	0.05	12000	1000	1	500	111	0	124	1	2139	2220	81	0	-1	-1	-1	4981.93321670355
Simulation_369	2.151	0.068	0.067	0.147	2.059	0.42	369	0.05	12000	1000	1	500	111	1	0	1	42	64	22	0	-1	-1	-1	4232.02424047708
Simulation_370	2.654	0.046	0.129	0.038	2.686	0.646	370	0.05	12000	1000	1	500	111	1	0	1	22	25	3	0	-1	-1	-1	5497.07701089482
Simulation_371	1.648	0.091	0.255	0.111	1.431	0.194	371	0.05	12000	1000	1	500	111	1	0	1	12	36	24	0	-1	-1	-1	5157.89411019062
Simulation_372	1.9	0.034	0.098	0.056	3	0.307	372	0.05	12000	1000	1	500	111	1	0	1	0	9	9	0	-1	-1	-1	5132.94937108404
Simulation_373	2.906	0.079	0.224	0.129	1.745	0.76	373	0.05	12000	1000	1	500	111	1	0	1	20	21	1	1	0.0143603133159269	44	14	5241.91214278822
Simulation_374	2.403	0.012	0.286	0.02	1.118	0.533	374	0.05	12000	1000	1	500	111	1	0	1	11	20	9	0	-1	-1	-1	5974.27608341641
Simulation_375	1.397	0.057	0.161	0.093	2.373	0.986	375	0.05	12000	1000	1	500	111	1	0	1	11	74	63	0	-1	-1	-1	6022.21172138534
Simulation_376	1.271	0.051	0.239	0.12	1.902	0.929	376	0.05	12000	1000	1	500	111	1	0	1	545	570	25	0	-1	-1	-1	7643.5908863517
Simulation_377	2.277	0.096	0.114	0.047	0.647	0.477	377	0.05	12000	1000	1	500	111	1	0	1	2	2	0	1	0.0336161879895561	103	2	5272.89434338134
Simulation_378	2.78	0.029	0.051	0.083	1.275	0.703	378	0.05	12000	1000	1	500	111	1	0	1	0	2	2	0	-1	-1	-1	5158.57026749168
Simulation_379	1.774	0.074	0.176	0.011	2.529	0.25	379	0.05	12000	1000	1	500	111	1	0	1	1	1	0	0	-1	-1	-1	5226.84879815574
Simulation_380	1.523	0.017	0.145	0.138	1.588	0.137	380	0.05	12000	1000	1	500	111	1	0	1	0	3	3	0	-1	-1	-1	4237.02092114223
Simulation_381	2.528	0.063	0.271	0.065	2.843	0.59	381	0.05	12000	1000	1	500	111	1	0	1	596	665	69	0	-1	-1	-1	6865.22517810931
Simulation_382	2.026	0.04	0.208	0.102	2.216	0.363	382	0.05	12000	1000	1	500	111	1	0	1	0	1	1	-1	-1	-1	-1	4493.99727401131
Simulation_383	1.02	0.085	0.082	0.029	0.961	0.816	383	0.05	12000	1000	1	500	111	1	0	1	260	341	81	1	0.0127284595300261	39	252	3817.72845061452
Simulation_384	1.012	0.025	0.158	0.11	2.088	0.615	384	0.05	12000	1000	1	500	111	1	0	1	0	1	1	-1	-1	-1	-1	2695.55660459681
Simulation_385	2.018	0.07	0.283	0.037	0.833	0.162	385	0.05	12000	1000	1	500	111	1	0	1	5	25	20	0	-1	-1	-1	3346.13818108495
Simulation_386	2.521	0.047	0.221	0.147	1.461	0.841	386	0.05	12000	1000	1	500	111	1	0	1	47	60	13	1	0.00195822454308094	6	30	4302.36975399828
Simulation_387	1.515	0.093	0.095	0.074	2.716	0.388	387	0.05	12000	1000	1	500	111	1	0	1	8	12	4	0	-1	-1	-1	2982.24336745683
Simulation_388	1.766	0.036	0.252	0.092	1.147	0.501	388	0.05	12000	1000	1	500	111	1	0	1	0	1	1	-1	-1	-1	-1	4323.84012527582
Simulation_389	2.772	0.081	0.126	0.019	2.402	0.954	389	0.05	12000	1000	1	500	111	1	0	1	52	65	13	1	0.00424281984334204	13	22	5597.25062482481
Simulation_390	2.269	0.013	0.064	0.128	1.775	0.275	390	0.05	12000	1000	1	500	111	1	0	1	0	1	1	-1	-1	-1	-1	5116.81923645266
Simulation_391	1.263	0.059	0.189	0.056	0.52	0.728	391	0.05	12000	1000	1	500	111	1	0	1	1	1	0	1	0.00163185378590078	5	1	3831.5665034157
Simulation_392	1.389	0.053	0.111	0.01	0.99	0.671	392	0.05	12000	1000	1	500	111	1	0	1	1359	1360	1	0	-1	-1	-1	6754.03007693183
Simulation_393	2.395	0.098	0.236	0.083	2.245	0.218	393	0.05	12000	1000	1	500	111	1	0	1	1	1	0	0	-1	-1	-1	7002.19811496895
Simulation_394	2.898	0.03	0.299	0.047	2.873	0.897	394	0.05	12000	1000	1	500	111	1	0	1	2	2	0	0	-1	-1	-1	4525.53975358257
Simulation_395	1.892	0.076	0.174	0.119	1.618	0.445	395	0.05	12000	1000	1	500	111	1	0	1	14	19	5	0	-1	-1	-1	6326.77547583798
Simulation_396	1.64	0.019	0.205	0.028	2.559	0.332	396	0.05	12000	1000	1	500	111	1	0	1	0	1	1	-1	-1	-1	-1	2431.56804314036
Simulation_397	2.646	0.064	0.079	0.101	1.304	0.784	397	0.05	12000	1000	1	500	111	1	0	1	43	56	13	1	0.00261096605744125	8	32	3623.18901682573
Simulation_398	2.143	0.042	0.142	0.065	0.676	0.105	398	0.05	12000	1000	1	500	111	1	0	1	0	6	6	0	-1	-1	-1	3373.99564124608
Simulation_399	1.138	0.087	0.268	0.137	1.931	0.558	399	0.05	12000	1000	1	500	111	0	4	1	1291	1563	272	1	0.13627254509018	408	192	5859.2371316186
Simulation_400	1.2	0.039	0.228	0.124	2.794	0.813	400	0.05	12000	1000	1	500	111	1	0	1	322	334	12	1	0.02088772845953	64	187	5837.79707203311
Simulation_401	2.206	0.084	0.103	0.051	1.539	0.36	401	0.05	12000	1000	1	500	111	1	0	1	42	43	1	1	0.0261096605744125	80	1	5758.0306896353
Simulation_402	2.709	0.016	0.166	0.087	0.912	0.586	402	0.05	12000	1000	1	500	111	1	0	1	0	1	1	-1	-1	-1	-1	5112.49751021718
Simulation_403	1.703	0.061	0.291	0.015	2.167	0.134	403	0.05	12000	1000	1	500	111	1	0	1	8	39	31	0	-1	-1	-1	3594.71973412706
Simulation_404	1.955	0.028	0.072	0.142	0.598	0.247	404	0.05	12000	1000	1	500	111	1	0	1	0	2	2	0	-1	-1	-1	2434.32570117932
Simulation_405	2.961	0.073	0.197	0.069	1.853	0.699	405	0.05	12000	1000	1	500	111	1	0	1	15	27	12	1	0.00130548302872063	4	5	2856.25720557289
Simulation_406	2.458	0.05	0.26	0.106	2.48	0.473	406	0.05	12000	1000	1	500	111	1	0	1	0	12	12	0	-1	-1	-1	3597.24087494978
Simulation_407	1.452	0.095	0.134	0.033	1.225	0.926	407	0.05	12000	1000	1	500	111	1	0	1	83	84	1	0	-1	-1	-1	6642.83497575434
Simulation_408	1.326	0.011	0.275	0.06	1.696	0.982	408	0.05	12000	1000	1	500	111	1	0	1	0	2	2	0	-1	-1	-1	4460.55832694868
Simulation_409	2.332	0.056	0.15	0.133	2.951	0.53	409	0.05	12000	1000	1	500	111	1	0	1	12	23	11	0	-1	-1	-1	5856.24316246602
Simulation_410	2.835	0.033	0.087	0.024	2.324	0.756	410	0.05	12000	1000	1	500	111	1	0	1	6	12	6	0	-1	-1	-1	4169.60354028093
Simulation_411	1.829	0.078	0.213	0.097	1.069	0.303	411	0.05	12000	1000	1	500	111	1	0	1	73	103	30	1	0.00391644908616188	12	34	4353.61813329764
Simulation_412	1.578	0.044	0.119	0.042	2.01	0.19	412	0.05	12000	1000	1	500	111	1	0	1	6	6	0	0	-1	-1	-1	5750.01044075838
Simulation_413	2.583	0.09	0.244	0.115	0.755	0.643	413	0.05	12000	1000	1	500	111	1	0	1	3	5	2	1	0.00685378590078329	21	3	3109.26886504959
Simulation_414	2.081	0.022	0.181	0.006	1.382	0.417	414	0.05	12000	1000	1	500	111	1	0	1	0	1	1	-1	-1	-1	-1	2887.25212338256
Simulation_415	1.075	0.067	0.056	0.078	2.637	0.869	415	0.05	12000	1000	1	500	111	0	70	1	1515	1522	7	0	-1	-1	-1	6330.84412727152
Simulation_416	1.106	0.049	0.287	0.031	0.716	0.289	416	0.05	12000	1000	1	500	111	0	150	1	2350	2406	56	1	0.0423116615067079	123	1494	5433.66259896365
Simulation_417	2.112	0.094	0.162	0.103	1.971	0.742	417	0.05	12000	1000	1	500	111	1	0	1	37	37	0	1	0.0453655352480418	139	35	5920.88606979317
Simulation_418	2.615	0.026	0.099	0.067	2.598	0.516	418	0.05	12000	1000	1	500	111	1	0	1	1	9	8	0	-1	-1	-1	5223.61161084328
Simulation_419	1.609	0.071	0.225	0.14	1.343	0.968	419	0.05	12000	1000	1	500	111	1	0	1	1150	1171	21	0	-1	-1	-1	2094.6820887359
Simulation_420	1.861	0.015	0.13	0.012	2.912	0.855	420	0.05	12000	1000	1	500	111	1	0	1	0	1	1	-1	-1	-1	-1	4997.06386556588
Simulation_421	2.866	0.06	0.256	0.085	1.657	0.402	421	0.05	12000	1000	1	500	111	1	0	1	9	17	8	0	-1	-1	-1	2943.43177808323
Simulation_422	2.363	0.037	0.193	0.049	1.029	0.629	422	0.05	12000	1000	1	500	111	1	0	1	29	29	0	1	0.0189295039164491	58	29	5689.19553422681
Simulation_423	1.358	0.083	0.068	0.122	2.284	0.176	423	0.05	12000	1000	1	500	111	1	0	1	24	24	0	0	-1	-1	-1	5576.42572179147
Simulation_424	1.483	0.032	0.209	0.094	1.814	0.119	424	0.05	12000	1000	1	500	111	1	0	1	0	1	1	-1	-1	-1	-1	7948.32479549947
Simulation_425	2.489	0.077	0.083	0.021	0.559	0.572	425	0.05	12000	1000	1	500	111	1	0	1	1	1	0	1	0.0424281984334204	130	1	5888.10802952944
Simulation_426	2.992	0.054	0.146	0.131	1.186	0.346	426	0.05	12000	1000	1	500	111	1	0	1	31	37	6	1	0.0150130548302872	46	7	5905.92255879076
Simulation_427	1.986	0.1	0.272	0.058	2.441	0.798	427	0.05	12000	1000	1	500	111	1	0	1	20	21	1	1	0.0241514360313316	74	18	5162.4465876501
Simulation_428	1.735	0.043	0.052	0.112	1.5	0.912	428	0.05	12000	1000	1	500	111	1	0	1	26	26	0	1	0.027088772845953	83	26	5715.92875093232
Simulation_429	2.741	0.088	0.177	0.04	2.755	0.459	429	0.05	12000	1000	1	500	111	1	0	1	6	16	10	0	-1	-1	-1	4586.67730740215
Simulation_430	2.238	0.02	0.24	0.149	2.127	0.685	430	0.05	12000	1000	1	500	111	1	0	1	0	1	1	-1	-1	-1	-1	7421.20068399673
Simulation_431	1.232	0.066	0.115	0.076	0.873	0.233	431	0.05	12000	1000	1	500	111	1	0	1	659	1148	489	1	0.00163185378590078	5	177	2353.94409059362
Simulation_432	1.169	0.018	0.091	0.044	1.422	0.487	432	0.05	12000	1000	1	500	111	1	0	1	0	1	1	-1	-1	-1	-1	2277.94374079919
Simulation_433	2.175	0.063	0.217	0.117	2.676	0.94	433	0.05	12000	1000	1	500	111	1	0	1	93	124	31	1	0.00293733681462141	9	43	4493.46554565501
Simulation_434	2.678	0.04	0.279	0.008	2.049	0.261	434	0.05	12000	1000	1	500	111	1	0	1	0	4	4	0	-1	-1	-1	4872.24541687638
Simulation_435	1.672	0.086	0.154	0.081	0.794	0.714	435	0.05	12000	1000	1	500	111	1	0	1	14	15	1	1	0.0972584856396867	298	2	6260.9922860406
Simulation_436	1.923	0.052	0.185	0.062	2.363	0.6	436	0.05	12000	1000	1	500	111	1	0	1	0	17	17	0	-1	-1	-1	1692.75146293557
Simulation_437	2.929	0.097	0.06	0.135	1.108	0.148	437	0.05	12000	1000	1	500	111	1	0	1	3	4	1	0	-1	-1	-1	6242.25490204239
Simulation_438	2.426	0.029	0.123	0.026	1.735	0.827	438	0.05	12000	1000	1	500	111	1	0	1	10	10	0	1	0.0176240208877285	54	7	5778.82820649256
Simulation_439	1.42	0.074	0.248	0.099	2.99	0.374	439	0.05	12000	1000	1	500	111	1	0	1	14	32	18	0	-1	-1	-1	3751.15081483643
Simulation_440	1.295	0.035	0.17	0.144	2.52	0.431	440	0.05	12000	1000	1	500	111	1	0	1	22	22	0	0	-1	-1	-1	5022.37310713275
Simulation_441	2.301	0.08	0.295	0.072	1.265	0.883	441	0.05	12000	1000	1	500	111	1	0	1	71	76	5	1	0.00326370757180157	10	59	1849.89635786499
Simulation_442	2.804	0.012	0.232	0.108	0.637	0.204	442	0.05	12000	1000	1	500	111	1	0	1	0	1	1	-1	-1	-1	-1	4434.91308550321
Simulation_443	1.798	0.057	0.107	0.035	1.892	0.657	443	0.05	12000	1000	1	500	111	1	0	1	45	68	23	1	0.00293733681462141	9	24	4982.71002623399
Simulation_444	1.546	0.023	0.264	0.126	0.951	0.77	444	0.05	12000	1000	1	500	111	1	0	1	2	17	15	0	-1	-1	-1	5116.81923645266
Simulation_445	2.552	0.069	0.138	0.053	2.206	0.317	445	0.05	12000	1000	1	500	111	1	0	1	10	21	11	0	-1	-1	-1	4390.8796421587
Simulation_446	2.049	0.046	0.075	0.09	2.833	0.996	446	0.05	12000	1000	1	500	111	1	0	1	4	8	4	0	-1	-1	-1	5867.41789935784
Simulation_447	1.043	0.091	0.201	0.017	1.578	0.544	447	0.05	12000	1000	1	500	111	0	57	1	1346	1435	89	1	0.16092350103377	467	329	5821.50331477899
Simulation_448	1.028	0.037	0.077	0.073	1.951	0.367	448	0.05	12000	1000	1	500	111	1	0	1	107	108	1	0	-1	-1	-1	5197.29866044705
Simulation_449	2.033	0.082	0.203	0.145	0.696	0.82	449	0.05	12000	1000	1	500	111	1	0	1	4	4	0	1	0.107702349869452	330	2	5676.6785438058
Simulation_450	2.536	0.014	0.266	0.036	1.324	0.141	450	0.05	12000	1000	1	500	111	1	0	1	1	1	0	0	-1	-1	-1	5859.2371316186
Simulation_451	1.53	0.059	0.14	0.109	2.578	0.593	451	0.05	12000	1000	1	500	111	1	0	1	80	80	0	0	-1	-1	-1	4831.86696663376
Simulation_452	1.782	0.025	0.234	0.054	1.637	0.706	452	0.05	12000	1000	1	500	111	1	0	1	0	1	1	-1	-1	-1	-1	2826.18078934911
Simulation_453	2.788	0.071	0.109	0.127	2.892	0.254	453	0.05	12000	1000	1	500	111	1	0	1	2	8	6	0	-1	-1	-1	2408.23098640985
Simulation_454	2.285	0.048	0.172	0.018	2.265	0.933	454	0.05	12000	1000	1	500	111	1	0	1	5	32	27	0	-1	-1	-1	4017.07354414982
Simulation_455	1.279	0.093	0.297	0.091	1.01	0.48	455	0.05	12000	1000	1	500	111	0	17	1	1459	1468	9	1	0.108890420399724	316	1423	5345.69593534261
Simulation_456	1.405	0.02	0.125	0.118	0.539	0.537	456	0.05	12000	1000	1	500	111	1	0	1	32	61	29	1	0.0186031331592689	57	32	5830.49951833879
Simulation_457	2.411	0.065	0.25	0.045	1.794	0.989	457	0.05	12000	1000	1	500	111	1	0	1	2	9	7	0	-1	-1	-1	1883.10676201747
Simulation_458	2.914	0.042	0.187	0.082	2.422	0.31	458	0.05	12000	1000	1	500	111	1	0	1	2	11	9	0	-1	-1	-1	3861.3946026688
Simulation_459	1.908	0.088	0.062	0.009	1.167	0.763	459	0.05	12000	1000	1	500	111	1	0	1	55	68	13	1	0.0101174934725849	31	50	2274.31542096135
Simulation_460	1.656	0.054	0.281	0.136	2.735	0.65	460	0.05	12000	1000	1	500	111	1	0	1	15	18	3	0	-1	-1	-1	6229.16179063152
Simulation_461	2.662	0.099	0.156	0.064	1.48	0.197	461	0.05	12000	1000	1	500	111	1	0	1	2	2	0	0	-1	-1	-1	5624.380974269
Simulation_462	2.159	0.031	0.093	0.1	0.853	0.876	462	0.05	12000	1000	1	500	111	1	0	1	185	196	11	1	0.0280678851174935	86	118	6124.0475272155
Simulation_463	1.153	0.076	0.219	0.027	2.108	0.424	463	0.05	12000	1000	1	500	111	1	0	1	78	79	1	0	-1	-1	-1	5345.69593534261
Simulation_464	1.216	0.028	0.242	0.023	2.657	0.169	464	0.05	12000	1000	1	500	111	1	0	1	72	203	131	0	-1	-1	-1	7249.09561761671
Simulation_465	2.222	0.073	0.117	0.095	1.402	0.622	465	0.05	12000	1000	1	500	111	1	0	1	20	40	20	1	0.000652741514360313	2	6	4557.55903697212
Simulation_466	2.725	0.051	0.054	0.059	0.775	0.395	466	0.05	12000	1000	1	500	111	1	0	1	8	18	10	1	0.000652741514360313	2	6	2826.18078934911
Simulation_467	1.719	0.096	0.179	0.132	2.029	0.848	467	0.05	12000	1000	1	500	111	1	0	1	453	476	23	1	0.0172976501305483	53	351	3768.39212803301
Simulation_468	1.971	0.04	0.148	0.041	1.088	0.961	468	0.05	12000	1000	1	500	111	1	0	1	11	12	1	1	0.00424281984334204	13	11	3906.02237078511
Simulation_469	2.976	0.085	0.274	0.114	2.343	0.508	469	0.05	12000	1000	1	500	111	1	0	1	8	19	11	0	-1	-1	-1	2337.56235022301
Simulation_470	2.473	0.017	0.211	0.077	2.971	0.735	470	0.05	12000	1000	1	500	111	1	0	1	0	1	1	-1	-1	-1	-1	2782.95076639233
Simulation_471	1.468	0.062	0.085	0.15	1.716	0.282	471	0.05	12000	1000	1	500	111	1	0	1	240	240	0	0	-1	-1	-1	3424.85850258481
Simulation_472	1.342	0.045	0.195	0.105	1.245	0.226	472	0.05	12000	1000	1	500	111	1	0	1	0	9	9	0	-1	-1	-1	3611.43844405608
Simulation_473	2.348	0.09	0.07	0.032	2.5	0.678	473	0.05	12000	1000	1	500	111	1	0	1	2	4	2	0	-1	-1	-1	6201.33048533732
Simulation_474	2.851	0.023	0.132	0.141	1.873	0.452	474	0.05	12000	1000	1	500	111	1	0	1	0	2	2	0	-1	-1	-1	5012.71399077736
Simulation_475	1.845	0.068	0.258	0.068	0.618	0.905	475	0.05	12000	1000	1	500	111	1	0	1	2	2	0	1	0.0691906005221932	212	2	6536.87015550732
Simulation_476	1.593	0.011	0.101	0.086	2.186	0.791	476	0.05	12000	1000	1	500	111	1	0	1	0	1	1	-1	-1	-1	-1	4340.0132412971
Simulation_477	2.599	0.057	0.226	0.014	0.931	0.339	477	0.05	12000	1000	1	500	111	1	0	1	21	31	10	1	0.00130548302872063	4	13	1649.32819725133
Simulation_478	2.096	0.034	0.289	0.123	1.559	0.565	478	0.05	12000	1000	1	500	111	1	0	1	21	21	0	1	0.0182767624020888	56	4	6214.43407866989
Simulation_479	1.09	0.079	0.164	0.05	2.814	0.112	479	0.05	12000	1000	1	500	111	1	0	1	344	468	124	0	-1	-1	-1	2924.62451443925
Simulation_480	1.059	0.013	0.175	0.134	0.814	0.919	480	0.05	12000	1000	1	500	111	1	0	1	52	108	56	0	-1	-1	-1	6575.92575658797
Simulation_481	2.065	0.058	0.05	0.061	2.069	0.466	481	0.05	12000	1000	1	500	111	1	0	1	28	51	23	0	-1	-1	-1	6052.98452872145
Simulation_482	2.568	0.035	0.113	0.098	2.696	0.692	482	0.05	12000	1000	1	500	111	1	0	1	5	5	0	0	-1	-1	-1	4965.90993862273
Simulation_483	1.562	0.081	0.238	0.025	1.441	0.24	483	0.05	12000	1000	1	500	111	1	0	1	12	37	25	0	-1	-1	-1	2636.03972924432
Simulation_484	1.813	0.047	0.081	0.116	2.382	0.127	484	0.05	12000	1000	1	500	111	1	0	1	0	18	18	0	-1	-1	-1	3107.19950037496
Simulation_485	2.819	0.092	0.207	0.043	1.127	0.579	485	0.05	12000	1000	1	500	111	1	0	1	85	90	5	1	0.0169712793733681	52	77	1944.39435547275
Simulation_486	2.316	0.024	0.27	0.079	0.5	0.353	486	0.05	12000	1000	1	500	111	1	0	1	11	16	5	1	0.0189295039164491	58	11	5830.49951833879
Simulation_487	1.31	0.069	0.144	0.007	1.755	0.806	487	0.05	12000	1000	1	500	111	1	0	1	126	167	41	1	0.0473237597911227	145	126	5638.56959139088
Simulation_488	1.436	0.041	0.254	0.052	2.225	0.862	488	0.05	12000	1000	1	500	111	1	0	1	0	62	62	0	-1	-1	-1	4939.23008882512
Simulation_489	2.442	0.086	0.128	0.125	0.971	0.409	489	0.05	12000	1000	1	500	111	1	0	1	32	33	1	0	-1	-1	-1	4872.30685706296
Simulation_490	2.945	0.018	0.066	0.016	1.598	0.636	490	0.05	12000	1000	1	500	111	1	0	1	8	10	2	0	-1	-1	-1	5212.87789172591
Simulation_491	1.939	0.064	0.191	0.089	2.853	0.183	491	0.05	12000	1000	1	500	111	1	0	1	0	2	2	0	-1	-1	-1	5013.21977717901
Simulation_492	1.688	0.03	0.16	0.07	1.284	0.296	492	0.05	12000	1000	1	500	111	1	0	1	0	1	1	-1	-1	-1	-1	5157.89411019062
Simulation_493	2.694	0.075	0.285	0.143	2.539	0.749	493	0.05	12000	1000	1	500	111	1	0	1	6	7	1	1	0.0264360313315927	81	4	5559.50131895041
Simulation_494	2.191	0.052	0.223	0.034	1.912	0.523	494	0.05	12000	1000	1	500	111	1	0	1	5	10	5	0	-1	-1	-1	2592.1498279529
Simulation_495	1.185	0.098	0.097	0.107	0.657	0.975	495	0.05	12000	1000	1	500	111	1	0	1	1	1	0	1	0.0110966057441253	34	1	2856.25720557289
Simulation_496	1.122	0.049	0.136	0.084	1.52	0.721	496	0.05	12000	1000	1	500	111	0	78	1	1690	1773	83	1	0.0842245989304813	252	1668	5516.63240121514
Simulation_497	2.128	0.095	0.262	0.011	2.775	0.268	497	0.05	12000	1000	1	500	111	1	0	1	12	38	26	0	-1	-1	-1	3360.51520437003
Simulation_498	2.631	0.027	0.199	0.12	2.147	0.947	498	0.05	12000	1000	1	500	111	1	0	1	4	5	1	0	-1	-1	-1	5310.48293993541
Simulation_499	1.625	0.072	0.074	0.048	0.892	0.494	499	0.05	12000	1000	1	500	111	1	0	1	12	13	1	1	0.0290469973890339	89	12	5798.26936962501
Simulation_500	1.876	0.015	0.293	0.102	1.833	0.381	500	0.05	12000	1000	1	500	111	1	0	1	0	1	1	-1	-1	-1	-1	3691.24656786714
