"Sim_index" "S" "omega_P" "sigma_e" "disp_shape" "disp_scale" "seed" "divergence_factor" "max_species" "max_coex_sp" "start_species" "init_ab" "grid_cell_distance" "finished" "final_timestep" "initial_nb_species" "final_nb_species" "sp_events" "ex_events" "exchanged" "prop_col_area" "div_col" "dist_to_isthmus"
"1" "Simulation_1" 1.998 0.175 0.078 1.75 0.55 1 0.05 12000 1000 1 500 111 1 0 1 54 54 0 1 0.890898483080513 6 5001.03736907651
"2" "Simulation_2" 2.501 0.112 0.114 1.123 0.776 2 0.05 12000 1000 1 500 111 1 0 1 8 8 0 0 -1 -1 3762.13311525327
"3" "Simulation_3" 1.495 0.238 0.041 2.377 0.324 3 0.05 12000 1000 1 500 111 1 0 1 1 1 0 0 -1 -1 7559.69174714884
"4" "Simulation_4" 1.747 0.143 0.096 0.809 0.889 4 0.05 12000 1000 1 500 111 1 0 1 1 1 0 0 -1 -1 4315.61496103444
"5" "Simulation_5" 2.752 0.269 0.023 2.064 0.437 5 0.05 12000 1000 1 500 111 1 0 1 33 33 0 1 0.00058343057176196 3 4590.68215608864
"6" "Simulation_6" 2.25 0.08 0.059 1.436 0.211 6 0.05 12000 1000 1 500 111 1 0 1 16 16 0 0 -1 -1 4093.51623906417
"7" "Simulation_7" 1.244 0.206 0.132 2.691 0.663 7 0.05 12000 1000 1 500 111 0 16 1 3147 3148 1 1 0.00175029171528588 134 5320.18830341458
"8" "Simulation_8" 1.369 0.128 0.05 2.221 0.606 8 0.05 12000 1000 1 500 111 1 0 1 649 649 0 0 -1 -1 5190.0987741751
"9" "Simulation_9" 2.375 0.253 0.123 0.966 0.155 9 0.05 12000 1000 1 500 111 1 0 1 1158 1158 0 0 -1 -1 8498.93780128905
"10" "Simulation_10" 2.878 0.065 0.087 2.848 0.381 10 0.05 12000 1000 1 500 111 1 0 1 1 1 0 0 -1 -1 6995.26385462569
"11" "Simulation_11" 1.872 0.19 0.014 1.593 0.832 11 0.05 12000 1000 1 500 111 1 0 1 28 28 0 1 0.11901983663944 2 1664.48807336653
"12" "Simulation_12" 1.621 0.096 0.141 1.907 0.494 12 0.05 12000 1000 1 500 111 1 0 1 638 638 0 0 -1 -1 6650.3942791647
"13" "Simulation_13" 2.627 0.222 0.068 0.652 0.945 13 0.05 12000 1000 1 500 111 1 0 1 1 1 0 1 -1 -1 4117.02649810125
"14" "Simulation_14" 2.124 0.159 0.032 2.534 0.719 14 0.05 12000 1000 1 500 111 1 0 1 3 3 0 0 -1 -1 6302.56369082561
"15" "Simulation_15" 1.118 0.285 0.105 1.279 0.268 15 0.05 12000 1000 1 500 111 0 121 1 4949 4949 0 1 0.432905484247375 3 6549.71868150346
"16" "Simulation_16" 1.181 0.167 0.128 1.515 0.352 16 0.05 12000 1000 1 500 111 0 133 1 4096 4097 1 1 0.998249708284714 3820 555.97550588742
"17" "Simulation_17" 2.187 0.293 0.055 2.77 0.804 17 0.05 12000 1000 1 500 111 1 0 1 4 4 0 1 0.982497082847141 2 2045.98239145797
"18" "Simulation_18" 2.69 0.104 0.018 0.887 0.578 18 0.05 12000 1000 1 500 111 1 0 1 5 5 0 0 -1 -1 6718.65579613308
"19" "Simulation_19" 1.684 0.23 0.091 2.142 0.126 19 0.05 12000 1000 1 500 111 1 0 1 1 1 0 0 -1 -1 1552.92738212813
"20" "Simulation_20" 1.935 0.073 0.073 1.201 0.691 20 0.05 12000 1000 1 500 111 1 0 1 11 11 0 0 -1 -1 9222.50027731847
"21" "Simulation_21" 2.941 0.198 0.146 2.456 0.239 21 0.05 12000 1000 1 500 111 1 0 1 1 1 0 0 -1 -1 6301.66816041662
"22" "Simulation_22" 2.438 0.135 0.109 0.574 0.465 22 0.05 12000 1000 1 500 111 1 0 1 2 2 0 1 0.817969661610268 2 4575.03916427891
"23" "Simulation_23" 1.432 0.261 0.037 1.828 0.917 23 0.05 12000 1000 1 500 111 1 0 1 1 1 0 0 -1 -1 4670.52110620269
"24" "Simulation_24" 1.306 0.088 0.082 2.613 0.861 24 0.05 12000 1000 1 500 111 1 0 1 29 29 0 0 -1 -1 7368.24017502957
"25" "Simulation_25" 2.312 0.214 0.009 1.358 0.409 25 0.05 12000 1000 1 500 111 1 0 1 87 87 0 0 -1 -1 7389.71087218404
"26" "Simulation_26" 2.815 0.151 0.046 1.985 0.183 26 0.05 12000 1000 1 500 111 1 0 1 2 2 0 0 -1 -1 5400.59266823569
"27" "Simulation_27" 1.809 0.277 0.118 0.73 0.635 27 0.05 12000 1000 1 500 111 1 0 1 1 1 0 1 -1 -1 7997.29837661835
"28" "Simulation_28" 1.558 0.12 0.027 2.926 0.296 28 0.05 12000 1000 1 500 111 1 0 1 1 1 0 0 -1 -1 3754.50500424678
"29" "Simulation_29" 2.564 0.245 0.1 1.672 0.748 29 0.05 12000 1000 1 500 111 1 0 1 1 1 0 0 -1 -1 7411.3118567694
"30" "Simulation_30" 2.061 0.057 0.137 2.299 0.974 30 0.05 12000 1000 1 500 111 1 0 1 3 3 0 0 -1 -1 6687.03532426982
"31" "Simulation_31" 1.055 0.183 0.064 1.044 0.522 31 0.05 12000 1000 1 500 111 1 0 1 1149 1149 0 1 0.991248541423571 399 3689.47632696365
"32" "Simulation_32" 1.086 0.116 0.093 1.946 0.734 32 0.05 12000 1000 1 500 111 1 0 1 12 12 0 0 -1 -1 6181.66858616111
"33" "Simulation_33" 2.092 0.242 0.021 0.691 0.282 33 0.05 12000 1000 1 500 111 1 0 1 8 8 0 1 0.945740956826138 4 6340.5943928399
"34" "Simulation_34" 2.595 0.053 0.057 2.574 0.508 34 0.05 12000 1000 1 500 111 1 0 1 2328 2328 0 0 -1 -1 6963.3531814872
"35" "Simulation_35" 1.589 0.179 0.13 1.319 0.959 35 0.05 12000 1000 1 500 111 1 0 1 19 19 0 1 0.96732788798133 5 4699.54385083562
"36" "Simulation_36" 1.841 0.084 0.039 2.26 0.395 36 0.05 12000 1000 1 500 111 1 0 1 21 21 0 0 -1 -1 4766.6239172548
"37" "Simulation_37" 2.847 0.21 0.112 1.005 0.846 37 0.05 12000 1000 1 500 111 1 0 1 1 1 0 0 -1 -1 4998.78882387969
"38" "Simulation_38" 2.344 0.147 0.148 2.887 0.621 38 0.05 12000 1000 1 500 111 1 0 1 67 67 0 0 -1 -1 3356.88570176958
"39" "Simulation_39" 1.338 0.273 0.075 1.632 0.169 39 0.05 12000 1000 1 500 111 1 0 1 1 1 0 0 -1 -1 5282.74937996616
"40" "Simulation_40" 1.464 0.069 0.121 0.848 0.225 40 0.05 12000 1000 1 500 111 1 0 1 825 827 2 0 -1 -1 732.738316881861
"41" "Simulation_41" 2.47 0.194 0.048 2.103 0.677 41 0.05 12000 1000 1 500 111 1 0 1 36 36 0 1 0.970828471411902 13 3933.09309433022
"42" "Simulation_42" 2.972 0.132 0.012 1.475 0.903 42 0.05 12000 1000 1 500 111 1 0 1 21 21 0 0 -1 -1 6358.5869410463
"43" "Simulation_43" 1.967 0.257 0.084 2.73 0.451 43 0.05 12000 1000 1 500 111 1 0 1 72 72 0 0 -1 -1 4808.27846027052
"44" "Simulation_44" 1.715 0.163 0.066 0.534 0.79 44 0.05 12000 1000 1 500 111 1 0 1 1 1 0 1 -1 -1 4027.90217514412
"45" "Simulation_45" 2.721 0.289 0.139 1.789 0.338 45 0.05 12000 1000 1 500 111 1 0 1 230 230 0 1 0.00058343057176196 -1 6549.71868150346
"46" "Simulation_46" 2.218 0.1 0.103 1.162 0.112 46 0.05 12000 1000 1 500 111 1 0 1 1 1 0 0 -1 -1 4168.5546184613
"47" "Simulation_47" 1.212 0.226 0.03 2.417 0.564 47 0.05 12000 1000 1 500 111 0 98 1 3091 3091 0 1 0.00116686114352392 27 6043.13990294183
"48" "Simulation_48" 1.149 0.108 0.043 2.966 0.988 48 0.05 12000 1000 1 500 111 1 0 1 1 1 0 0 -1 -1 5253.79958759889
"49" "Simulation_49" 2.155 0.234 0.116 1.711 0.536 49 0.05 12000 1000 1 500 111 1 0 1 18 18 0 1 0.00058343057176196 3 3306.24181328875
"50" "Simulation_50" 2.658 0.171 0.08 2.338 0.31 50 0.05 12000 1000 1 500 111 1 0 1 1 1 0 0 -1 -1 5495.47442780051
"51" "Simulation_51" 1.652 0.297 0.007 1.083 0.762 51 0.05 12000 1000 1 500 111 1 0 1 4 4 0 1 0.960910151691949 4 3357.08775400769
"52" "Simulation_52" 1.904 0.139 0.134 2.652 0.197 52 0.05 12000 1000 1 500 111 1 0 1 1 1 0 0 -1 -1 6073.87692247689
"53" "Simulation_53" 2.91 0.265 0.062 1.397 0.649 53 0.05 12000 1000 1 500 111 1 0 1 1 1 0 0 -1 -1 4983.82074896393
"54" "Simulation_54" 2.407 0.077 0.025 2.025 0.875 54 0.05 12000 1000 1 500 111 1 0 1 1 1 0 0 -1 -1 9061.21221229422
"55" "Simulation_55" 1.401 0.202 0.098 0.77 0.423 55 0.05 12000 1000 1 500 111 1 0 1 10 10 0 1 0.946907817969662 4 5267.60625947828
"56" "Simulation_56" 1.275 0.155 0.016 1.24 0.479 56 0.05 12000 1000 1 500 111 1 0 1 63 63 0 1 0.00058343057176196 -1 9222.50027731847
"57" "Simulation_57" 2.281 0.281 0.089 2.495 0.931 57 0.05 12000 1000 1 500 111 1 0 1 2 2 0 1 0.68144690781797 2 2766.17908302429
"58" "Simulation_58" 2.784 0.092 0.125 0.613 0.705 58 0.05 12000 1000 1 500 111 1 0 1 14 14 0 1 0.884480746791132 8 4720.94704641301
"59" "Simulation_59" 1.778 0.218 0.052 1.868 0.254 59 0.05 12000 1000 1 500 111 1 0 1 1 1 0 0 -1 -1 7696.32943958617
"60" "Simulation_60" 1.527 0.061 0.107 1.554 0.592 60 0.05 12000 1000 1 500 111 1 0 1 51 52 1 0 -1 -1 3507.91241748923
"61" "Simulation_61" 2.532 0.187 0.034 2.809 0.141 61 0.05 12000 1000 1 500 111 1 0 1 1 1 0 0 -1 -1 5842.49212074588
"62" "Simulation_62" 2.029 0.124 0.071 0.926 0.366 62 0.05 12000 1000 1 500 111 1 0 1 9 9 0 0 -1 -1 6560.58842124942
"63" "Simulation_63" 1.024 0.249 0.143 2.181 0.818 63 0.05 12000 1000 1 500 111 1 0 1 1 1 0 0 -1 -1 8796.93187612236
"64" "Simulation_64" 1.039 0.149 0.07 2.515 0.289 64 0.05 12000 1000 1 500 111 1 0 1 1 1 0 0 -1 -1 4343.26353493817
"65" "Simulation_65" 2.045 0.275 0.142 1.26 0.741 65 0.05 12000 1000 1 500 111 1 0 1 3 3 0 1 0.941073512252042 2 1483.12134366345
"66" "Simulation_66" 2.548 0.086 0.106 1.887 0.966 66 0.05 12000 1000 1 500 111 1 0 1 1 1 0 0 -1 -1 5774.07279539982
"67" "Simulation_67" 1.542 0.212 0.033 0.632 0.515 67 0.05 12000 1000 1 500 111 1 0 1 1 1 0 1 -1 -1 4496.46340634304
"68" "Simulation_68" 1.794 0.055 0.124 2.828 0.854 68 0.05 12000 1000 1 500 111 1 0 1 8 8 0 0 -1 -1 5063.32173406938
"69" "Simulation_69" 2.8 0.181 0.051 1.574 0.402 69 0.05 12000 1000 1 500 111 1 0 1 29 29 0 0 -1 -1 4722.8953417331
"70" "Simulation_70" 2.297 0.118 0.015 2.201 0.176 70 0.05 12000 1000 1 500 111 1 0 1 1 1 0 0 -1 -1 3320.12169378307
"71" "Simulation_71" 1.291 0.244 0.088 0.946 0.628 71 0.05 12000 1000 1 500 111 1 0 1 11 11 0 1 0.984247374562427 4 5059.36370996829
"72" "Simulation_72" 1.417 0.102 0.024 1.73 0.684 72 0.05 12000 1000 1 500 111 1 0 1 7 7 0 0 -1 -1 6171.14704136259
"73" "Simulation_73" 2.422 0.228 0.097 2.985 0.232 73 0.05 12000 1000 1 500 111 1 0 1 1 1 0 0 -1 -1 6239.84933958189
"74" "Simulation_74" 2.925 0.165 0.133 1.103 0.458 74 0.05 12000 1000 1 500 111 1 0 1 10 10 0 1 0.826137689614936 3 5345.14109312398
"75" "Simulation_75" 1.919 0.291 0.06 2.358 0.91 75 0.05 12000 1000 1 500 111 1 0 1 1 1 0 1 -1 -1 2624.93384233548
"76" "Simulation_76" 1.668 0.133 0.079 1.417 0.345 76 0.05 12000 1000 1 500 111 1 0 1 1541 1541 0 1 0.929988331388565 67 5659.62273670683
"77" "Simulation_77" 2.674 0.259 0.006 2.672 0.797 77 0.05 12000 1000 1 500 111 1 0 1 1 1 0 0 -1 -1 7245.38389768401
"78" "Simulation_78" 2.171 0.071 0.042 0.789 0.571 78 0.05 12000 1000 1 500 111 1 0 1 1 1 0 0 -1 -1 4532.36379714272
"79" "Simulation_79" 1.165 0.196 0.115 2.044 0.119 79 0.05 12000 1000 1 500 111 1 0 1 1 1 0 0 -1 -1 3690.24158862001
"80" "Simulation_80" 1.228 0.078 0.101 2.123 0.543 80 0.05 12000 1000 1 500 111 0 68 1 3473 3476 3 0 -1 -1 8765.03829186187
"81" "Simulation_81" 2.234 0.204 0.029 0.868 0.995 81 0.05 12000 1000 1 500 111 1 0 1 1 1 0 1 -1 -1 2914.83474279039
"82" "Simulation_82" 2.737 0.141 0.065 2.75 0.769 82 0.05 12000 1000 1 500 111 1 0 1 1 1 0 0 -1 -1 5578.96514522013
"83" "Simulation_83" 1.731 0.267 0.138 1.495 0.317 83 0.05 12000 1000 1 500 111 1 0 1 1617 1617 0 1 0.00058343057176196 5 6467.79155222795
"84" "Simulation_84" 1.982 0.173 0.01 1.809 0.656 84 0.05 12000 1000 1 500 111 1 0 1 1 1 0 0 -1 -1 4637.2799523033
"85" "Simulation_85" 2.988 0.299 0.083 0.554 0.204 85 0.05 12000 1000 1 500 111 1 0 1 1 1 0 1 -1 -1 3503.21288259383
"86" "Simulation_86" 2.485 0.11 0.12 2.436 0.43 86 0.05 12000 1000 1 500 111 1 0 1 675 675 0 0 -1 -1 7156.66258746864
"87" "Simulation_87" 1.479 0.236 0.047 1.181 0.882 87 0.05 12000 1000 1 500 111 1 0 1 5 5 0 1 0.93465577596266 -1 4883.87253906085
"88" "Simulation_88" 1.354 0.126 0.147 0.711 0.938 88 0.05 12000 1000 1 500 111 1 0 1 57 57 0 1 0.946907817969662 43 6001.45683811936
"89" "Simulation_89" 2.36 0.251 0.074 1.966 0.486 89 0.05 12000 1000 1 500 111 1 0 1 581 581 0 1 0.00058343057176196 14 7051.26976976229
"90" "Simulation_90" 2.862 0.063 0.038 1.338 0.261 90 0.05 12000 1000 1 500 111 1 0 1 1250 1250 0 0 -1 -1 7740.84499657775
"91" "Simulation_91" 1.857 0.189 0.11 2.593 0.712 91 0.05 12000 1000 1 500 111 1 0 1 53 53 0 1 0.942240373395566 5 5196.33664682793
"92" "Simulation_92" 1.605 0.094 0.056 1.025 0.148 92 0.05 12000 1000 1 500 111 0 46 1 4677 4677 0 0 -1 -1 6595.18789989823
"93" "Simulation_93" 2.611 0.22 0.129 2.279 0.599 93 0.05 12000 1000 1 500 111 1 0 1 58 58 0 1 0.00058343057176196 -1 6978.42618697144
"94" "Simulation_94" 2.108 0.157 0.092 1.652 0.825 94 0.05 12000 1000 1 500 111 1 0 1 4 4 0 1 0.712368728121354 -1 7986.69342381354
"95" "Simulation_95" 1.102 0.283 0.02 2.907 0.374 95 0.05 12000 1000 1 500 111 1 0 1 126 126 0 1 0.896149358226371 126 2743.48215804232
"96" "Simulation_96" 1.071 0.082 0.14 1.377 0.557 96 0.05 12000 1000 1 500 111 1 0 1 65 67 2 0 -1 -1 7850.84138546989
"97" "Simulation_97" 2.077 0.208 0.067 2.632 0.105 97 0.05 12000 1000 1 500 111 1 0 1 1 1 0 0 -1 -1 7518.43177697761
"98" "Simulation_98" 2.58 0.145 0.031 0.75 0.331 98 0.05 12000 1000 1 500 111 1 0 1 13 13 0 1 0.690198366394399 -1 7761.98951339721
"99" "Simulation_99" 1.574 0.271 0.104 2.005 0.783 99 0.05 12000 1000 1 500 111 1 0 1 1 1 0 0 -1 -1 3830.93110583904
"100" "Simulation_100" 1.825 0.114 0.049 1.691 0.444 100 0.05 12000 1000 1 500 111 1 0 1 181 181 0 0 -1 -1 1757.67242040909
"101" "Simulation_101" 2.831 0.24 0.122 2.946 0.896 101 0.05 12000 1000 1 500 111 1 0 1 1 1 0 0 -1 -1 4808.3865548768
"102" "Simulation_102" 2.328 0.051 0.085 1.064 0.67 102 0.05 12000 1000 1 500 111 1 0 1 2 2 0 0 -1 -1 5963.72302127975
"103" "Simulation_103" 1.322 0.177 0.013 2.319 0.218 103 0.05 12000 1000 1 500 111 1 0 1 1 1 0 0 -1 -1 7917.63589749742
"104" "Simulation_104" 1.448 0.161 0.113 2.789 0.162 104 0.05 12000 1000 1 500 111 1 0 1 1 1 0 0 -1 -1 6579.08196400559
"105" "Simulation_105" 2.454 0.287 0.04 1.534 0.614 105 0.05 12000 1000 1 500 111 1 0 1 1 1 0 1 -1 -1 6503.04896795003
"106" "Simulation_106" 2.957 0.098 0.076 2.162 0.839 106 0.05 12000 1000 1 500 111 1 0 1 1 1 0 0 -1 -1 6157.98801699524
"107" "Simulation_107" 1.951 0.224 0.149 0.907 0.388 107 0.05 12000 1000 1 500 111 1 0 1 1 1 0 0 -1 -1 7653.93871589667
"108" "Simulation_108" 1.699 0.067 0.022 2.475 0.952 108 0.05 12000 1000 1 500 111 1 0 1 22 22 0 0 -1 -1 5528.48319084843
"109" "Simulation_109" 2.705 0.192 0.095 1.221 0.501 109 0.05 12000 1000 1 500 111 1 0 1 4 4 0 1 0.91073512252042 -1 3209.58452967885
"110" "Simulation_110" 2.202 0.13 0.131 1.848 0.275 110 0.05 12000 1000 1 500 111 1 0 1 1 1 0 0 -1 -1 6309.86081399374
"111" "Simulation_111" 1.196 0.255 0.058 0.593 0.726 111 0.05 12000 1000 1 500 111 1 0 1 1 1 0 1 -1 -1 5637.75734313355
"112" "Simulation_112" 1.134 0.137 0.035 0.985 0.811 112 0.05 12000 1000 1 500 111 1 0 1 86 86 0 1 0.91365227537923 16 8366.9489763119
"113" "Simulation_113" 2.139 0.263 0.108 2.24 0.359 113 0.05 12000 1000 1 500 111 1 0 1 11 11 0 0 -1 -1 5661.4148529565
"114" "Simulation_114" 2.642 0.075 0.145 1.613 0.134 114 0.05 12000 1000 1 500 111 1 0 1 1 1 0 0 -1 -1 7854.25625044967
"115" "Simulation_115" 1.637 0.2 0.072 2.868 0.585 115 0.05 12000 1000 1 500 111 1 0 1 394 394 0 0 -1 -1 5168.99531863644
"116" "Simulation_116" 1.888 0.106 0.09 0.672 0.246 116 0.05 12000 1000 1 500 111 1 0 1 4 4 0 0 -1 -1 5831.54040527573
"117" "Simulation_117" 2.894 0.232 0.017 1.926 0.698 117 0.05 12000 1000 1 500 111 1 0 1 1 1 0 0 -1 -1 4670.52110620269
"118" "Simulation_118" 2.391 0.169 0.054 1.299 0.924 118 0.05 12000 1000 1 500 111 1 0 1 1 1 0 0 -1 -1 5614.36213515407
"119" "Simulation_119" 1.385 0.295 0.126 2.554 0.472 119 0.05 12000 1000 1 500 111 0 17 1 3650 3650 0 1 0.920070011668611 242 4670.52110620269
"120" "Simulation_120" 1.259 0.059 0.063 1.77 0.416 120 0.05 12000 1000 1 500 111 0 81 1 3456 3457 1 0 -1 -1 5419.41937386277
"121" "Simulation_121" 2.265 0.185 0.136 0.515 0.868 121 0.05 12000 1000 1 500 111 1 0 1 1 1 0 1 -1 -1 3113.8588736223
"122" "Simulation_122" 2.768 0.122 0.099 2.397 0.642 122 0.05 12000 1000 1 500 111 1 0 1 20 20 0 0 -1 -1 7630.40911363395
"123" "Simulation_123" 1.762 0.247 0.026 1.142 0.19 123 0.05 12000 1000 1 500 111 0 7 1 6417 6417 0 0 -1 -1 7169.90710690623
"124" "Simulation_124" 1.511 0.153 0.117 2.083 0.755 124 0.05 12000 1000 1 500 111 1 0 1 2 3 1 0 -1 -1 4972.84699010762
"125" "Simulation_125" 2.517 0.279 0.045 0.828 0.303 125 0.05 12000 1000 1 500 111 1 0 1 4 4 0 1 0.986581096849475 3 4452.92480202082
"126" "Simulation_126" 2.014 0.09 0.008 2.711 0.529 126 0.05 12000 1000 1 500 111 1 0 1 188 188 0 0 -1 -1 5419.93993469031
"127" "Simulation_127" 1.008 0.216 0.081 1.456 0.981 127 0.05 12000 1000 1 500 111 1 0 1 1 1 0 0 -1 -1 7169.19158227892
"128" "Simulation_128" 1.016 0.133 0.119 2.858 0.518 128 0.05 12000 1000 1 500 111 1 0 1 568 568 0 0 -1 -1 7411.3118567694
"129" "Simulation_129" 2.022 0.258 0.046 1.603 0.97 129 0.05 12000 1000 1 500 111 1 0 1 1 1 0 0 -1 -1 7189.60388712162
"130" "Simulation_130" 2.525 0.07 0.01 2.23 0.744 130 0.05 12000 1000 1 500 111 1 0 1 6 6 0 0 -1 -1 4541.80020140912
"131" "Simulation_131" 1.519 0.195 0.083 0.975 0.292 131 0.05 12000 1000 1 500 111 1 0 1 652 652 0 0 -1 -1 4958.06767847224
"132" "Simulation_132" 1.77 0.101 0.064 2.544 0.631 132 0.05 12000 1000 1 500 111 1 0 1 177 177 0 0 -1 -1 3937.49729514153
"133" "Simulation_133" 2.776 0.227 0.137 1.289 0.179 133 0.05 12000 1000 1 500 111 1 0 1 5 5 0 0 -1 -1 6106.10250832712
"134" "Simulation_134" 2.273 0.164 0.101 1.917 0.405 134 0.05 12000 1000 1 500 111 1 0 1 113 113 0 1 0.795799299883314 3 4842.25363161903
"135" "Simulation_135" 1.267 0.29 0.028 0.662 0.857 135 0.05 12000 1000 1 500 111 1 0 1 1 1 0 1 -1 -1 5935.92733825037
"136" "Simulation_136" 1.393 0.054 0.092 1.132 0.914 136 0.05 12000 1000 1 500 111 1 0 1 5 5 0 0 -1 -1 6538.9493587497
"137" "Simulation_137" 2.399 0.18 0.019 2.387 0.462 137 0.05 12000 1000 1 500 111 1 0 1 10 10 0 0 -1 -1 3628.7631689924
"138" "Simulation_138" 2.902 0.117 0.055 0.505 0.236 138 0.05 12000 1000 1 500 111 1 0 1 4 4 0 1 0.79171528588098 3 5784.29877165774
"139" "Simulation_139" 1.896 0.243 0.128 1.76 0.688 139 0.05 12000 1000 1 500 111 1 0 1 1 1 0 0 -1 -1 2877.88095398614
"140" "Simulation_140" 1.644 0.148 0.037 1.446 0.123 140 0.05 12000 1000 1 500 111 1 0 1 1 1 0 0 -1 -1 6776.31225181587
"141" "Simulation_141" 2.65 0.274 0.11 2.701 0.575 141 0.05 12000 1000 1 500 111 1 0 1 159 159 0 1 0.984247374562427 15 5652.11615565373
"142" "Simulation_142" 2.147 0.085 0.146 0.819 0.801 142 0.05 12000 1000 1 500 111 1 0 1 5 5 0 0 -1 -1 5331.51212154335
"143" "Simulation_143" 1.141 0.211 0.074 2.074 0.349 143 0.05 12000 1000 1 500 111 1 0 1 81 81 0 0 -1 -1 6142.10225292981
"144" "Simulation_144" 1.204 0.093 0.014 1.995 0.321 144 0.05 12000 1000 1 500 111 1 0 1 11 11 0 0 -1 -1 4980.041991029
"145" "Simulation_145" 2.21 0.219 0.087 0.74 0.772 145 0.05 12000 1000 1 500 111 1 0 1 1 1 0 1 -1 -1 6263.41192486067
"146" "Simulation_146" 2.713 0.156 0.124 2.623 0.998 146 0.05 12000 1000 1 500 111 1 0 1 2 2 0 0 -1 -1 7815.80419642317
"147" "Simulation_147" 1.707 0.282 0.051 1.368 0.546 147 0.05 12000 1000 1 500 111 1 0 1 1 1 0 0 -1 -1 8760.74466448168
"148" "Simulation_148" 1.959 0.125 0.105 2.309 0.885 148 0.05 12000 1000 1 500 111 1 0 1 1 1 0 0 -1 -1 2625.37636668082
"149" "Simulation_149" 2.965 0.25 0.033 1.054 0.434 149 0.05 12000 1000 1 500 111 1 0 1 1 1 0 0 -1 -1 7785.21491489508
"150" "Simulation_150" 2.462 0.062 0.069 2.936 0.208 150 0.05 12000 1000 1 500 111 1 0 1 8 8 0 0 -1 -1 4569.65284794973
"151" "Simulation_151" 1.456 0.188 0.142 1.681 0.659 151 0.05 12000 1000 1 500 111 1 0 1 31 31 0 1 0.953908984830805 13 6630.54046851625
"152" "Simulation_152" 1.33 0.172 0.042 0.897 0.716 152 0.05 12000 1000 1 500 111 1 0 1 1 1 0 0 -1 -1 5592.88395342486
"153" "Simulation_153" 2.336 0.298 0.114 2.152 0.264 153 0.05 12000 1000 1 500 111 1 0 1 1 1 0 1 -1 -1 4559.84296260248
"154" "Simulation_154" 2.839 0.109 0.078 1.525 0.49 154 0.05 12000 1000 1 500 111 1 0 1 35 35 0 0 -1 -1 1524.95478957718
"155" "Simulation_155" 1.833 0.235 0.005 2.779 0.942 155 0.05 12000 1000 1 500 111 1 0 1 1 1 0 0 -1 -1 6745.09467722558
"156" "Simulation_156" 1.582 0.078 0.133 0.583 0.377 156 0.05 12000 1000 1 500 111 1 0 1 7 7 0 1 0.557176196032672 2 3730.30261984419
"157" "Simulation_157" 2.587 0.203 0.06 1.838 0.829 157 0.05 12000 1000 1 500 111 1 0 1 14 14 0 1 0.952158693115519 6 6239.84933958189
"158" "Simulation_158" 2.084 0.14 0.023 1.211 0.603 158 0.05 12000 1000 1 500 111 1 0 1 73 73 0 1 0.863477246207701 6 4879.46820733278
"159" "Simulation_159" 1.079 0.266 0.096 2.466 0.151 159 0.05 12000 1000 1 500 111 1 0 1 69 69 0 1 0.894982497082847 69 3886.44739626873
"160" "Simulation_160" 1.11 0.066 0.053 1.485 0.786 160 0.05 12000 1000 1 500 111 1 0 1 4 4 0 0 -1 -1 4046.00345380225
"161" "Simulation_161" 2.116 0.191 0.126 2.74 0.335 161 0.05 12000 1000 1 500 111 1 0 1 1 1 0 0 -1 -1 5021.62989312868
"162" "Simulation_162" 2.619 0.129 0.089 0.858 0.109 162 0.05 12000 1000 1 500 111 1 0 1 494 494 0 0 -1 -1 7756.40543845935
"163" "Simulation_163" 1.613 0.254 0.017 2.113 0.561 163 0.05 12000 1000 1 500 111 1 0 1 902 902 0 1 0.00058343057176196 25 3405.74546621041
"164" "Simulation_164" 1.864 0.16 0.144 1.172 0.222 164 0.05 12000 1000 1 500 111 1 0 1 636 636 0 1 0.0816802800466744 2 6963.47620101275
"165" "Simulation_165" 2.87 0.286 0.071 2.426 0.674 165 0.05 12000 1000 1 500 111 1 0 1 6 6 0 1 0.971995332555426 3 3785.28495538238
"166" "Simulation_166" 2.367 0.097 0.035 0.544 0.899 166 0.05 12000 1000 1 500 111 1 0 1 1 1 0 1 -1 -1 5956.9148530769
"167" "Simulation_167" 1.361 0.223 0.108 1.799 0.448 167 0.05 12000 1000 1 500 111 0 43 1 3045 3045 0 1 0.00116686114352392 36 6409.71588185469
"168" "Simulation_168" 1.487 0.113 0.008 2.583 0.391 168 0.05 12000 1000 1 500 111 1 0 1 1 1 0 0 -1 -1 4859.35789477442
"169" "Simulation_169" 2.493 0.239 0.08 1.328 0.843 169 0.05 12000 1000 1 500 111 1 0 1 1 1 0 0 -1 -1 8328.76576146527
"170" "Simulation_170" 2.996 0.05 0.117 1.956 0.617 170 0.05 12000 1000 1 500 111 1 0 1 16 16 0 0 -1 -1 5483.78593256906
"171" "Simulation_171" 1.99 0.176 0.044 0.701 0.165 171 0.05 12000 1000 1 500 111 1 0 1 126 126 0 1 0.0530921820303384 3 6839.7828714371
"172" "Simulation_172" 1.739 0.081 0.099 2.897 0.73 172 0.05 12000 1000 1 500 111 1 0 1 60 60 0 0 -1 -1 6001.45683811936
"173" "Simulation_173" 2.745 0.207 0.026 1.642 0.278 173 0.05 12000 1000 1 500 111 1 0 1 347 347 0 0 -1 -1 7725.94177177867
"174" "Simulation_174" 2.242 0.144 0.062 2.27 0.504 174 0.05 12000 1000 1 500 111 1 0 1 114 114 0 0 -1 -1 2671.05922679478
"175" "Simulation_175" 1.236 0.27 0.135 1.015 0.956 175 0.05 12000 1000 1 500 111 1 0 1 1 1 0 1 -1 -1 6949.52317639359
"176" "Simulation_176" 1.173 0.152 0.085 0.623 0.589 176 0.05 12000 1000 1 500 111 1 0 1 47 47 0 1 0.945740956826138 36 6603.82011606501
"177" "Simulation_177" 2.179 0.278 0.012 1.877 0.137 177 0.05 12000 1000 1 500 111 1 0 1 1 1 0 0 -1 -1 7365.42675143335
"178" "Simulation_178" 2.682 0.089 0.048 1.25 0.363 178 0.05 12000 1000 1 500 111 1 0 1 59 59 0 0 -1 -1 6612.61632320115
"179" "Simulation_179" 1.676 0.215 0.121 2.505 0.815 179 0.05 12000 1000 1 500 111 1 0 1 13 13 0 1 0.956242707117853 4 5584.94781851817
"180" "Simulation_180" 1.927 0.058 0.03 0.936 0.476 180 0.05 12000 1000 1 500 111 1 0 1 3 3 0 0 -1 -1 6142.10225292981
"181" "Simulation_181" 2.933 0.184 0.103 2.191 0.928 181 0.05 12000 1000 1 500 111 1 0 1 37 37 0 1 0.952158693115519 12 4999.22665946651
"182" "Simulation_182" 2.43 0.121 0.139 1.564 0.702 182 0.05 12000 1000 1 500 111 1 0 1 1 1 0 0 -1 -1 5320.18830341458
"183" "Simulation_183" 1.424 0.246 0.067 2.819 0.25 183 0.05 12000 1000 1 500 111 1 0 1 1 1 0 0 -1 -1 5483.78593256906
"184" "Simulation_184" 1.299 0.105 0.13 2.348 0.194 184 0.05 12000 1000 1 500 111 1 0 1 5 5 0 0 -1 -1 5318.17211890596
"185" "Simulation_185" 2.305 0.231 0.058 1.093 0.645 185 0.05 12000 1000 1 500 111 1 0 1 1 1 0 0 -1 -1 7367.77841619707
"186" "Simulation_186" 2.807 0.168 0.021 2.975 0.871 186 0.05 12000 1000 1 500 111 1 0 1 1 1 0 0 -1 -1 3099.03240357897
"187" "Simulation_187" 1.802 0.294 0.094 1.721 0.419 187 0.05 12000 1000 1 500 111 0 16 1 3062 3062 0 1 0.99708284714119 85 6839.29330770343
"188" "Simulation_188" 1.55 0.136 0.076 2.034 0.984 188 0.05 12000 1000 1 500 111 1 0 1 1 1 0 0 -1 -1 5573.84720028238
"189" "Simulation_189" 2.556 0.262 0.149 0.779 0.532 189 0.05 12000 1000 1 500 111 1 0 1 1 1 0 1 -1 -1 5610.46434397701
"190" "Simulation_190" 2.053 0.074 0.112 2.662 0.306 190 0.05 12000 1000 1 500 111 1 0 1 1 1 0 0 -1 -1 1552.92738212813
"191" "Simulation_191" 1.047 0.199 0.039 1.407 0.758 191 0.05 12000 1000 1 500 111 1 0 1 385 385 0 1 0.991248541423571 161 9137.21873101511
"192" "Simulation_192" 1.031 0.099 0.111 1.113 0.328 192 0.05 12000 1000 1 500 111 0 134 1 3584 3588 4 0 -1 -1 7926.04820555126
"193" "Simulation_193" 2.037 0.225 0.038 2.368 0.779 193 0.05 12000 1000 1 500 111 1 0 1 4 4 0 1 0.94049008168028 -1 7878.56106280671
"194" "Simulation_194" 2.54 0.162 0.075 1.74 0.554 194 0.05 12000 1000 1 500 111 1 0 1 23 24 1 1 0.496499416569428 -1 5566.33120380901
"195" "Simulation_195" 1.534 0.288 0.147 2.995 0.102 195 0.05 12000 1000 1 500 111 1 0 1 1 1 0 0 -1 -1 6620.03441066183
"196" "Simulation_196" 1.786 0.131 0.02 0.799 0.666 196 0.05 12000 1000 1 500 111 1 0 1 8 8 0 1 0.767211201866978 3 5168.99531863644
"197" "Simulation_197" 2.792 0.256 0.093 2.054 0.215 197 0.05 12000 1000 1 500 111 1 0 1 1 1 0 0 -1 -1 7363.78416136228
"198" "Simulation_198" 2.289 0.068 0.129 1.426 0.441 198 0.05 12000 1000 1 500 111 1 0 1 47 47 0 0 -1 -1 4252.61006046464
"199" "Simulation_199" 1.283 0.193 0.056 2.681 0.892 199 0.05 12000 1000 1 500 111 1 0 1 131 131 0 1 0.989498249708285 41 7001.86326496609
"200" "Simulation_200" 1.409 0.146 0.138 1.897 0.836 200 0.05 12000 1000 1 500 111 1 0 1 3 3 0 1 0.00058343057176196 -1 9144.61845421503
"201" "Simulation_201" 2.415 0.272 0.066 0.642 0.384 201 0.05 12000 1000 1 500 111 1 0 1 1 1 0 1 -1 -1 4418.27494481809
"202" "Simulation_202" 2.917 0.083 0.029 2.525 0.158 202 0.05 12000 1000 1 500 111 1 0 1 1 1 0 0 -1 -1 7292.02740796341
"203" "Simulation_203" 1.912 0.209 0.102 1.27 0.61 203 0.05 12000 1000 1 500 111 1 0 1 6 6 0 1 0.927654609101517 -1 4466.20248222878
"204" "Simulation_204" 1.66 0.052 0.047 2.211 0.271 204 0.05 12000 1000 1 500 111 1 0 1 1 1 0 0 -1 -1 4434.3719868197
"205" "Simulation_205" 2.666 0.178 0.12 0.956 0.723 205 0.05 12000 1000 1 500 111 1 0 1 1 1 0 0 -1 -1 6988.45503997363
"206" "Simulation_206" 2.163 0.115 0.084 2.838 0.949 206 0.05 12000 1000 1 500 111 1 0 1 2 2 0 0 -1 -1 5285.34962553335
"207" "Simulation_207" 1.157 0.241 0.011 1.583 0.497 207 0.05 12000 1000 1 500 111 0 44 1 2717 2717 0 1 0.99708284714119 95 7785.21491489508
"208" "Simulation_208" 1.22 0.123 0.061 1.348 0.13 208 0.05 12000 1000 1 500 111 1 0 1 1 1 0 0 -1 -1 5869.05437363622
"209" "Simulation_209" 2.226 0.248 0.134 2.603 0.582 209 0.05 12000 1000 1 500 111 1 0 1 177 177 0 1 0.00058343057176196 7 3099.03240357897
"210" "Simulation_210" 2.729 0.06 0.097 0.721 0.808 210 0.05 12000 1000 1 500 111 1 0 1 1 1 0 0 -1 -1 7143.86244494825
"211" "Simulation_211" 1.723 0.186 0.025 1.975 0.356 211 0.05 12000 1000 1 500 111 1 0 1 496 496 0 0 -1 -1 4708.1979613225
"212" "Simulation_212" 1.974 0.091 0.116 1.662 0.921 212 0.05 12000 1000 1 500 111 1 0 1 1 1 0 0 -1 -1 8886.1216601506
"213" "Simulation_213" 2.98 0.217 0.043 2.917 0.469 213 0.05 12000 1000 1 500 111 1 0 1 15 15 0 0 -1 -1 3546.50386339736
"214" "Simulation_214" 2.477 0.154 0.006 1.034 0.243 214 0.05 12000 1000 1 500 111 1 0 1 321 322 1 0 -1 -1 6930.89132331863
"215" "Simulation_215" 1.472 0.28 0.079 2.289 0.695 215 0.05 12000 1000 1 500 111 1 0 1 42 42 0 1 0.0227537922987165 11 6721.80222644619
"216" "Simulation_216" 1.346 0.076 0.034 2.76 0.638 216 0.05 12000 1000 1 500 111 0 27 1 3637 3637 0 0 -1 -1 7812.77787300933
"217" "Simulation_217" 2.352 0.201 0.106 1.505 0.186 217 0.05 12000 1000 1 500 111 1 0 1 1 1 0 0 -1 -1 6981.54328223822
"218" "Simulation_218" 2.855 0.138 0.143 2.132 0.412 218 0.05 12000 1000 1 500 111 1 0 1 438 438 0 0 -1 -1 7022.45598323232
"219" "Simulation_219" 1.849 0.264 0.07 0.877 0.864 219 0.05 12000 1000 1 500 111 1 0 1 1 1 0 1 -1 -1 6854.92895569027
"220" "Simulation_220" 1.597 0.17 0.088 2.446 0.525 220 0.05 12000 1000 1 500 111 1 0 1 817 817 0 1 0.956826137689615 255 3210.30571549069
"221" "Simulation_221" 2.603 0.296 0.016 1.191 0.977 221 0.05 12000 1000 1 500 111 1 0 1 1 1 0 1 -1 -1 7718.86333670905
"222" "Simulation_222" 2.1 0.107 0.052 1.819 0.751 222 0.05 12000 1000 1 500 111 1 0 1 1 1 0 0 -1 -1 2964.25159539152
"223" "Simulation_223" 1.094 0.233 0.125 0.564 0.299 223 0.05 12000 1000 1 500 111 1 0 1 30 30 0 1 0.986581096849475 26 7346.4638915888
"224" "Simulation_224" 1.063 0.166 0.027 2.172 0.963 224 0.05 12000 1000 1 500 111 1 0 1 1 1 0 0 -1 -1 7180.83230678593
"225" "Simulation_225" 2.069 0.292 0.1 0.917 0.511 225 0.05 12000 1000 1 500 111 1 0 1 5 5 0 1 0.956826137689615 5 3502.68028159587
"226" "Simulation_226" 2.572 0.103 0.136 2.799 0.285 226 0.05 12000 1000 1 500 111 1 0 1 1 1 0 0 -1 -1 5049.03547473719
"227" "Simulation_227" 1.566 0.229 0.063 1.544 0.737 227 0.05 12000 1000 1 500 111 1 0 1 1 1 0 0 -1 -1 6496.55457097068
"228" "Simulation_228" 1.817 0.072 0.081 1.858 0.172 228 0.05 12000 1000 1 500 111 1 0 1 13 13 0 0 -1 -1 3753.41737034906
"229" "Simulation_229" 2.823 0.197 0.009 0.603 0.624 229 0.05 12000 1000 1 500 111 1 0 1 1 1 0 1 -1 -1 7007.97257623309
"230" "Simulation_230" 2.32 0.134 0.045 2.485 0.85 230 0.05 12000 1000 1 500 111 1 0 1 1 1 0 0 -1 -1 8739.84211527411
"231" "Simulation_231" 1.314 0.26 0.118 1.23 0.398 231 0.05 12000 1000 1 500 111 0 6 1 2434 2434 0 1 0.998249708284714 218 5212.15468436656
"232" "Simulation_232" 1.44 0.087 0.072 0.76 0.455 232 0.05 12000 1000 1 500 111 1 0 1 8 8 0 0 -1 -1 4115.35834828071
"233" "Simulation_233" 2.446 0.213 0.145 2.015 0.906 233 0.05 12000 1000 1 500 111 1 0 1 1 1 0 0 -1 -1 8638.3866040427
"234" "Simulation_234" 2.949 0.15 0.109 1.387 0.681 234 0.05 12000 1000 1 500 111 1 0 1 38 38 0 1 0.873395565927655 4 488.835641350525
"235" "Simulation_235" 1.943 0.276 0.036 2.642 0.229 235 0.05 12000 1000 1 500 111 1 0 1 7 7 0 1 0.892065344224037 7 3541.15357138862
"236" "Simulation_236" 1.692 0.119 0.127 1.074 0.568 236 0.05 12000 1000 1 500 111 1 0 1 6 6 0 0 -1 -1 4781.82430198646
"237" "Simulation_237" 2.697 0.244 0.054 2.328 0.116 237 0.05 12000 1000 1 500 111 1 0 1 1 1 0 0 -1 -1 2683.12229750809
"238" "Simulation_238" 2.194 0.056 0.018 1.701 0.342 238 0.05 12000 1000 1 500 111 1 0 1 301 301 0 0 -1 -1 5239.49501736561
"239" "Simulation_239" 1.189 0.182 0.091 2.956 0.794 239 0.05 12000 1000 1 500 111 1 0 1 130 130 0 1 0.978996499416569 22 5552.40578262019
"240" "Simulation_240" 1.126 0.064 0.15 2.407 0.765 240 0.05 12000 1000 1 500 111 1 0 1 76 77 1 0 -1 -1 1304.25927246545
"241" "Simulation_241" 2.132 0.189 0.077 1.152 0.314 241 0.05 12000 1000 1 500 111 1 0 1 171 171 0 0 -1 -1 5136.54617794752
"242" "Simulation_242" 2.635 0.127 0.041 1.779 0.539 242 0.05 12000 1000 1 500 111 1 0 1 9 9 0 0 -1 -1 7850.84138546989
"243" "Simulation_243" 1.629 0.252 0.113 0.525 0.991 243 0.05 12000 1000 1 500 111 1 0 1 1 1 0 1 -1 -1 2176.94029133655
"244" "Simulation_244" 1.88 0.158 0.059 2.721 0.426 244 0.05 12000 1000 1 500 111 1 0 1 1 1 0 0 -1 -1 5263.50047585186
"245" "Simulation_245" 2.886 0.284 0.132 1.466 0.878 245 0.05 12000 1000 1 500 111 1 0 1 1 1 0 1 -1 -1 6423.64011025877
"246" "Simulation_246" 2.383 0.095 0.095 2.093 0.652 246 0.05 12000 1000 1 500 111 1 0 1 1 1 0 0 -1 -1 5658.58091785837
"247" "Simulation_247" 1.377 0.221 0.022 0.838 0.201 247 0.05 12000 1000 1 500 111 0 36 1 3579 3579 0 1 0.00175029171528588 100 7983.6670484006
"248" "Simulation_248" 1.251 0.142 0.104 1.623 0.257 248 0.05 12000 1000 1 500 111 1 0 1 223 223 0 0 -1 -1 7660.96475862483
"249" "Simulation_249" 2.257 0.268 0.031 2.877 0.709 249 0.05 12000 1000 1 500 111 1 0 1 48 48 0 1 0.00058343057176196 3 6205.29709561791
"250" "Simulation_250" 2.76 0.079 0.068 0.995 0.935 250 0.05 12000 1000 1 500 111 1 0 1 8 8 0 1 0.504084014002334 -1 5159.81459579406
"251" "Simulation_251" 1.754 0.205 0.141 2.25 0.483 251 0.05 12000 1000 1 500 111 0 25 1 4020 4020 0 1 0.00058343057176196 7 6084.31120074718
"252" "Simulation_252" 1.503 0.111 0.013 1.309 0.822 252 0.05 12000 1000 1 500 111 1 0 1 1 1 0 0 -1 -1 4627.05860059961
"253" "Simulation_253" 2.509 0.237 0.086 2.564 0.37 253 0.05 12000 1000 1 500 111 1 0 1 3 3 0 0 -1 -1 7545.63055935911
"254" "Simulation_254" 2.006 0.174 0.122 0.681 0.144 254 0.05 12000 1000 1 500 111 1 0 1 72 72 0 0 -1 -1 4219.80633261572
"255" "Simulation_255" 1 0.3 0.05 1.936 0.596 255 0.05 12000 1000 1 500 111 0 29 1 2762 2762 0 1 0.999416569428238 214 3213.37093903825
"256" "Simulation_256" 1.004 0.174 0.1 1.206 0.852 256 0.05 12000 1000 1 500 111 1 0 1 50 50 0 1 0.959159859976663 16 8924.45842110642
"257" "Simulation_257" 2.01 0.3 0.027 2.461 0.4 257 0.05 12000 1000 1 500 111 1 0 1 1 1 0 0 -1 -1 4774.30518380973
"258" "Simulation_258" 2.513 0.111 0.064 0.578 0.174 258 0.05 12000 1000 1 500 111 1 0 1 0 1 1 -1 -1 -1 7278.77314366829
"259" "Simulation_259" 1.507 0.237 0.136 1.833 0.626 259 0.05 12000 1000 1 500 111 1 0 1 19 19 0 0 -1 -1 7397.02531526167
"260" "Simulation_260" 1.758 0.08 0.009 1.52 0.287 260 0.05 12000 1000 1 500 111 1 0 1 4048 4048 0 0 -1 -1 7852.49702261032
"261" "Simulation_261" 2.764 0.206 0.082 2.775 0.739 261 0.05 12000 1000 1 500 111 1 0 1 2 2 0 0 -1 -1 5784.13678737143
"262" "Simulation_262" 2.261 0.143 0.118 0.892 0.965 262 0.05 12000 1000 1 500 111 1 0 1 1 1 0 0 -1 -1 5400.59266823569
"263" "Simulation_263" 1.255 0.269 0.045 2.147 0.513 263 0.05 12000 1000 1 500 111 1 0 1 2218 2218 0 1 0.00058343057176196 18 2176.94029133655
"264" "Simulation_264" 1.381 0.096 0.145 2.931 0.344 264 0.05 12000 1000 1 500 111 1 0 1 3 3 0 0 -1 -1 5430.17439650655
"265" "Simulation_265" 2.387 0.221 0.073 1.676 0.795 265 0.05 12000 1000 1 500 111 1 0 1 1 1 0 0 -1 -1 8739.84211527411
"266" "Simulation_266" 2.89 0.159 0.036 2.304 0.569 266 0.05 12000 1000 1 500 111 1 0 1 153 153 0 1 0.134189031505251 2 6560.47685419999
"267" "Simulation_267" 1.884 0.284 0.109 1.049 0.118 267 0.05 12000 1000 1 500 111 1 0 1 2 2 0 1 0.895565927654609 2 4838.82000545187
"268" "Simulation_268" 1.633 0.127 0.054 2.618 0.682 268 0.05 12000 1000 1 500 111 1 0 1 337 337 0 0 -1 -1 6355.45368578797
"269" "Simulation_269" 2.639 0.253 0.127 1.363 0.231 269 0.05 12000 1000 1 500 111 1 0 1 200 200 0 0 -1 -1 5915.67765581405
"270" "Simulation_270" 2.136 0.064 0.091 1.99 0.456 270 0.05 12000 1000 1 500 111 1 0 1 628 628 0 0 -1 -1 5985.53455018493
"271" "Simulation_271" 1.13 0.19 0.018 0.735 0.908 271 0.05 12000 1000 1 500 111 1 0 1 3 3 0 1 0.798133022170362 3 6902.27436359098
"272" "Simulation_272" 1.193 0.056 0.077 0.814 0.654 272 0.05 12000 1000 1 500 111 1 0 1 8 8 0 0 -1 -1 4704.44828943885
"273" "Simulation_273" 2.198 0.182 0.15 2.069 0.202 273 0.05 12000 1000 1 500 111 1 0 1 1 1 0 0 -1 -1 6669.55641238372
"274" "Simulation_274" 2.701 0.119 0.114 1.441 0.428 274 0.05 12000 1000 1 500 111 1 0 1 32 32 0 0 -1 -1 5970.40588988667
"275" "Simulation_275" 1.695 0.245 0.041 2.696 0.88 275 0.05 12000 1000 1 500 111 1 0 1 1 1 0 0 -1 -1 7411.3118567694
"276" "Simulation_276" 1.947 0.151 0.132 0.5 0.541 276 0.05 12000 1000 1 500 111 1 0 1 1 1 0 1 -1 -1 5087.23802365132
"277" "Simulation_277" 2.953 0.276 0.059 1.755 0.993 277 0.05 12000 1000 1 500 111 1 0 1 1 1 0 0 -1 -1 6473.08360060389
"278" "Simulation_278" 2.45 0.088 0.023 1.127 0.767 278 0.05 12000 1000 1 500 111 1 0 1 1 1 0 0 -1 -1 6152.01114356961
"279" "Simulation_279" 1.444 0.214 0.095 2.382 0.315 279 0.05 12000 1000 1 500 111 1 0 1 1 1 0 0 -1 -1 7693.39973588069
"280" "Simulation_280" 1.318 0.135 0.032 1.912 0.146 280 0.05 12000 1000 1 500 111 1 0 1 1 1 0 0 -1 -1 7007.97257623309
"281" "Simulation_281" 2.324 0.261 0.105 0.657 0.598 281 0.05 12000 1000 1 500 111 1 0 1 1 1 0 1 -1 -1 4362.8718932974
"282" "Simulation_282" 2.827 0.072 0.141 2.539 0.824 282 0.05 12000 1000 1 500 111 1 0 1 2 2 0 0 -1 -1 4704.44828943885
"283" "Simulation_283" 1.821 0.198 0.068 1.284 0.372 283 0.05 12000 1000 1 500 111 1 0 1 653 653 0 1 0.00058343057176196 2 4619.86342926407
"284" "Simulation_284" 1.57 0.104 0.086 2.225 0.936 284 0.05 12000 1000 1 500 111 1 0 1 5 5 0 0 -1 -1 4065.3642026683
"285" "Simulation_285" 2.576 0.229 0.014 0.971 0.485 285 0.05 12000 1000 1 500 111 1 0 1 1 1 0 0 -1 -1 4947.96292867723
"286" "Simulation_286" 2.073 0.166 0.05 2.853 0.259 286 0.05 12000 1000 1 500 111 1 0 1 1 1 0 0 -1 -1 5432.60640709706
"287" "Simulation_287" 1.067 0.292 0.123 1.598 0.711 287 0.05 12000 1000 1 500 111 1 0 1 2 2 0 1 0.907234539089848 -1 4574.17023547808
"288" "Simulation_288" 1.098 0.107 0.039 2.657 0.442 288 0.05 12000 1000 1 500 111 1 0 1 135 135 0 0 -1 -1 5636.04292628335
"289" "Simulation_289" 2.104 0.233 0.111 1.402 0.894 289 0.05 12000 1000 1 500 111 1 0 1 1 1 0 0 -1 -1 3925.97354549033
"290" "Simulation_290" 2.607 0.17 0.148 2.029 0.668 290 0.05 12000 1000 1 500 111 1 0 1 9 9 0 1 0.852392065344224 2 6804.93790822473
"291" "Simulation_291" 1.601 0.296 0.075 0.775 0.216 291 0.05 12000 1000 1 500 111 1 0 1 163 163 0 1 0.988331388564761 34 3754.50500424678
"292" "Simulation_292" 1.853 0.139 0.093 2.971 0.555 292 0.05 12000 1000 1 500 111 1 0 1 3284 3284 0 0 -1 -1 6918.79965236498
"293" "Simulation_293" 2.859 0.265 0.02 1.716 0.104 293 0.05 12000 1000 1 500 111 1 0 1 1 1 0 0 -1 -1 8006.82613238005
"294" "Simulation_294" 2.356 0.076 0.057 2.343 0.329 294 0.05 12000 1000 1 500 111 1 0 1 1 1 0 0 -1 -1 5366.02912300653
"295" "Simulation_295" 1.35 0.202 0.13 1.088 0.781 295 0.05 12000 1000 1 500 111 1 0 1 1 1 0 0 -1 -1 1441.73228095064
"296" "Simulation_296" 1.475 0.155 0.066 1.559 0.951 296 0.05 12000 1000 1 500 111 1 0 1 765 765 0 1 0.969661610268378 173 4259.61519459995
"297" "Simulation_297" 2.481 0.28 0.139 2.814 0.499 297 0.05 12000 1000 1 500 111 1 0 1 110 110 0 1 0.918319719953326 30 377.933990179994
"298" "Simulation_298" 2.984 0.092 0.102 0.931 0.273 298 0.05 12000 1000 1 500 111 1 0 1 8 8 0 0 -1 -1 4891.89988236799
"299" "Simulation_299" 1.978 0.217 0.029 2.186 0.725 299 0.05 12000 1000 1 500 111 1 0 1 25 25 0 1 0.966161026837806 10 3063.33769289286
"300" "Simulation_300" 1.727 0.06 0.12 1.245 0.16 300 0.05 12000 1000 1 500 111 1 0 1 3 3 0 0 -1 -1 5652.11615565373
"301" "Simulation_301" 2.733 0.186 0.048 2.5 0.612 301 0.05 12000 1000 1 500 111 1 0 1 159 159 0 0 -1 -1 6838.40530882867
"302" "Simulation_302" 2.23 0.123 0.011 0.618 0.838 302 0.05 12000 1000 1 500 111 1 0 1 1 1 0 1 -1 -1 599.714889737456
"303" "Simulation_303" 1.224 0.249 0.084 1.873 0.386 303 0.05 12000 1000 1 500 111 1 0 1 2278 2278 0 1 0.00058343057176196 185 3609.68023327359
"304" "Simulation_304" 1.161 0.115 0.134 2.265 0.245 304 0.05 12000 1000 1 500 111 1 0 1 1 1 0 0 -1 -1 4921.60635590046
"305" "Simulation_305" 2.167 0.241 0.061 1.01 0.696 305 0.05 12000 1000 1 500 111 1 0 1 2 2 0 1 0.931738623103851 -1 4682.07589752071
"306" "Simulation_306" 2.67 0.052 0.025 2.892 0.922 306 0.05 12000 1000 1 500 111 1 0 1 1 1 0 0 -1 -1 3219.86887176874
"307" "Simulation_307" 1.664 0.178 0.098 1.637 0.471 307 0.05 12000 1000 1 500 111 1 0 1 653 653 0 1 0.816802800466744 3 5987.39539363688
"308" "Simulation_308" 1.916 0.084 0.043 1.951 0.809 308 0.05 12000 1000 1 500 111 1 0 1 3 3 0 0 -1 -1 8010.26817537584
"309" "Simulation_309" 2.921 0.21 0.116 0.696 0.358 309 0.05 12000 1000 1 500 111 1 0 1 5 5 0 1 0.945157526254376 3 8610.18405201154
"310" "Simulation_310" 2.418 0.147 0.079 2.578 0.132 310 0.05 12000 1000 1 500 111 1 0 1 1 1 0 0 -1 -1 7886.52778129446
"311" "Simulation_311" 1.413 0.272 0.007 1.324 0.584 311 0.05 12000 1000 1 500 111 1 0 1 6 6 0 1 0.961493582263711 2 3784.02224213208
"312" "Simulation_312" 1.287 0.068 0.107 0.539 0.753 312 0.05 12000 1000 1 500 111 1 0 1 1 1 0 1 -1 -1 6753.42823119129
"313" "Simulation_313" 2.293 0.194 0.034 1.794 0.301 313 0.05 12000 1000 1 500 111 1 0 1 21 21 0 0 -1 -1 4263.95842394244
"314" "Simulation_314" 2.796 0.131 0.07 1.167 0.527 314 0.05 12000 1000 1 500 111 1 0 1 7 7 0 0 -1 -1 6412.10645682536
"315" "Simulation_315" 1.79 0.257 0.143 2.422 0.979 315 0.05 12000 1000 1 500 111 1 0 1 1 1 0 0 -1 -1 3651.6495545647
"316" "Simulation_316" 1.538 0.162 0.016 0.853 0.414 316 0.05 12000 1000 1 500 111 1 0 1 341 341 0 1 0.97024504084014 44 5677.62032569562
"317" "Simulation_317" 2.544 0.288 0.089 2.108 0.866 317 0.05 12000 1000 1 500 111 1 0 1 1 1 0 1 -1 -1 5517.15937271966
"318" "Simulation_318" 2.041 0.1 0.125 1.48 0.64 318 0.05 12000 1000 1 500 111 1 0 1 1 1 0 0 -1 -1 5896.39470663527
"319" "Simulation_319" 1.035 0.225 0.052 2.735 0.188 319 0.05 12000 1000 1 500 111 1 0 1 1 1 0 0 -1 -1 5739.2787958693
"320" "Simulation_320" 1.051 0.074 0.126 1.814 0.901 320 0.05 12000 1000 1 500 111 1 0 1 16 16 0 0 -1 -1 5719.09381543324
"321" "Simulation_321" 2.057 0.2 0.053 0.559 0.449 321 0.05 12000 1000 1 500 111 1 0 1 1 1 0 1 -1 -1 4921.60635590046
"322" "Simulation_322" 2.56 0.137 0.017 2.441 0.224 322 0.05 12000 1000 1 500 111 1 0 1 1 1 0 0 -1 -1 4078.06465310618
"323" "Simulation_323" 1.554 0.263 0.09 1.186 0.675 323 0.05 12000 1000 1 500 111 1 0 1 2 2 0 1 0.82438739789965 -1 5477.32370912799
"324" "Simulation_324" 1.806 0.168 0.072 2.127 0.111 324 0.05 12000 1000 1 500 111 1 0 1 1 1 0 0 -1 -1 7878.56106280671
"325" "Simulation_325" 2.811 0.294 0.144 0.873 0.562 325 0.05 12000 1000 1 500 111 1 0 1 1 1 0 1 -1 -1 7083.59444901305
"326" "Simulation_326" 2.308 0.106 0.108 2.755 0.788 326 0.05 12000 1000 1 500 111 1 0 1 1 1 0 0 -1 -1 4590.68215608864
"327" "Simulation_327" 1.303 0.231 0.035 1.5 0.336 327 0.05 12000 1000 1 500 111 0 37 1 4635 4635 0 1 0.00116686114352392 10 6252.0448644301
"328" "Simulation_328" 1.428 0.121 0.081 1.029 0.506 328 0.05 12000 1000 1 500 111 1 0 1 9 9 0 0 -1 -1 4215.57072120667
"329" "Simulation_329" 2.434 0.247 0.008 2.284 0.958 329 0.05 12000 1000 1 500 111 1 0 1 1 1 0 0 -1 -1 7644.36124327239
"330" "Simulation_330" 2.937 0.058 0.044 1.657 0.732 330 0.05 12000 1000 1 500 111 1 0 1 1 1 0 0 -1 -1 8835.35704539947
"331" "Simulation_331" 1.931 0.184 0.117 2.912 0.28 331 0.05 12000 1000 1 500 111 1 0 1 1 1 0 0 -1 -1 5985.53455018493
"332" "Simulation_332" 1.68 0.09 0.026 0.716 0.619 332 0.05 12000 1000 1 500 111 1 0 1 46 46 0 1 0.556009334889148 -1 5249.53096841477
"333" "Simulation_333" 2.686 0.216 0.099 1.971 0.167 333 0.05 12000 1000 1 500 111 1 0 1 1 1 0 0 -1 -1 3680.83803979533
"334" "Simulation_334" 2.183 0.153 0.135 1.343 0.393 334 0.05 12000 1000 1 500 111 1 0 1 115 116 1 1 0.883313885647608 10 4067.15408640679
"335" "Simulation_335" 1.177 0.278 0.062 2.598 0.845 335 0.05 12000 1000 1 500 111 1 0 1 1 1 0 0 -1 -1 7793.11010891422
"336" "Simulation_336" 1.24 0.145 0.012 2.833 0.704 336 0.05 12000 1000 1 500 111 1 0 1 1511 1511 0 0 -1 -1 4606.03076159417
"337" "Simulation_337" 2.246 0.271 0.085 1.578 0.252 337 0.05 12000 1000 1 500 111 1 0 1 27 27 0 0 -1 -1 5133.81696862347
"338" "Simulation_338" 2.749 0.082 0.122 2.206 0.478 338 0.05 12000 1000 1 500 111 1 0 1 8 8 0 0 -1 -1 4559.14651152028
"339" "Simulation_339" 1.743 0.208 0.049 0.951 0.929 339 0.05 12000 1000 1 500 111 1 0 1 4 4 0 1 0.938156359393232 2 4418.27494481809
"340" "Simulation_340" 1.994 0.05 0.103 2.52 0.365 340 0.05 12000 1000 1 500 111 1 0 1 1 1 0 0 -1 -1 5883.64697080712
"341" "Simulation_341" 3 0.176 0.031 1.265 0.816 341 0.05 12000 1000 1 500 111 1 0 1 2 2 0 0 -1 -1 5577.45558092909
"342" "Simulation_342" 2.497 0.113 0.067 1.892 0.591 342 0.05 12000 1000 1 500 111 1 0 1 4 4 0 0 -1 -1 7928.91248727041
"343" "Simulation_343" 1.491 0.239 0.14 0.637 0.139 343 0.05 12000 1000 1 500 111 1 0 1 475 475 0 1 0.980163360560093 52 5551.92663877178
"344" "Simulation_344" 1.365 0.098 0.058 1.422 0.308 344 0.05 12000 1000 1 500 111 1 0 1 775 775 0 0 -1 -1 3753.41737034906
"345" "Simulation_345" 2.371 0.223 0.131 2.676 0.76 345 0.05 12000 1000 1 500 111 1 0 1 1 1 0 0 -1 -1 2915.61477082575
"346" "Simulation_346" 2.874 0.161 0.094 0.794 0.986 346 0.05 12000 1000 1 500 111 1 0 1 4 4 0 1 0.911901983663944 4 4519.40307217328
"347" "Simulation_347" 1.868 0.286 0.021 2.049 0.534 347 0.05 12000 1000 1 500 111 1 0 1 485 485 0 1 0.991831971995333 55 5263.50047585186
"348" "Simulation_348" 1.617 0.129 0.149 1.735 0.873 348 0.05 12000 1000 1 500 111 1 0 1 1 1 0 0 -1 -1 5381.99407591506
"349" "Simulation_349" 2.623 0.255 0.076 2.99 0.421 349 0.05 12000 1000 1 500 111 1 0 1 1 1 0 1 -1 -1 3596.46093510794
"350" "Simulation_350" 2.12 0.066 0.04 1.108 0.195 350 0.05 12000 1000 1 500 111 1 0 1 495 495 0 0 -1 -1 5532.77528423971
"351" "Simulation_351" 1.114 0.192 0.112 2.363 0.647 351 0.05 12000 1000 1 500 111 0 75 1 2567 2567 0 1 0.977246207701284 71 7759.18292567807
"352" "Simulation_352" 1.083 0.141 0.047 0.676 0.407 352 0.05 12000 1000 1 500 111 1 0 1 22 22 0 1 0.854725787631272 5 2222.71617445298
"353" "Simulation_353" 2.088 0.267 0.119 1.931 0.859 353 0.05 12000 1000 1 500 111 1 0 1 1 1 0 0 -1 -1 4699.54385083562
"354" "Simulation_354" 2.591 0.078 0.083 1.304 0.633 354 0.05 12000 1000 1 500 111 1 0 1 2 2 0 0 -1 -1 6021.4349409846
"355" "Simulation_355" 1.585 0.204 0.01 2.559 0.181 355 0.05 12000 1000 1 500 111 1 0 1 1 1 0 0 -1 -1 6934.27766658692
"356" "Simulation_356" 1.837 0.109 0.137 0.99 0.746 356 0.05 12000 1000 1 500 111 1 0 1 34 34 0 1 0.704200700116686 3 1910.25658429938
"357" "Simulation_357" 2.843 0.235 0.065 2.245 0.294 357 0.05 12000 1000 1 500 111 1 0 1 1 1 0 1 -1 -1 4183.57005867341
"358" "Simulation_358" 2.34 0.172 0.028 1.618 0.52 358 0.05 12000 1000 1 500 111 1 0 1 28 28 0 0 -1 -1 7317.90157730979
"359" "Simulation_359" 1.334 0.298 0.101 2.873 0.972 359 0.05 12000 1000 1 500 111 1 0 1 1 1 0 1 -1 -1 7084.60722398837
"360" "Simulation_360" 1.46 0.062 0.019 2.088 0.802 360 0.05 12000 1000 1 500 111 1 0 1 62 62 0 0 -1 -1 4821.38224081086
"361" "Simulation_361" 2.466 0.188 0.092 0.833 0.351 361 0.05 12000 1000 1 500 111 1 0 1 5 5 0 1 0.897316219369895 -1 5057.72914224792
"362" "Simulation_362" 2.969 0.125 0.128 2.716 0.125 362 0.05 12000 1000 1 500 111 1 0 1 1 1 0 0 -1 -1 3407.4042541751
"363" "Simulation_363" 1.963 0.251 0.056 1.461 0.576 363 0.05 12000 1000 1 500 111 1 0 1 1 1 0 0 -1 -1 7249.04110238543
"364" "Simulation_364" 1.711 0.157 0.11 1.775 0.238 364 0.05 12000 1000 1 500 111 1 0 1 1 1 0 0 -1 -1 6869.86237480419
"365" "Simulation_365" 2.717 0.282 0.037 0.52 0.689 365 0.05 12000 1000 1 500 111 1 0 1 1 1 0 1 -1 -1 5212.22425473948
"366" "Simulation_366" 2.214 0.094 0.074 2.402 0.915 366 0.05 12000 1000 1 500 111 1 0 1 1 1 0 0 -1 -1 3356.88570176958
"367" "Simulation_367" 1.208 0.219 0.147 1.147 0.464 367 0.05 12000 1000 1 500 111 1 0 1 44 44 0 1 0.9463243873979 -1 444.780404709936
"368" "Simulation_368" 1.145 0.086 0.087 1.696 0.209 368 0.05 12000 1000 1 500 111 1 0 1 11 11 0 0 -1 -1 3572.92960560808
"369" "Simulation_369" 2.151 0.212 0.015 2.951 0.661 369 0.05 12000 1000 1 500 111 1 0 1 313 313 0 0 -1 -1 6176.28533428443
"370" "Simulation_370" 2.654 0.149 0.051 1.069 0.887 370 0.05 12000 1000 1 500 111 1 0 1 1 1 0 0 -1 -1 5197.63024273142
"371" "Simulation_371" 1.648 0.274 0.124 2.324 0.435 371 0.05 12000 1000 1 500 111 1 0 1 574 574 0 1 0.934072345390898 132 1372.37062568689
"372" "Simulation_372" 1.9 0.117 0.033 1.382 1 372 0.05 12000 1000 1 500 111 1 0 1 95 95 0 1 0.717036172695449 7 6001.45683811936
"373" "Simulation_373" 2.906 0.243 0.106 2.637 0.548 373 0.05 12000 1000 1 500 111 1 0 1 592 592 0 1 0.00058343057176196 8 6992.98149717472
"374" "Simulation_374" 2.403 0.054 0.142 0.755 0.322 374 0.05 12000 1000 1 500 111 1 0 1 4 4 0 0 -1 -1 8325.56609429535
"375" "Simulation_375" 1.397 0.18 0.069 2.01 0.774 375 0.05 12000 1000 1 500 111 1 0 1 467 467 0 1 0.988914819136523 138 1348.87877632172
"376" "Simulation_376" 1.271 0.164 0.115 2.48 0.605 376 0.05 12000 1000 1 500 111 0 5 1 3983 3984 1 1 0.983663943990665 100 5573.84720028238
"377" "Simulation_377" 2.277 0.29 0.042 1.225 0.153 377 0.05 12000 1000 1 500 111 1 0 1 9 9 0 0 -1 -1 5963.72302127975
"378" "Simulation_378" 2.78 0.102 0.006 1.853 0.379 378 0.05 12000 1000 1 500 111 1 0 1 3 3 0 0 -1 -1 4667.76282410585
"379" "Simulation_379" 1.774 0.227 0.078 0.598 0.831 379 0.05 12000 1000 1 500 111 1 0 1 1 1 0 1 -1 -1 7290.68524281684
"380" "Simulation_380" 1.523 0.07 0.06 2.794 0.492 380 0.05 12000 1000 1 500 111 1 0 1 0 1 1 -1 -1 -1 6271.27580206518
"381" "Simulation_381" 2.528 0.196 0.133 1.539 0.944 381 0.05 12000 1000 1 500 111 1 0 1 1 1 0 0 -1 -1 4733.88649289789
"382" "Simulation_382" 2.026 0.133 0.097 2.167 0.718 382 0.05 12000 1000 1 500 111 1 0 1 2 2 0 0 -1 -1 8138.98476323202
"383" "Simulation_383" 1.02 0.259 0.024 0.912 0.266 383 0.05 12000 1000 1 500 111 0 133 1 3226 3226 0 1 0.466744457409568 96 7711.44653877499
"384" "Simulation_384" 1.012 0.091 0.068 2.314 0.672 384 0.05 12000 1000 1 500 111 0 40 1 2189 2193 4 0 -1 -1 6579.08196400559
"385" "Simulation_385" 2.018 0.217 0.14 1.059 0.22 385 0.05 12000 1000 1 500 111 0 7 1 3984 3984 0 1 0.00116686114352392 12 8160.89368088749
"386" "Simulation_386" 2.521 0.154 0.104 2.941 0.446 386 0.05 12000 1000 1 500 111 1 0 1 1 1 0 0 -1 -1 6271.08028541529
"387" "Simulation_387" 1.515 0.279 0.031 1.686 0.898 387 0.05 12000 1000 1 500 111 1 0 1 1 1 0 0 -1 -1 7630.4620208845
"388" "Simulation_388" 1.766 0.122 0.122 2 0.333 388 0.05 12000 1000 1 500 111 1 0 1 15 15 0 0 -1 -1 7060.89199313487
"389" "Simulation_389" 2.772 0.248 0.049 0.745 0.785 389 0.05 12000 1000 1 500 111 1 0 1 1 1 0 1 -1 -1 7967.41330742916
"390" "Simulation_390" 2.269 0.059 0.013 2.627 0.559 390 0.05 12000 1000 1 500 111 1 0 1 246 246 0 0 -1 -1 3541.15357138862
"391" "Simulation_391" 1.263 0.185 0.086 1.373 0.107 391 0.05 12000 1000 1 500 111 1 0 1 1 1 0 0 -1 -1 6869.86237480419
"392" "Simulation_392" 1.389 0.169 0.04 0.588 0.276 392 0.05 12000 1000 1 500 111 1 0 1 18 18 0 1 0.944574095682614 9 4440.05436127663
"393" "Simulation_393" 2.395 0.295 0.113 1.843 0.728 393 0.05 12000 1000 1 500 111 1 0 1 1 1 0 0 -1 -1 5573.84720028238
"394" "Simulation_394" 2.898 0.106 0.149 1.216 0.954 394 0.05 12000 1000 1 500 111 1 0 1 1 1 0 0 -1 -1 4030.22095496847
"395" "Simulation_395" 1.892 0.232 0.077 2.471 0.502 395 0.05 12000 1000 1 500 111 1 0 1 79 79 0 1 0.00058343057176196 -1 4959.91767498739
"396" "Simulation_396" 1.64 0.075 0.095 0.902 0.841 396 0.05 12000 1000 1 500 111 1 0 1 9 9 0 1 0.0116686114352392 -1 5116.18989388541
"397" "Simulation_397" 2.646 0.201 0.022 2.157 0.389 397 0.05 12000 1000 1 500 111 1 0 1 163 163 0 0 -1 -1 5686.71563430253
"398" "Simulation_398" 2.143 0.138 0.058 1.529 0.164 398 0.05 12000 1000 1 500 111 1 0 1 1 1 0 0 -1 -1 6106.10250832712
"399" "Simulation_399" 1.138 0.264 0.131 2.784 0.615 399 0.05 12000 1000 1 500 111 0 107 1 3249 3249 0 1 0.978996499416569 39 5430.17439650655
"400" "Simulation_400" 1.2 0.13 0.108 2.549 0.926 400 0.05 12000 1000 1 500 111 1 0 1 1 1 0 0 -1 -1 2915.61477082575
"401" "Simulation_401" 2.206 0.256 0.036 1.294 0.474 401 0.05 12000 1000 1 500 111 1 0 1 2 2 0 0 -1 -1 3368.35603850994
"402" "Simulation_402" 2.709 0.067 0.072 1.922 0.248 402 0.05 12000 1000 1 500 111 1 0 1 7 7 0 0 -1 -1 1832.7504949178
"403" "Simulation_403" 1.703 0.193 0.145 0.667 0.7 403 0.05 12000 1000 1 500 111 1 0 1 1 1 0 1 -1 -1 4111.42086514421
"404" "Simulation_404" 1.955 0.099 0.018 2.863 0.135 404 0.05 12000 1000 1 500 111 1 0 1 1 1 0 0 -1 -1 3736.12202502515
"405" "Simulation_405" 2.961 0.224 0.09 1.608 0.587 405 0.05 12000 1000 1 500 111 1 0 1 1 1 0 0 -1 -1 6779.11518395827
"406" "Simulation_406" 2.458 0.161 0.127 2.235 0.813 406 0.05 12000 1000 1 500 111 1 0 1 1 1 0 0 -1 -1 7156.45104157227
"407" "Simulation_407" 1.452 0.287 0.054 0.98 0.361 407 0.05 12000 1000 1 500 111 1 0 1 16 16 0 1 0.981913652275379 7 5719.09381543324
"408" "Simulation_408" 1.326 0.051 0.136 1.451 0.531 408 0.05 12000 1000 1 500 111 1 0 1 815 827 12 0 -1 -1 6057.96276187423
"409" "Simulation_409" 2.332 0.177 0.063 2.706 0.982 409 0.05 12000 1000 1 500 111 1 0 1 19 19 0 1 0.897316219369895 5 6804.93790822473
"410" "Simulation_410" 2.835 0.114 0.027 0.824 0.756 410 0.05 12000 1000 1 500 111 1 0 1 1 1 0 0 -1 -1 6152.09190598392
"411" "Simulation_411" 1.829 0.24 0.099 2.078 0.305 411 0.05 12000 1000 1 500 111 1 0 1 1 1 0 0 -1 -1 6076.31906313243
"412" "Simulation_412" 1.578 0.146 0.045 1.137 0.644 412 0.05 12000 1000 1 500 111 1 0 1 24 24 0 1 0.710035005834306 5 7328.28760787153
"413" "Simulation_413" 2.583 0.272 0.118 2.392 0.192 413 0.05 12000 1000 1 500 111 1 0 1 1 1 0 0 -1 -1 6464.55342747323
"414" "Simulation_414" 2.081 0.083 0.081 0.51 0.418 414 0.05 12000 1000 1 500 111 1 0 1 4 4 0 1 0.796382730455076 3 6316.31267863619
"415" "Simulation_415" 1.075 0.209 0.008 1.765 0.869 415 0.05 12000 1000 1 500 111 1 0 1 26 26 0 1 0.953325554259043 3 5410.45685718178
"416" "Simulation_416" 1.106 0.158 0.143 0.941 0.178 416 0.05 12000 1000 1 500 111 0 214 1 3538 3538 0 0 -1 -1 8364.97891924624
"417" "Simulation_417" 2.112 0.283 0.07 2.196 0.629 417 0.05 12000 1000 1 500 111 1 0 1 18 18 0 1 0.972578763127188 5 3785.28495538238
"418" "Simulation_418" 2.615 0.095 0.033 1.569 0.855 418 0.05 12000 1000 1 500 111 1 0 1 2 2 0 0 -1 -1 5026.02530493926
"419" "Simulation_419" 1.609 0.22 0.106 2.824 0.404 419 0.05 12000 1000 1 500 111 1 0 1 1 1 0 0 -1 -1 7552.35896021376
"420" "Simulation_420" 1.861 0.063 0.052 0.627 0.968 420 0.05 12000 1000 1 500 111 1 0 1 29 29 0 1 0.792882147024504 21 7519.75586120308
"421" "Simulation_421" 2.866 0.189 0.124 1.882 0.516 421 0.05 12000 1000 1 500 111 1 0 1 50 50 0 0 -1 -1 6453.72721609218
"422" "Simulation_422" 2.363 0.126 0.088 1.255 0.291 422 0.05 12000 1000 1 500 111 1 0 1 119 119 0 0 -1 -1 4233.58550733554
"423" "Simulation_423" 1.358 0.252 0.015 2.51 0.742 423 0.05 12000 1000 1 500 111 1 0 1 9 9 0 0 -1 -1 5483.78593256906
"424" "Simulation_424" 1.483 0.11 0.097 2.039 0.573 424 0.05 12000 1000 1 500 111 1 0 1 625 626 1 0 -1 -1 4786.46681246907
"425" "Simulation_425" 2.489 0.236 0.024 0.784 0.121 425 0.05 12000 1000 1 500 111 1 0 1 94 94 0 1 0.00058343057176196 3 4251.47111200634
"426" "Simulation_426" 2.992 0.173 0.061 2.667 0.347 426 0.05 12000 1000 1 500 111 1 0 1 1 1 0 0 -1 -1 6460.87804821589
"427" "Simulation_427" 1.986 0.299 0.134 1.412 0.799 427 0.05 12000 1000 1 500 111 1 0 1 14 14 0 1 0.986581096849475 14 7642.59168688758
"428" "Simulation_428" 1.735 0.142 0.006 2.353 0.46 428 0.05 12000 1000 1 500 111 1 0 1 43 43 0 0 -1 -1 3647.80256600951
"429" "Simulation_429" 2.741 0.268 0.079 1.098 0.912 429 0.05 12000 1000 1 500 111 1 0 1 1 1 0 1 -1 -1 6522.16553511306
"430" "Simulation_430" 2.238 0.079 0.115 2.98 0.686 430 0.05 12000 1000 1 500 111 1 0 1 43 43 0 0 -1 -1 4559.14651152028
"431" "Simulation_431" 1.232 0.205 0.043 1.725 0.234 431 0.05 12000 1000 1 500 111 1 0 1 1 1 0 0 -1 -1 8355.5496949499
"432" "Simulation_432" 1.169 0.071 0.029 1.176 0.432 432 0.05 12000 1000 1 500 111 1 0 1 560 561 1 0 -1 -1 5712.71654297896
"433" "Simulation_433" 2.175 0.197 0.102 2.431 0.884 433 0.05 12000 1000 1 500 111 1 0 1 2 2 0 0 -1 -1 5859.9990459666
"434" "Simulation_434" 2.678 0.134 0.138 0.549 0.658 434 0.05 12000 1000 1 500 111 1 0 1 1 1 0 1 -1 -1 2326.86937117085
"435" "Simulation_435" 1.672 0.26 0.065 1.804 0.206 435 0.05 12000 1000 1 500 111 1 0 1 1 1 0 0 -1 -1 5146.60147710975
"436" "Simulation_436" 1.923 0.165 0.083 1.49 0.771 436 0.05 12000 1000 1 500 111 1 0 1 7 7 0 1 0.752625437572929 -1 8201.55779675014
"437" "Simulation_437" 2.929 0.291 0.011 2.745 0.319 437 0.05 12000 1000 1 500 111 1 0 1 1 1 0 0 -1 -1 5591.27776702112
"438" "Simulation_438" 2.426 0.103 0.047 0.863 0.545 438 0.05 12000 1000 1 500 111 1 0 1 1 1 0 0 -1 -1 4611.67212784086
"439" "Simulation_439" 1.42 0.228 0.12 2.118 0.996 439 0.05 12000 1000 1 500 111 1 0 1 1 1 0 0 -1 -1 7225.0251690058
"440" "Simulation_440" 1.295 0.118 0.074 2.902 0.827 440 0.05 12000 1000 1 500 111 1 0 1 57 57 0 0 -1 -1 4972.84699010762
"441" "Simulation_441" 2.301 0.244 0.147 1.647 0.375 441 0.05 12000 1000 1 500 111 1 0 1 1417 1417 0 1 0.822053675612602 4 8796.80223516121
"442" "Simulation_442" 2.804 0.055 0.111 2.275 0.149 442 0.05 12000 1000 1 500 111 1 0 1 0 1 1 -1 -1 -1 6425.82632342049
"443" "Simulation_443" 1.798 0.181 0.038 1.02 0.601 443 0.05 12000 1000 1 500 111 1 0 1 39 39 0 1 0.945157526254376 11 6825.03612122324
"444" "Simulation_444" 1.546 0.087 0.129 2.588 0.262 444 0.05 12000 1000 1 500 111 1 0 1 1 1 0 0 -1 -1 7836.55858592595
"445" "Simulation_445" 2.552 0.213 0.056 1.333 0.714 445 0.05 12000 1000 1 500 111 1 0 1 1 1 0 0 -1 -1 4534.26747022865
"446" "Simulation_446" 2.049 0.15 0.02 1.961 0.94 446 0.05 12000 1000 1 500 111 1 0 1 61 61 0 1 0.0110851808634772 3 6776.31225181587
"447" "Simulation_447" 1.043 0.275 0.093 0.706 0.488 447 0.05 12000 1000 1 500 111 1 0 1 3 3 0 1 0.935239206534422 3 2830.39521660891
"448" "Simulation_448" 1.028 0.124 0.021 1.667 0.622 448 0.05 12000 1000 1 500 111 1 0 1 506 506 0 0 -1 -1 3753.29953476653
"449" "Simulation_449" 2.033 0.25 0.094 2.922 0.171 449 0.05 12000 1000 1 500 111 1 0 1 1 1 0 0 -1 -1 5001.03736907651
"450" "Simulation_450" 2.536 0.061 0.13 1.039 0.396 450 0.05 12000 1000 1 500 111 1 0 1 2 2 0 0 -1 -1 4525.34619527412
"451" "Simulation_451" 1.53 0.187 0.057 2.294 0.848 451 0.05 12000 1000 1 500 111 1 0 1 27 27 0 1 0.941656942823804 8 5192.31945140488
"452" "Simulation_452" 1.782 0.093 0.112 1.353 0.509 452 0.05 12000 1000 1 500 111 1 0 1 5 5 0 0 -1 -1 7780.94737760025
"453" "Simulation_453" 2.788 0.218 0.039 2.608 0.961 453 0.05 12000 1000 1 500 111 1 0 1 1 1 0 0 -1 -1 6535.67676687546
"454" "Simulation_454" 2.285 0.156 0.076 0.725 0.735 454 0.05 12000 1000 1 500 111 1 0 1 25 25 0 1 0.933488914819137 18 5602.49852250312
"455" "Simulation_455" 1.279 0.281 0.148 1.98 0.284 455 0.05 12000 1000 1 500 111 1 0 1 1 1 0 0 -1 -1 6978.42618697144
"456" "Simulation_456" 1.405 0.077 0.048 2.451 0.114 456 0.05 12000 1000 1 500 111 1 0 1 16 16 0 0 -1 -1 1558.43954224841
"457" "Simulation_457" 2.411 0.203 0.121 1.196 0.566 457 0.05 12000 1000 1 500 111 1 0 1 1 1 0 0 -1 -1 8883.4528052252
"458" "Simulation_458" 2.914 0.14 0.085 1.824 0.792 458 0.05 12000 1000 1 500 111 1 0 1 4 4 0 0 -1 -1 6902.03322527788
"459" "Simulation_459" 1.908 0.266 0.012 0.569 0.34 459 0.05 12000 1000 1 500 111 1 0 1 1 1 0 1 -1 -1 5015.2531854344
"460" "Simulation_460" 1.656 0.171 0.139 2.765 0.905 460 0.05 12000 1000 1 500 111 1 0 1 1 1 0 0 -1 -1 5419.93993469031
"461" "Simulation_461" 2.662 0.297 0.066 1.51 0.453 461 0.05 12000 1000 1 500 111 1 0 1 32 32 0 1 0.983663943990665 8 2734.94690099948
"462" "Simulation_462" 2.159 0.108 0.03 2.137 0.227 462 0.05 12000 1000 1 500 111 1 0 1 1 1 0 0 -1 -1 5722.65665117743
"463" "Simulation_463" 1.153 0.234 0.103 0.882 0.679 463 0.05 12000 1000 1 500 111 1 0 1 13 13 0 1 0.97607934655776 10 7132.28908613212
"464" "Simulation_464" 1.216 0.101 0.116 0.804 0.876 464 0.05 12000 1000 1 500 111 1 0 1 37 37 0 1 0.752042007001167 8 4760.48648393279
"465" "Simulation_465" 2.222 0.226 0.044 2.059 0.425 465 0.05 12000 1000 1 500 111 1 0 1 6 6 0 0 -1 -1 3744.20372124667
"466" "Simulation_466" 2.725 0.163 0.007 1.431 0.199 466 0.05 12000 1000 1 500 111 1 0 1 5 5 0 0 -1 -1 7459.57279349413
"467" "Simulation_467" 1.719 0.289 0.08 2.686 0.651 467 0.05 12000 1000 1 500 111 1 0 1 679 679 0 1 0.991831971995333 68 6954.96055399123
"468" "Simulation_468" 1.971 0.132 0.062 1.118 0.312 468 0.05 12000 1000 1 500 111 1 0 1 543 543 0 1 0.819136522753792 11 5873.11574540646
"469" "Simulation_469" 2.976 0.258 0.135 2.373 0.764 469 0.05 12000 1000 1 500 111 1 0 1 1 1 0 0 -1 -1 6460.87804821589
"470" "Simulation_470" 2.473 0.069 0.098 1.745 0.989 470 0.05 12000 1000 1 500 111 1 0 1 1 1 0 0 -1 -1 4667.76282410585
"471" "Simulation_471" 1.468 0.195 0.025 3 0.538 471 0.05 12000 1000 1 500 111 0 27 1 5086 5086 0 0 -1 -1 7339.53545756822
"472" "Simulation_472" 1.342 0.148 0.089 2.216 0.368 472 0.05 12000 1000 1 500 111 1 0 1 33 33 0 0 -1 -1 3647.80256600951
"473" "Simulation_473" 2.348 0.273 0.016 0.961 0.82 473 0.05 12000 1000 1 500 111 1 0 1 1 1 0 1 -1 -1 5026.02530493926
"474" "Simulation_474" 2.851 0.085 0.053 2.843 0.594 474 0.05 12000 1000 1 500 111 1 0 1 30 30 0 0 -1 -1 4026.50122813156
"475" "Simulation_475" 1.845 0.211 0.126 1.588 0.142 475 0.05 12000 1000 1 500 111 1 0 1 1 1 0 0 -1 -1 5370.83100295509
"476" "Simulation_476" 1.593 0.053 0.035 1.902 0.707 476 0.05 12000 1000 1 500 111 1 0 1 28 28 0 0 -1 -1 4515.86349942213
"477" "Simulation_477" 2.599 0.179 0.107 0.647 0.255 477 0.05 12000 1000 1 500 111 1 0 1 3 3 0 1 0.908984830805134 2 8964.8918102194
"478" "Simulation_478" 2.096 0.116 0.144 2.529 0.481 478 0.05 12000 1000 1 500 111 1 0 1 77 77 0 0 -1 -1 4775.98751861671
"479" "Simulation_479" 1.09 0.242 0.071 1.275 0.933 479 0.05 12000 1000 1 500 111 1 0 1 2 2 0 1 0.809218203033839 -1 3306.24181328875
"480" "Simulation_480" 1.059 0.057 0.078 2.725 0.213 480 0.05 12000 1000 1 500 111 1 0 1 3 3 0 0 -1 -1 5121.4636864265
"481" "Simulation_481" 2.065 0.183 0.005 1.471 0.665 481 0.05 12000 1000 1 500 111 1 0 1 6 6 0 0 -1 -1 6544.98367345365
"482" "Simulation_482" 2.568 0.12 0.041 2.098 0.891 482 0.05 12000 1000 1 500 111 1 0 1 1 1 0 0 -1 -1 5253.79958759889
"483" "Simulation_483" 1.562 0.246 0.114 0.843 0.439 483 0.05 12000 1000 1 500 111 1 0 1 13 13 0 1 0.984247374562427 6 5552.40578262019
"484" "Simulation_484" 1.813 0.152 0.023 2.412 0.778 484 0.05 12000 1000 1 500 111 1 0 1 1 1 0 0 -1 -1 6114.00972018484
"485" "Simulation_485" 2.819 0.277 0.096 1.157 0.326 485 0.05 12000 1000 1 500 111 1 0 1 70 70 0 1 0.981913652275379 15 5721.54352324366
"486" "Simulation_486" 2.316 0.089 0.132 1.784 0.1 486 0.05 12000 1000 1 500 111 1 0 1 6 6 0 0 -1 -1 5387.06984348018
"487" "Simulation_487" 1.31 0.215 0.06 0.529 0.552 487 0.05 12000 1000 1 500 111 1 0 1 1 1 0 1 -1 -1 3881.0935838011
"488" "Simulation_488" 1.436 0.136 0.123 1.314 0.721 488 0.05 12000 1000 1 500 111 1 0 1 39 39 0 1 0.812718786464411 7 4111.42086514421
"489" "Simulation_489" 2.442 0.262 0.05 2.569 0.269 489 0.05 12000 1000 1 500 111 1 0 1 1 1 0 0 -1 -1 5222.69236801178
"490" "Simulation_490" 2.945 0.073 0.014 0.686 0.495 490 0.05 12000 1000 1 500 111 1 0 1 8 8 0 0 -1 -1 7219.91708130168
"491" "Simulation_491" 1.939 0.199 0.087 1.941 0.947 491 0.05 12000 1000 1 500 111 1 0 1 24 24 0 1 0.962077012835473 9 4739.04776808766
"492" "Simulation_492" 1.688 0.105 0.069 1.627 0.382 492 0.05 12000 1000 1 500 111 1 0 1 459 459 0 0 -1 -1 3619.275574526
"493" "Simulation_493" 2.694 0.23 0.141 2.882 0.834 493 0.05 12000 1000 1 500 111 1 0 1 1 1 0 0 -1 -1 4731.05853044155
"494" "Simulation_494" 2.191 0.167 0.105 1 0.608 494 0.05 12000 1000 1 500 111 1 0 1 3 3 0 1 0.47316219369895 -1 5818.89825030655
"495" "Simulation_495" 1.185 0.293 0.032 2.255 0.156 495 0.05 12000 1000 1 500 111 1 0 1 4 4 0 1 0.894399066511085 4 5191.68636541693
"496" "Simulation_496" 1.122 0.16 0.055 1.863 0.467 496 0.05 12000 1000 1 500 111 0 189 1 2913 2914 1 1 0.00058343057176196 -1 6672.39080605025
"497" "Simulation_497" 2.128 0.285 0.128 0.608 0.919 497 0.05 12000 1000 1 500 111 1 0 1 1 1 0 1 -1 -1 2431.02256788872
"498" "Simulation_498" 2.631 0.097 0.091 2.49 0.693 498 0.05 12000 1000 1 500 111 1 0 1 5 5 0 0 -1 -1 3841.49772102168
"499" "Simulation_499" 1.625 0.222 0.019 1.235 0.241 499 0.05 12000 1000 1 500 111 1 0 1 55 55 0 0 -1 -1 2316.74178092533
"500" "Simulation_500" 1.876 0.065 0.146 2.176 0.58 500 0.05 12000 1000 1 500 111 1 0 1 124 128 4 0 -1 -1 6496.55457097068
