"Sim_index" "S" "omega_P" "sigma_e" "disp_shape" "disp_scale" "seed" "divergence_factor" "max_species" "max_coex_sp" "start_species" "init_ab" "grid_cell_distance" "finished" "final_timestep" "initial_nb_species" "final_nb_species" "sp_events" "ex_events" "exchanged" "prop_col_area" "div_col" "dist_to_isthmus"
"1" "Simulation_1" 1.998 0.175 0.078 1.75 0.55 1 0.05 12000 1000 1 500 111 1 0 1 7 7 0 1 0.98461045206797 4 73480.1635424193
"2" "Simulation_2" 2.501 0.112 0.114 1.123 0.776 2 0.05 12000 1000 1 500 111 1 0 1 16 16 0 1 0.974991984610452 11 49844.9205874757
"3" "Simulation_3" 1.495 0.238 0.041 2.377 0.324 3 0.05 12000 1000 1 500 111 1 0 1 303 303 0 1 0.217377364539917 255 51448.0291885374
"4" "Simulation_4" 1.747 0.143 0.096 0.809 0.889 4 0.05 12000 1000 1 500 111 1 0 1 24 24 0 1 0.987816607887143 24 77979.3353656316
"5" "Simulation_5" 2.752 0.269 0.023 2.064 0.437 5 0.05 12000 1000 1 500 111 1 0 1 210 210 0 1 0.973388906700866 53 51810.015940113
"6" "Simulation_6" 2.25 0.08 0.059 1.436 0.211 6 0.05 12000 1000 1 500 111 1 0 1 99 99 0 1 0.218980442449503 67 52486.690666156
"7" "Simulation_7" 1.244 0.206 0.132 2.691 0.663 7 0.05 12000 1000 1 500 111 1 0 1 750 750 0 1 0.997435075344662 742 71485.6409259933
"8" "Simulation_8" 1.369 0.128 0.05 2.221 0.606 8 0.05 12000 1000 1 500 111 1 0 1 1670 1671 1 1 0.990060916960564 1157 55507.7436093998
"9" "Simulation_9" 2.375 0.253 0.123 0.966 0.155 9 0.05 12000 1000 1 500 111 1 0 1 470 470 0 1 0.72523244629689 95 55607.1224463001
"10" "Simulation_10" 2.878 0.065 0.087 2.848 0.381 10 0.05 12000 1000 1 500 111 1 0 1 16 16 0 0 -1 -1 55287.8281595737
"11" "Simulation_11" 1.872 0.19 0.014 1.593 0.832 11 0.05 12000 1000 1 500 111 1 0 1 62 62 0 1 0.990060916960564 59 55287.8281595737
"12" "Simulation_12" 1.621 0.096 0.141 1.907 0.494 12 0.05 12000 1000 1 500 111 1 0 1 851 853 2 1 0.98589291439564 300 55293.2181523508
"13" "Simulation_13" 2.627 0.222 0.068 0.652 0.945 13 0.05 12000 1000 1 500 111 1 0 1 1 1 0 1 -1 -1 47500.9962167089
"14" "Simulation_14" 2.124 0.159 0.032 2.534 0.719 14 0.05 12000 1000 1 500 111 1 0 1 1 1 0 0 -1 -1 53648.2028821837
"15" "Simulation_15" 1.118 0.285 0.105 1.279 0.268 15 0.05 12000 1000 1 500 111 0 97 1 2840 2840 0 1 0.707277973709522 184 53898.1192349405
"16" "Simulation_16" 1.181 0.167 0.128 1.515 0.352 16 0.05 12000 1000 1 500 111 0 134 1 3434 3434 0 1 0.69926258416159 487 76789.5335929364
"17" "Simulation_17" 2.187 0.293 0.055 2.77 0.804 17 0.05 12000 1000 1 500 111 1 0 1 4 4 0 1 0.996793844180827 4 55287.8281595737
"18" "Simulation_18" 2.69 0.104 0.018 0.887 0.578 18 0.05 12000 1000 1 500 111 1 0 1 69 69 0 1 0.979159987175377 50 54348.8776023639
"19" "Simulation_19" 1.684 0.23 0.091 2.142 0.126 19 0.05 12000 1000 1 500 111 1 0 1 204 204 0 1 0.217377364539917 166 48482.9935703405
"20" "Simulation_20" 1.935 0.073 0.073 1.201 0.691 20 0.05 12000 1000 1 500 111 1 0 1 19 19 0 1 0.887784546328952 13 55186.7038124851
"21" "Simulation_21" 2.941 0.198 0.146 2.456 0.239 21 0.05 12000 1000 1 500 111 1 0 1 9 9 0 1 0.216094902212248 8 78165.1975353755
"22" "Simulation_22" 2.438 0.135 0.109 0.574 0.465 22 0.05 12000 1000 1 500 111 1 0 1 6 6 0 1 0.98461045206797 6 55657.6401772316
"23" "Simulation_23" 1.432 0.261 0.037 1.828 0.917 23 0.05 12000 1000 1 500 111 1 0 1 6 6 0 1 0.994870150689323 6 52801.1828840753
"24" "Simulation_24" 1.306 0.088 0.082 2.613 0.861 24 0.05 12000 1000 1 500 111 1 0 1 530 530 0 1 0.988137223469061 460 55293.2181523508
"25" "Simulation_25" 2.312 0.214 0.009 1.358 0.409 25 0.05 12000 1000 1 500 111 1 0 1 54 54 0 1 0.991343379288233 51 54131.699878621
"26" "Simulation_26" 2.815 0.151 0.046 1.985 0.183 26 0.05 12000 1000 1 500 111 1 0 1 2 2 0 0 -1 -1 48951.9153664772
"27" "Simulation_27" 1.809 0.277 0.118 0.73 0.635 27 0.05 12000 1000 1 500 111 1 0 1 1 1 0 1 -1 -1 55607.1224463001
"28" "Simulation_28" 1.558 0.12 0.027 2.926 0.296 28 0.05 12000 1000 1 500 111 0 41 1 1495 1495 0 1 0.217377364539917 371 55052.3819082726
"29" "Simulation_29" 2.564 0.245 0.1 1.672 0.748 29 0.05 12000 1000 1 500 111 1 0 1 5 5 0 1 0.990381532542482 5 55288.6726017903
"30" "Simulation_30" 2.061 0.057 0.137 2.299 0.974 30 0.05 12000 1000 1 500 111 1 0 1 11 11 0 1 0.00352677140109009 2 55186.7038124851
"31" "Simulation_31" 1.055 0.183 0.064 1.044 0.522 31 0.05 12000 1000 1 500 111 1 0 1 253 253 0 1 0.993267072779737 233 33954.8454510616
"32" "Simulation_32" 1.086 0.116 0.093 1.946 0.734 32 0.05 12000 1000 1 500 111 0 105 1 1401 1402 1 1 1 1226 55556.6191813857
"33" "Simulation_33" 2.092 0.242 0.021 0.691 0.282 33 0.05 12000 1000 1 500 111 1 0 1 9 9 0 1 0.995831997435075 9 54549.5899565469
"34" "Simulation_34" 2.595 0.053 0.057 2.574 0.508 34 0.05 12000 1000 1 500 111 1 0 1 71 71 0 0 -1 -1 78240.9177335022
"35" "Simulation_35" 1.589 0.179 0.13 1.319 0.959 35 0.05 12000 1000 1 500 111 1 0 1 44 44 0 1 0.990381532542482 41 52156.269837712
"36" "Simulation_36" 1.841 0.084 0.039 2.26 0.395 36 0.05 12000 1000 1 500 111 1 0 1 9 9 0 0 -1 -1 47500.9962167089
"37" "Simulation_37" 2.847 0.21 0.112 1.005 0.846 37 0.05 12000 1000 1 500 111 1 0 1 4 4 0 1 0.98461045206797 4 52486.690666156
"38" "Simulation_38" 2.344 0.147 0.148 2.887 0.621 38 0.05 12000 1000 1 500 111 1 0 1 112 112 0 1 0.987495992305226 65 43006.4886699039
"39" "Simulation_39" 1.338 0.273 0.075 1.632 0.169 39 0.05 12000 1000 1 500 111 1 0 1 32 32 0 1 0.217377364539917 23 55507.7436093998
"40" "Simulation_40" 1.464 0.069 0.121 0.848 0.225 40 0.05 12000 1000 1 500 111 1 0 1 417 431 14 1 0.974350753446617 106 55291.3692000795
"41" "Simulation_41" 2.47 0.194 0.048 2.103 0.677 41 0.05 12000 1000 1 500 111 1 0 1 32 32 0 1 0.991663994870151 28 55291.3692000795
"42" "Simulation_42" 2.972 0.132 0.012 1.475 0.903 42 0.05 12000 1000 1 500 111 1 0 1 24 24 0 1 0.983648605322219 21 52801.1828840753
"43" "Simulation_43" 1.967 0.257 0.084 2.73 0.451 43 0.05 12000 1000 1 500 111 1 0 1 78 78 0 1 0.268355242064764 63 46461.0922104999
"44" "Simulation_44" 1.715 0.163 0.066 0.534 0.79 44 0.05 12000 1000 1 500 111 1 0 1 1 1 0 1 -1 -1 55287.3210926918
"45" "Simulation_45" 2.721 0.289 0.139 1.789 0.338 45 0.05 12000 1000 1 500 111 1 0 1 68 68 0 1 0.479320294966335 47 53648.2028821837
"46" "Simulation_46" 2.218 0.1 0.103 1.162 0.112 46 0.05 12000 1000 1 500 111 1 0 1 1 1 0 0 -1 -1 0
"47" "Simulation_47" 1.212 0.226 0.03 2.417 0.564 47 0.05 12000 1000 1 500 111 0 62 1 3414 3415 1 1 1 1205 54348.8776023639
"48" "Simulation_48" 1.149 0.108 0.043 2.966 0.988 48 0.05 12000 1000 1 500 111 1 0 1 155 155 0 1 0.984289836486053 95 166197.542107434
"49" "Simulation_49" 2.155 0.234 0.116 1.711 0.536 49 0.05 12000 1000 1 500 111 1 0 1 5 5 0 1 0.993908303943572 5 36218.0121370593
"50" "Simulation_50" 2.658 0.171 0.08 2.338 0.31 50 0.05 12000 1000 1 500 111 1 0 1 1 1 0 0 -1 -1 55633.673314104
"51" "Simulation_51" 1.652 0.297 0.007 1.083 0.762 51 0.05 12000 1000 1 500 111 1 0 1 1 1 0 1 -1 -1 50677.281254418
"52" "Simulation_52" 1.904 0.139 0.134 2.652 0.197 52 0.05 12000 1000 1 500 111 1 0 1 17 17 0 1 0.217056748957999 11 54901.3926173426
"53" "Simulation_53" 2.91 0.265 0.062 1.397 0.649 53 0.05 12000 1000 1 500 111 1 0 1 4 4 0 1 0.996152613016993 4 49405.9351771199
"54" "Simulation_54" 2.407 0.077 0.025 2.025 0.875 54 0.05 12000 1000 1 500 111 1 0 1 51 51 0 1 0.934273805706957 37 55657.6401772316
"55" "Simulation_55" 1.401 0.202 0.098 0.77 0.423 55 0.05 12000 1000 1 500 111 1 0 1 13 13 0 1 0.990381532542482 13 48482.9935703405
"56" "Simulation_56" 1.275 0.155 0.016 1.24 0.479 56 0.05 12000 1000 1 500 111 1 0 1 7 7 0 1 0.613337608207759 5 55186.7038124851
"57" "Simulation_57" 2.281 0.281 0.089 2.495 0.931 57 0.05 12000 1000 1 500 111 1 0 1 4 4 0 1 0.997114459762744 4 51448.0291885374
"58" "Simulation_58" 2.784 0.092 0.125 0.613 0.705 58 0.05 12000 1000 1 500 111 1 0 1 15 15 0 1 0.965373517152934 14 53648.2028821837
"59" "Simulation_59" 1.778 0.218 0.052 1.868 0.254 59 0.05 12000 1000 1 500 111 1 0 1 151 151 0 1 0.233408143635781 133 55288.6726017903
"60" "Simulation_60" 1.527 0.061 0.107 1.554 0.592 60 0.05 12000 1000 1 500 111 1 0 1 188 190 2 1 0.970182750881693 66 46988.2079465908
"61" "Simulation_61" 2.532 0.187 0.034 2.809 0.141 61 0.05 12000 1000 1 500 111 1 0 1 4 4 0 1 0.211926899647323 2 55287.1520034505
"62" "Simulation_62" 2.029 0.124 0.071 0.926 0.366 62 0.05 12000 1000 1 500 111 1 0 1 81 81 0 1 0.987175376723309 59 55291.3692000795
"63" "Simulation_63" 1.024 0.249 0.143 2.181 0.818 63 0.05 12000 1000 1 500 111 1 0 1 6 6 0 1 0.994549535107406 6 55287.8281595737
"64" "Simulation_64" 1.039 0.149 0.07 2.515 0.289 64 0.05 12000 1000 1 500 111 1 0 1 1390 1390 0 1 0.217056748957999 1063 52486.690666156
"65" "Simulation_65" 2.045 0.275 0.142 1.26 0.741 65 0.05 12000 1000 1 500 111 1 0 1 5 5 0 1 0.995190766271241 5 36218.0121370593
"66" "Simulation_66" 2.548 0.086 0.106 1.887 0.966 66 0.05 12000 1000 1 500 111 1 0 1 12 12 0 1 0.94100673292722 5 34719.9884096605
"67" "Simulation_67" 1.542 0.212 0.033 0.632 0.515 67 0.05 12000 1000 1 500 111 1 0 1 3 3 0 1 0.989740301378647 3 53382.0227826086
"68" "Simulation_68" 1.794 0.055 0.124 2.828 0.854 68 0.05 12000 1000 1 500 111 1 0 1 30 31 1 1 0.00352677140109009 3 51070.4144556807
"69" "Simulation_69" 2.8 0.181 0.051 1.574 0.402 69 0.05 12000 1000 1 500 111 1 0 1 55 55 0 1 0.991343379288233 36 47500.9962167089
"70" "Simulation_70" 2.297 0.118 0.015 2.201 0.176 70 0.05 12000 1000 1 500 111 1 0 1 208 209 1 1 0.217056748957999 33 47500.9962167089
"71" "Simulation_71" 1.291 0.244 0.088 0.946 0.628 71 0.05 12000 1000 1 500 111 1 0 1 26 26 0 1 0.995190766271241 26 55556.1216395665
"72" "Simulation_72" 1.417 0.102 0.024 1.73 0.684 72 0.05 12000 1000 1 500 111 1 0 1 1003 1003 0 1 0.983648605322219 442 77317.5827864895
"73" "Simulation_73" 2.422 0.228 0.097 2.985 0.232 73 0.05 12000 1000 1 500 111 1 0 1 43 43 0 1 0.217377364539917 37 55052.3819082726
"74" "Simulation_74" 2.925 0.165 0.133 1.103 0.458 74 0.05 12000 1000 1 500 111 1 0 1 1 1 0 1 -1 -1 45919.8037152539
"75" "Simulation_75" 1.919 0.291 0.06 2.358 0.91 75 0.05 12000 1000 1 500 111 1 0 1 4 4 0 1 0.995831997435075 4 52486.690666156
"76" "Simulation_76" 1.668 0.133 0.079 1.417 0.345 76 0.05 12000 1000 1 500 111 0 21 1 3665 3665 0 1 0.994549535107406 1202 53099.6556391896
"77" "Simulation_77" 2.674 0.259 0.006 2.672 0.797 77 0.05 12000 1000 1 500 111 1 0 1 4 4 0 1 0.994549535107406 4 53898.1192349405
"78" "Simulation_78" 2.171 0.071 0.042 0.789 0.571 78 0.05 12000 1000 1 500 111 1 0 1 27 27 0 1 0.897723629368387 20 51448.0291885374
"79" "Simulation_79" 1.165 0.196 0.115 2.044 0.119 79 0.05 12000 1000 1 500 111 1 0 1 1 1 0 0 -1 -1 32393.450364689
"80" "Simulation_80" 1.228 0.078 0.101 2.123 0.543 80 0.05 12000 1000 1 500 111 1 0 1 0 1 1 -1 -1 -1 55289.853416231
"81" "Simulation_81" 2.234 0.204 0.029 0.868 0.995 81 0.05 12000 1000 1 500 111 1 0 1 7 7 0 1 0.988778454632895 7 299482.31748268
"82" "Simulation_82" 2.737 0.141 0.065 2.75 0.769 82 0.05 12000 1000 1 500 111 1 0 1 14 14 0 1 0.979159987175377 10 53099.6556391896
"83" "Simulation_83" 1.731 0.267 0.138 1.495 0.317 83 0.05 12000 1000 1 500 111 0 11 1 2557 2557 0 1 0.954793202949663 224 53099.6556391896
"84" "Simulation_84" 1.982 0.173 0.01 1.809 0.656 84 0.05 12000 1000 1 500 111 1 0 1 1 1 0 0 -1 -1 53099.6556391896
"85" "Simulation_85" 2.988 0.299 0.083 0.554 0.204 85 0.05 12000 1000 1 500 111 1 0 1 1 1 0 1 -1 -1 55288.6726017903
"86" "Simulation_86" 2.485 0.11 0.12 2.436 0.43 86 0.05 12000 1000 1 500 111 1 0 1 4 4 0 1 0.00384738698300737 -1 55304.3198065823
"87" "Simulation_87" 1.479 0.236 0.047 1.181 0.882 87 0.05 12000 1000 1 500 111 1 0 1 6 6 0 1 0.991984610452068 6 72177.1195295966
"88" "Simulation_88" 1.354 0.126 0.147 0.711 0.938 88 0.05 12000 1000 1 500 111 1 0 1 103 103 0 1 0.98941968579673 100 55293.2181523508
"89" "Simulation_89" 2.36 0.251 0.074 1.966 0.486 89 0.05 12000 1000 1 500 111 1 0 1 185 185 0 1 0.996793844180827 158 55186.7038124851
"90" "Simulation_90" 2.862 0.063 0.038 1.338 0.261 90 0.05 12000 1000 1 500 111 1 0 1 36 36 0 0 -1 -1 53898.1192349405
"91" "Simulation_91" 1.857 0.189 0.11 2.593 0.712 91 0.05 12000 1000 1 500 111 1 0 1 15 15 0 1 0.990381532542482 13 51448.0291885374
"92" "Simulation_92" 1.605 0.094 0.056 1.025 0.148 92 0.05 12000 1000 1 500 111 1 0 1 1802 1802 0 1 0.391151009939083 966 55186.7038124851
"93" "Simulation_93" 2.611 0.22 0.129 2.279 0.599 93 0.05 12000 1000 1 500 111 1 0 1 31 31 0 1 0.995831997435075 31 55291.3692000795
"94" "Simulation_94" 2.108 0.157 0.092 1.652 0.825 94 0.05 12000 1000 1 500 111 1 0 1 91 91 0 1 0.988457839050978 84 55556.6191813857
"95" "Simulation_95" 1.102 0.283 0.02 2.907 0.374 95 0.05 12000 1000 1 500 111 1 0 1 83 83 0 1 0.217377364539917 60 52486.690666156
"96" "Simulation_96" 1.071 0.082 0.14 1.377 0.557 96 0.05 12000 1000 1 500 111 0 69 1 2960 2978 18 1 0.999679384418083 1767 55288.6726017903
"97" "Simulation_97" 2.077 0.208 0.067 2.632 0.105 97 0.05 12000 1000 1 500 111 1 0 1 6 6 0 1 0.216736133376082 6 54131.699878621
"98" "Simulation_98" 2.58 0.145 0.031 0.75 0.331 98 0.05 12000 1000 1 500 111 1 0 1 39 39 0 1 0.98461045206797 37 55289.853416231
"99" "Simulation_99" 1.574 0.271 0.104 2.005 0.783 99 0.05 12000 1000 1 500 111 1 0 1 4 4 0 1 0.99647322859891 4 32393.450364689
"100" "Simulation_100" 1.825 0.114 0.049 1.691 0.444 100 0.05 12000 1000 1 500 111 1 0 1 2992 2993 1 1 0.989099070214812 1209 55291.3692000795
"101" "Simulation_101" 2.831 0.24 0.122 2.946 0.896 101 0.05 12000 1000 1 500 111 1 0 1 4 4 0 1 0.991663994870151 4 75940.2381939759
"102" "Simulation_102" 2.328 0.051 0.085 1.064 0.67 102 0.05 12000 1000 1 500 111 1 0 1 41 41 0 1 0.782302019878166 18 54549.5899565469
"103" "Simulation_103" 1.322 0.177 0.013 2.319 0.218 103 0.05 12000 1000 1 500 111 1 0 1 211 211 0 1 0.217056748957999 196 55291.3692000795
"104" "Simulation_104" 1.448 0.161 0.113 2.789 0.162 104 0.05 12000 1000 1 500 111 1 0 1 1 1 0 0 -1 -1 55517.3188680222
"105" "Simulation_105" 2.454 0.287 0.04 1.534 0.614 105 0.05 12000 1000 1 500 111 1 0 1 4 4 0 1 0.997114459762744 4 55186.7038124851
"106" "Simulation_106" 2.957 0.098 0.076 2.162 0.839 106 0.05 12000 1000 1 500 111 1 0 1 19 19 0 1 0.937800577108047 6 44212.5141056925
"107" "Simulation_107" 1.951 0.224 0.149 0.907 0.388 107 0.05 12000 1000 1 500 111 1 0 1 5 5 0 1 0.993908303943572 5 55289.853416231
"108" "Simulation_108" 1.699 0.067 0.022 2.475 0.952 108 0.05 12000 1000 1 500 111 1 0 1 8 8 0 1 0.00352677140109009 -1 53099.6556391896
"109" "Simulation_109" 2.705 0.192 0.095 1.221 0.501 109 0.05 12000 1000 1 500 111 1 0 1 6 6 0 1 0.985572298813722 4 50677.281254418
"110" "Simulation_110" 2.202 0.13 0.131 1.848 0.275 110 0.05 12000 1000 1 500 111 1 0 1 66 66 0 1 0.225713369669766 46 44212.5141056925
"111" "Simulation_111" 1.196 0.255 0.058 0.593 0.726 111 0.05 12000 1000 1 500 111 1 0 1 1 1 0 1 -1 -1 55289.853416231
"112" "Simulation_112" 1.134 0.137 0.035 0.985 0.811 112 0.05 12000 1000 1 500 111 1 0 1 132 132 0 1 0.983327989740301 125 55287.3210926918
"113" "Simulation_113" 2.139 0.263 0.108 2.24 0.359 113 0.05 12000 1000 1 500 111 1 0 1 1 1 0 0 -1 -1 34719.9884096605
"114" "Simulation_114" 2.642 0.075 0.145 1.613 0.134 114 0.05 12000 1000 1 500 111 1 0 1 1 1 0 0 -1 -1 77979.3353656316
"115" "Simulation_115" 1.637 0.2 0.072 2.868 0.585 115 0.05 12000 1000 1 500 111 0 12 1 3617 3617 0 1 0.998717537672331 1060 53648.2028821837
"116" "Simulation_116" 1.888 0.106 0.09 0.672 0.246 116 0.05 12000 1000 1 500 111 1 0 1 57 57 0 1 0.98108368066688 35 34719.9884096605
"117" "Simulation_117" 2.894 0.232 0.017 1.926 0.698 117 0.05 12000 1000 1 500 111 1 0 1 5 5 0 1 0.991663994870151 5 76385.1036659297
"118" "Simulation_118" 2.391 0.169 0.054 1.299 0.924 118 0.05 12000 1000 1 500 111 1 0 1 8 8 0 1 0.977236293683873 8 47999.3067158155
"119" "Simulation_119" 1.385 0.295 0.126 2.554 0.472 119 0.05 12000 1000 1 500 111 1 0 1 2395 2395 0 1 0.490862455915357 1198 47999.3067158155
"120" "Simulation_120" 1.259 0.059 0.063 1.77 0.416 120 0.05 12000 1000 1 500 111 0 92 1 3688 3696 8 1 0.0516191086886823 4 55498.2418615929
"121" "Simulation_121" 2.265 0.185 0.136 0.515 0.868 121 0.05 12000 1000 1 500 111 1 0 1 1 1 0 1 -1 -1 52801.1828840753
"122" "Simulation_122" 2.768 0.122 0.099 2.397 0.642 122 0.05 12000 1000 1 500 111 1 0 1 125 125 0 1 0.988137223469061 97 55288.6726017903
"123" "Simulation_123" 1.762 0.247 0.026 1.142 0.19 123 0.05 12000 1000 1 500 111 1 0 1 1062 1062 0 1 0.576787431869189 698 55186.7038124851
"124" "Simulation_124" 1.511 0.153 0.117 2.083 0.755 124 0.05 12000 1000 1 500 111 1 0 1 1 1 0 0 -1 -1 55517.3188680222
"125" "Simulation_125" 2.517 0.279 0.045 0.828 0.303 125 0.05 12000 1000 1 500 111 1 0 1 3 3 0 1 0.994228919525489 3 50677.281254418
"126" "Simulation_126" 2.014 0.09 0.008 2.711 0.529 126 0.05 12000 1000 1 500 111 1 0 1 566 567 1 1 0.429624879769157 42 50677.281254418
"127" "Simulation_127" 1.008 0.216 0.081 1.456 0.981 127 0.05 12000 1000 1 500 111 1 0 1 7 7 0 1 0.989740301378647 7 54348.8776023639
"128" "Simulation_128" 1.016 0.133 0.119 2.858 0.518 128 0.05 12000 1000 1 500 111 0 141 1 2317 2317 0 1 0.384738698300737 1742 55287.8281595737
"129" "Simulation_129" 2.022 0.258 0.046 1.603 0.97 129 0.05 12000 1000 1 500 111 1 0 1 6 6 0 1 0.992625841615903 5 55287.3210926918
"130" "Simulation_130" 2.525 0.07 0.01 2.23 0.744 130 0.05 12000 1000 1 500 111 1 0 1 2 2 0 0 -1 -1 51810.015940113
"131" "Simulation_131" 1.519 0.195 0.083 0.975 0.292 131 0.05 12000 1000 1 500 111 1 0 1 149 149 0 1 0.994870150689323 137 72177.1195295966
"132" "Simulation_132" 1.77 0.101 0.064 2.544 0.631 132 0.05 12000 1000 1 500 111 1 0 1 565 565 0 1 0.987175376723309 282 50677.281254418
"133" "Simulation_133" 2.776 0.227 0.137 1.289 0.179 133 0.05 12000 1000 1 500 111 1 0 1 34 34 0 1 0.247194613658224 30 54549.5899565469
"134" "Simulation_134" 2.273 0.164 0.101 1.917 0.405 134 0.05 12000 1000 1 500 111 1 0 1 928 928 0 1 0.630971465213209 140 52156.269837712
"135" "Simulation_135" 1.267 0.29 0.028 0.662 0.857 135 0.05 12000 1000 1 500 111 1 0 1 1 1 0 1 -1 -1 47999.3067158155
"136" "Simulation_136" 1.393 0.054 0.092 1.132 0.914 136 0.05 12000 1000 1 500 111 1 0 1 62 62 0 1 0.817569733889067 41 53382.0227826086
"137" "Simulation_137" 2.399 0.18 0.019 2.387 0.462 137 0.05 12000 1000 1 500 111 1 0 1 204 204 0 1 0.580634818852196 51 55287.8281595737
"138" "Simulation_138" 2.902 0.117 0.055 0.505 0.236 138 0.05 12000 1000 1 500 111 1 0 1 15 15 0 1 0.976915678101956 14 77979.3353656316
"139" "Simulation_139" 1.896 0.243 0.128 1.76 0.688 139 0.05 12000 1000 1 500 111 1 0 1 4 4 0 1 0.990702148124399 4 55288.6726017903
"140" "Simulation_140" 1.644 0.148 0.037 1.446 0.123 140 0.05 12000 1000 1 500 111 1 0 1 3 3 0 1 0.0436037191407502 2 55291.3692000795
"141" "Simulation_141" 2.65 0.274 0.11 2.701 0.575 141 0.05 12000 1000 1 500 111 1 0 1 117 117 0 1 0.996793844180827 71 54901.3926173426
"142" "Simulation_142" 2.147 0.085 0.146 0.819 0.801 142 0.05 12000 1000 1 500 111 1 0 1 13 13 0 1 0.923693491503687 12 45919.8037152539
"143" "Simulation_143" 1.141 0.211 0.074 2.074 0.349 143 0.05 12000 1000 1 500 111 1 0 1 167 167 0 1 0.250400769477397 135 77748.0609845916
"144" "Simulation_144" 1.204 0.093 0.014 1.995 0.321 144 0.05 12000 1000 1 500 111 0 26 1 1424 1431 7 1 0.260339852516832 184 51810.015940113
"145" "Simulation_145" 2.21 0.219 0.087 0.74 0.772 145 0.05 12000 1000 1 500 111 1 0 1 1 1 0 1 -1 -1 77317.5827864895
"146" "Simulation_146" 2.713 0.156 0.124 2.623 0.998 146 0.05 12000 1000 1 500 111 1 0 1 1 1 0 0 -1 -1 77615.6089076076
"147" "Simulation_147" 1.707 0.282 0.051 1.368 0.546 147 0.05 12000 1000 1 500 111 1 0 1 6 6 0 1 0.997435075344662 6 55287.1520034505
"148" "Simulation_148" 1.959 0.125 0.105 2.309 0.885 148 0.05 12000 1000 1 500 111 1 0 1 62 62 0 1 0.98461045206797 54 55643.1310441319
"149" "Simulation_149" 2.965 0.25 0.033 1.054 0.434 149 0.05 12000 1000 1 500 111 1 0 1 5 5 0 1 0.994870150689323 5 55640.7993261813
"150" "Simulation_150" 2.462 0.062 0.069 2.936 0.208 150 0.05 12000 1000 1 500 111 1 0 1 22 22 0 0 -1 -1 44212.5141056925
"151" "Simulation_151" 1.456 0.188 0.142 1.681 0.659 151 0.05 12000 1000 1 500 111 1 0 1 38 38 0 1 0.99294645719782 32 55640.7993261813
"152" "Simulation_152" 1.33 0.172 0.042 0.897 0.716 152 0.05 12000 1000 1 500 111 1 0 1 8 8 0 1 0.977236293683873 8 39764.5329787758
"153" "Simulation_153" 2.336 0.298 0.114 2.152 0.264 153 0.05 12000 1000 1 500 111 1 0 1 1 1 0 1 -1 -1 72513.3372544149
"154" "Simulation_154" 2.839 0.109 0.078 1.525 0.49 154 0.05 12000 1000 1 500 111 1 0 1 45 45 0 1 0.977236293683873 23 50268.7437193899
"155" "Simulation_155" 1.833 0.235 0.005 2.779 0.942 155 0.05 12000 1000 1 500 111 1 0 1 6 6 0 1 0.991663994870151 6 55287.8281595737
"156" "Simulation_156" 1.582 0.078 0.133 0.583 0.377 156 0.05 12000 1000 1 500 111 1 0 1 50 50 0 1 0.922090413594101 45 47500.9962167089
"157" "Simulation_157" 2.587 0.203 0.06 1.838 0.829 157 0.05 12000 1000 1 500 111 1 0 1 15 15 0 1 0.990381532542482 13 55052.3819082726
"158" "Simulation_158" 2.084 0.14 0.023 1.211 0.603 158 0.05 12000 1000 1 500 111 1 0 1 108 108 0 1 0.986534145559474 97 49844.9205874757
"159" "Simulation_159" 1.079 0.266 0.096 2.466 0.151 159 0.05 12000 1000 1 500 111 1 0 1 17 17 0 0 -1 -1 40438.0959866681
"160" "Simulation_160" 1.11 0.066 0.053 1.485 0.786 160 0.05 12000 1000 1 500 111 1 0 1 68 68 0 1 0.898364860532222 44 53382.0227826086
"161" "Simulation_161" 2.116 0.191 0.126 2.74 0.335 161 0.05 12000 1000 1 500 111 1 0 1 1 1 0 0 -1 -1 38381.0402624051
"162" "Simulation_162" 2.619 0.129 0.089 0.858 0.109 162 0.05 12000 1000 1 500 111 1 0 1 220 220 0 1 0.409746713690285 135 55289.853416231
"163" "Simulation_163" 1.613 0.254 0.017 2.113 0.561 163 0.05 12000 1000 1 500 111 1 0 1 207 207 0 1 0.99647322859891 189 75703.086066652
"164" "Simulation_164" 1.864 0.16 0.144 1.172 0.222 164 0.05 12000 1000 1 500 111 1 0 1 1217 1217 0 1 0.537672330875281 228 51810.015940113
"165" "Simulation_165" 2.87 0.286 0.071 2.426 0.674 165 0.05 12000 1000 1 500 111 1 0 1 1 1 0 1 -1 -1 55633.673314104
"166" "Simulation_166" 2.367 0.097 0.035 0.544 0.899 166 0.05 12000 1000 1 500 111 1 0 1 1 1 0 1 -1 -1 55657.6401772316
"167" "Simulation_167" 1.361 0.223 0.108 1.799 0.448 167 0.05 12000 1000 1 500 111 0 47 1 2917 2917 0 1 0.998396922090414 533 55052.3819082726
"168" "Simulation_168" 1.487 0.113 0.008 2.583 0.391 168 0.05 12000 1000 1 500 111 1 0 1 461 462 1 1 0.217056748957999 49 45919.8037152539
"169" "Simulation_169" 2.493 0.239 0.08 1.328 0.843 169 0.05 12000 1000 1 500 111 1 0 1 5 5 0 1 0.993267072779737 5 55657.6401772316
"170" "Simulation_170" 2.996 0.05 0.117 1.956 0.617 170 0.05 12000 1000 1 500 111 1 0 1 58 58 0 1 0.00288554023725553 2 48482.9935703405
"171" "Simulation_171" 1.99 0.176 0.044 0.701 0.165 171 0.05 12000 1000 1 500 111 1 0 1 94 94 0 1 0.991022763706316 91 55289.853416231
"172" "Simulation_172" 1.739 0.081 0.099 2.897 0.73 172 0.05 12000 1000 1 500 111 1 0 1 94 94 0 1 0.957037512023084 43 54549.5899565469
"173" "Simulation_173" 2.745 0.207 0.026 1.642 0.278 173 0.05 12000 1000 1 500 111 1 0 1 26 26 0 1 0.312920807951266 24 53898.1192349405
"174" "Simulation_174" 2.242 0.144 0.062 2.27 0.504 174 0.05 12000 1000 1 500 111 1 0 1 182 182 0 1 0.54600833600513 63 55293.2181523508
"175" "Simulation_175" 1.236 0.27 0.135 1.015 0.956 175 0.05 12000 1000 1 500 111 1 0 1 1 1 0 1 -1 -1 55657.6401772316
"176" "Simulation_176" 1.173 0.152 0.085 0.623 0.589 176 0.05 12000 1000 1 500 111 1 0 1 115 115 0 1 0.990060916960564 109 54733.7792618188
"177" "Simulation_177" 2.179 0.278 0.012 1.877 0.137 177 0.05 12000 1000 1 500 111 1 0 1 37 37 0 1 0.217377364539917 30 54901.3926173426
"178" "Simulation_178" 2.682 0.089 0.048 1.25 0.363 178 0.05 12000 1000 1 500 111 1 0 1 51 51 0 1 0.969862135299776 20 54348.8776023639
"179" "Simulation_179" 1.676 0.215 0.121 2.505 0.815 179 0.05 12000 1000 1 500 111 1 0 1 35 35 0 1 0.995831997435075 35 55186.7038124851
"180" "Simulation_180" 1.927 0.058 0.03 0.936 0.476 180 0.05 12000 1000 1 500 111 1 0 1 109 109 0 1 0.909586405899327 53 53898.1192349405
"181" "Simulation_181" 2.933 0.184 0.103 2.191 0.928 181 0.05 12000 1000 1 500 111 1 0 1 10 10 0 1 0.989740301378647 9 45364.5015383311
"182" "Simulation_182" 2.43 0.121 0.139 1.564 0.702 182 0.05 12000 1000 1 500 111 1 0 1 21 21 0 1 0.981724911830715 14 71485.6409259933
"183" "Simulation_183" 1.424 0.246 0.067 2.819 0.25 183 0.05 12000 1000 1 500 111 1 0 1 88 88 0 1 0.217377364539917 70 52156.269837712
"184" "Simulation_184" 1.299 0.105 0.13 2.348 0.194 184 0.05 12000 1000 1 500 111 1 0 1 702 703 1 1 0.217056748957999 367 45364.5015383311
"185" "Simulation_185" 2.305 0.231 0.058 1.093 0.645 185 0.05 12000 1000 1 500 111 1 0 1 6 6 0 1 0.990381532542482 5 55287.8281595737
"186" "Simulation_186" 2.807 0.168 0.021 2.975 0.871 186 0.05 12000 1000 1 500 111 1 0 1 1 1 0 0 -1 -1 55295.3980758654
"187" "Simulation_187" 1.802 0.294 0.094 1.721 0.419 187 0.05 12000 1000 1 500 111 1 0 1 659 659 0 1 0.998396922090414 140 55293.2181523508
"188" "Simulation_188" 1.55 0.136 0.076 2.034 0.984 188 0.05 12000 1000 1 500 111 1 0 1 76 76 0 1 0.986534145559474 66 41099.2678059157
"189" "Simulation_189" 2.556 0.262 0.149 0.779 0.532 189 0.05 12000 1000 1 500 111 1 0 1 1 1 0 1 -1 -1 53382.0227826086
"190" "Simulation_190" 2.053 0.074 0.112 2.662 0.306 190 0.05 12000 1000 1 500 111 1 0 1 1 1 0 0 -1 -1 55556.6191813857
"191" "Simulation_191" 1.047 0.199 0.039 1.407 0.758 191 0.05 12000 1000 1 500 111 1 0 1 667 667 0 1 0.992625841615903 600 55288.6726017903
"192" "Simulation_192" 1.031 0.099 0.111 1.113 0.328 192 0.05 12000 1000 1 500 111 0 115 1 2517 2520 3 1 0.996793844180827 954 55052.3819082726
"193" "Simulation_193" 2.037 0.225 0.038 2.368 0.779 193 0.05 12000 1000 1 500 111 1 0 1 20 20 0 1 0.99294645719782 19 55288.6726017903
"194" "Simulation_194" 2.54 0.162 0.075 1.74 0.554 194 0.05 12000 1000 1 500 111 1 0 1 1 1 0 0 -1 -1 55546.3692080988
"195" "Simulation_195" 1.534 0.288 0.147 2.995 0.102 195 0.05 12000 1000 1 500 111 1 0 1 1 1 0 1 -1 -1 55291.3692000795
"196" "Simulation_196" 1.786 0.131 0.02 0.799 0.666 196 0.05 12000 1000 1 500 111 1 0 1 10 10 0 1 0.973709522282783 9 76976.176582135
"197" "Simulation_197" 2.792 0.256 0.093 2.054 0.215 197 0.05 12000 1000 1 500 111 1 0 1 12 12 0 1 0.217377364539917 10 77317.5827864895
"198" "Simulation_198" 2.289 0.068 0.129 1.426 0.441 198 0.05 12000 1000 1 500 111 1 0 1 3 4 1 0 -1 -1 76976.176582135
"199" "Simulation_199" 1.283 0.193 0.056 2.681 0.892 199 0.05 12000 1000 1 500 111 1 0 1 361 361 0 1 0.991663994870151 325 55657.6401772316
"200" "Simulation_200" 1.409 0.146 0.138 1.897 0.836 200 0.05 12000 1000 1 500 111 1 0 1 9 9 0 1 0.98461045206797 6 54901.3926173426
"201" "Simulation_201" 2.415 0.272 0.066 0.642 0.384 201 0.05 12000 1000 1 500 111 1 0 1 2 2 0 1 0.995190766271241 2 47500.9962167089
"202" "Simulation_202" 2.917 0.083 0.029 2.525 0.158 202 0.05 12000 1000 1 500 111 1 0 1 74 74 0 1 0.21577428663033 30 54549.5899565469
"203" "Simulation_203" 1.912 0.209 0.102 1.27 0.61 203 0.05 12000 1000 1 500 111 1 0 1 7 7 0 1 0.991022763706316 7 76592.4571414259
"204" "Simulation_204" 1.66 0.052 0.047 2.211 0.271 204 0.05 12000 1000 1 500 111 1 0 1 229 233 4 0 -1 -1 76592.4571414259
"205" "Simulation_205" 2.666 0.178 0.12 0.956 0.723 205 0.05 12000 1000 1 500 111 1 0 1 5 5 0 1 0.979480602757294 5 74378.1906141558
"206" "Simulation_206" 2.163 0.115 0.084 2.838 0.949 206 0.05 12000 1000 1 500 111 1 0 1 87 87 0 1 0.982366142994549 73 47500.9962167089
"207" "Simulation_207" 1.157 0.241 0.011 1.583 0.497 207 0.05 12000 1000 1 500 111 1 0 1 1922 1922 0 1 0.99647322859891 1891 55288.6726017903
"208" "Simulation_208" 1.22 0.123 0.061 1.348 0.13 208 0.05 12000 1000 1 500 111 0 62 1 1710 1711 1 1 0.217377364539917 1110 55287.1520034505
"209" "Simulation_209" 2.226 0.248 0.134 2.603 0.582 209 0.05 12000 1000 1 500 111 1 0 1 97 97 0 1 0.996152613016993 69 53648.2028821837
"210" "Simulation_210" 2.729 0.06 0.097 0.721 0.808 210 0.05 12000 1000 1 500 111 1 0 1 7 7 0 1 0.820134658544405 7 49844.9205874757
"211" "Simulation_211" 1.723 0.186 0.025 1.975 0.356 211 0.05 12000 1000 1 500 111 1 0 1 34 34 0 1 0.268034626482847 14 73480.1635424193
"212" "Simulation_212" 1.974 0.091 0.116 1.662 0.921 212 0.05 12000 1000 1 500 111 1 0 1 33 33 0 1 0.972106444373196 22 55291.3692000795
"213" "Simulation_213" 2.98 0.217 0.043 2.917 0.469 213 0.05 12000 1000 1 500 111 1 0 1 39 39 0 1 0.285668483488298 35 55289.853416231
"214" "Simulation_214" 2.477 0.154 0.006 1.034 0.243 214 0.05 12000 1000 1 500 111 1 0 1 508 508 0 1 0.987816607887143 422 55556.6191813857
"215" "Simulation_215" 1.472 0.28 0.079 2.289 0.695 215 0.05 12000 1000 1 500 111 1 0 1 8 8 0 1 0.997755690926579 8 54901.3926173426
"216" "Simulation_216" 1.346 0.076 0.034 2.76 0.638 216 0.05 12000 1000 1 500 111 0 56 1 2070 2075 5 1 0.988137223469061 277 53898.1192349405
"217" "Simulation_217" 2.352 0.201 0.106 1.505 0.186 217 0.05 12000 1000 1 500 111 1 0 1 19 19 0 1 0.232446296890029 18 78305.0850262474
"218" "Simulation_218" 2.855 0.138 0.143 2.132 0.412 218 0.05 12000 1000 1 500 111 1 0 1 95 95 0 1 0.349470984289836 37 55287.8281595737
"219" "Simulation_219" 1.849 0.264 0.07 0.877 0.864 219 0.05 12000 1000 1 500 111 1 0 1 1 1 0 1 -1 -1 55405.1961711847
"220" "Simulation_220" 1.597 0.17 0.088 2.446 0.525 220 0.05 12000 1000 1 500 111 0 48 1 3441 3441 0 1 0.989740301378647 671 54131.699878621
"221" "Simulation_221" 2.603 0.296 0.016 1.191 0.977 221 0.05 12000 1000 1 500 111 1 0 1 1 1 0 1 -1 -1 51448.0291885374
"222" "Simulation_222" 2.1 0.107 0.052 1.819 0.751 222 0.05 12000 1000 1 500 111 1 0 1 88 88 0 1 0.981404296248798 46 54131.699878621
"223" "Simulation_223" 1.094 0.233 0.125 0.564 0.299 223 0.05 12000 1000 1 500 111 1 0 1 29 29 0 1 0.99647322859891 29 51070.4144556807
"224" "Simulation_224" 1.063 0.166 0.027 2.172 0.963 224 0.05 12000 1000 1 500 111 1 0 1 168 168 0 1 0.989740301378647 165 76789.5335929364
"225" "Simulation_225" 2.069 0.292 0.1 0.917 0.511 225 0.05 12000 1000 1 500 111 1 0 1 9 9 0 1 0.997755690926579 9 45364.5015383311
"226" "Simulation_226" 2.572 0.103 0.136 2.799 0.285 226 0.05 12000 1000 1 500 111 1 0 1 26 26 0 1 0.210003206155819 21 49844.9205874757
"227" "Simulation_227" 1.566 0.229 0.063 1.544 0.737 227 0.05 12000 1000 1 500 111 1 0 1 6 6 0 1 0.992625841615903 6 55186.7038124851
"228" "Simulation_228" 1.817 0.072 0.081 1.858 0.172 228 0.05 12000 1000 1 500 111 1 0 1 131 131 0 1 0.15325424815646 34 74660.9929083597
"229" "Simulation_229" 2.823 0.197 0.009 0.603 0.624 229 0.05 12000 1000 1 500 111 1 0 1 1 1 0 1 -1 -1 55287.1520034505
"230" "Simulation_230" 2.32 0.134 0.045 2.485 0.85 230 0.05 12000 1000 1 500 111 1 0 1 264 264 0 1 0.989099070214812 256 55293.2181523508
"231" "Simulation_231" 1.314 0.26 0.118 1.23 0.398 231 0.05 12000 1000 1 500 111 1 0 1 313 313 0 1 0.998396922090414 264 146855.746099432
"232" "Simulation_232" 1.44 0.087 0.072 0.76 0.455 232 0.05 12000 1000 1 500 111 1 0 1 231 231 0 1 0.980442449503046 179 54549.5899565469
"233" "Simulation_233" 2.446 0.213 0.145 2.015 0.906 233 0.05 12000 1000 1 500 111 1 0 1 5 5 0 1 0.991022763706316 5 55289.853416231
"234" "Simulation_234" 2.949 0.15 0.109 1.387 0.681 234 0.05 12000 1000 1 500 111 1 0 1 1 1 0 0 -1 -1 55287.3210926918
"235" "Simulation_235" 1.943 0.276 0.036 2.642 0.229 235 0.05 12000 1000 1 500 111 1 0 1 18 18 0 1 0.217377364539917 14 74660.9929083597
"236" "Simulation_236" 1.692 0.119 0.127 1.074 0.568 236 0.05 12000 1000 1 500 111 1 0 1 271 271 0 1 0.989740301378647 206 51448.0291885374
"237" "Simulation_237" 2.697 0.244 0.054 2.328 0.116 237 0.05 12000 1000 1 500 111 1 0 1 36 36 0 1 0.217377364539917 29 48482.9935703405
"238" "Simulation_238" 2.194 0.056 0.018 1.701 0.342 238 0.05 12000 1000 1 500 111 1 0 1 163 163 0 0 -1 -1 50268.7437193899
"239" "Simulation_239" 1.189 0.182 0.091 2.956 0.794 239 0.05 12000 1000 1 500 111 1 0 1 46 46 0 1 0.991663994870151 42 55291.3692000795
"240" "Simulation_240" 1.126 0.064 0.15 2.407 0.765 240 0.05 12000 1000 1 500 111 0 68 1 1895 1946 51 1 0.98589291439564 338 55595.1599297809
"241" "Simulation_241" 2.132 0.189 0.077 1.152 0.314 241 0.05 12000 1000 1 500 111 1 0 1 107 107 0 1 0.993267072779737 94 74660.9929083597
"242" "Simulation_242" 2.635 0.127 0.041 1.779 0.539 242 0.05 12000 1000 1 500 111 1 0 1 184 184 0 1 0.988778454632895 158 55295.3980758654
"243" "Simulation_243" 1.629 0.252 0.113 0.525 0.991 243 0.05 12000 1000 1 500 111 1 0 1 1 1 0 1 -1 -1 76167.6389514776
"244" "Simulation_244" 1.88 0.158 0.059 2.721 0.426 244 0.05 12000 1000 1 500 111 1 0 1 2 2 0 0 -1 -1 52801.1828840753
"245" "Simulation_245" 2.886 0.284 0.132 1.466 0.878 245 0.05 12000 1000 1 500 111 1 0 1 1 1 0 1 -1 -1 69661.7461284436
"246" "Simulation_246" 2.383 0.095 0.095 2.093 0.652 246 0.05 12000 1000 1 500 111 1 0 1 13 13 0 1 0.420006412311638 5 48482.9935703405
"247" "Simulation_247" 1.377 0.221 0.022 0.838 0.201 247 0.05 12000 1000 1 500 111 1 0 1 2106 2106 0 1 0.99647322859891 1886 55289.853416231
"248" "Simulation_248" 1.251 0.142 0.104 1.623 0.257 248 0.05 12000 1000 1 500 111 0 15 1 1449 1451 2 1 0.285989099070215 1170 54733.7792618188
"249" "Simulation_249" 2.257 0.268 0.031 2.877 0.709 249 0.05 12000 1000 1 500 111 1 0 1 24 24 0 1 0.995831997435075 24 54733.7792618188
"250" "Simulation_250" 2.76 0.079 0.068 0.995 0.935 250 0.05 12000 1000 1 500 111 1 0 1 24 24 0 1 0.955755049695415 18 48951.9153664772
"251" "Simulation_251" 1.754 0.205 0.141 2.25 0.483 251 0.05 12000 1000 1 500 111 1 0 1 1913 1913 0 1 0.992625841615903 627 55291.3692000795
"252" "Simulation_252" 1.503 0.111 0.013 1.309 0.822 252 0.05 12000 1000 1 500 111 1 0 1 675 675 0 1 0.983007374158384 569 51070.4144556807
"253" "Simulation_253" 2.509 0.237 0.086 2.564 0.37 253 0.05 12000 1000 1 500 111 1 0 1 110 110 0 1 0.233408143635781 93 55287.8281595737
"254" "Simulation_254" 2.006 0.174 0.122 0.681 0.144 254 0.05 12000 1000 1 500 111 1 0 1 103 103 0 1 0.99294645719782 94 55287.8281595737
"255" "Simulation_255" 1 0.3 0.05 1.936 0.596 255 0.05 12000 1000 1 500 111 0 12 1 2536 2536 0 1 1 2523 55052.3819082726
"256" "Simulation_256" 1.004 0.174 0.1 1.206 0.852 256 0.05 12000 1000 1 500 111 1 0 1 387 387 0 1 0.991343379288233 368 78427.8313283618
"257" "Simulation_257" 2.01 0.3 0.027 2.461 0.4 257 0.05 12000 1000 1 500 111 1 0 1 3 3 0 1 0.233087528053863 3 47999.3067158155
"258" "Simulation_258" 2.513 0.111 0.064 0.578 0.174 258 0.05 12000 1000 1 500 111 1 0 1 42 42 0 1 0.982686758576467 30 51070.4144556807
"259" "Simulation_259" 1.507 0.237 0.136 1.833 0.626 259 0.05 12000 1000 1 500 111 1 0 1 13 13 0 1 0.993587688361654 13 53898.1192349405
"260" "Simulation_260" 1.758 0.08 0.009 1.52 0.287 260 0.05 12000 1000 1 500 111 0 40 1 1510 1523 13 1 0.263225392754088 29 55287.8281595737
"261" "Simulation_261" 2.764 0.206 0.082 2.775 0.739 261 0.05 12000 1000 1 500 111 1 0 1 6 6 0 1 0.991984610452068 6 54901.3926173426
"262" "Simulation_262" 2.261 0.143 0.118 0.892 0.965 262 0.05 12000 1000 1 500 111 1 0 1 7 7 0 1 0.975312600192369 7 75456.3767885071
"263" "Simulation_263" 1.255 0.269 0.045 2.147 0.513 263 0.05 12000 1000 1 500 111 0 66 1 2306 2306 0 1 0.998076306508496 372 78165.1975353755
"264" "Simulation_264" 1.381 0.096 0.145 2.931 0.344 264 0.05 12000 1000 1 500 111 1 0 1 160 160 0 1 0.216415517794165 90 50677.281254418
"265" "Simulation_265" 2.387 0.221 0.073 1.676 0.795 265 0.05 12000 1000 1 500 111 1 0 1 6 6 0 1 0.991663994870151 6 55288.6726017903
"266" "Simulation_266" 2.89 0.159 0.036 2.304 0.569 266 0.05 12000 1000 1 500 111 1 0 1 48 48 0 1 0.990381532542482 41 54348.8776023639
"267" "Simulation_267" 1.884 0.284 0.109 1.049 0.118 267 0.05 12000 1000 1 500 111 1 0 1 1 1 0 1 -1 -1 43616.1685574991
"268" "Simulation_268" 1.633 0.127 0.054 2.618 0.682 268 0.05 12000 1000 1 500 111 1 0 1 880 880 0 1 0.990381532542482 728 54348.8776023639
"269" "Simulation_269" 2.639 0.253 0.127 1.363 0.231 269 0.05 12000 1000 1 500 111 1 0 1 97 97 0 1 0.405258095543443 76 54901.3926173426
"270" "Simulation_270" 2.136 0.064 0.091 1.99 0.456 270 0.05 12000 1000 1 500 111 1 0 1 102 105 3 1 0.518756011542161 17 55186.7038124851
"271" "Simulation_271" 1.13 0.19 0.018 0.735 0.908 271 0.05 12000 1000 1 500 111 1 0 1 10 10 0 1 0.987816607887143 10 55293.2181523508
"272" "Simulation_272" 1.193 0.056 0.077 0.814 0.654 272 0.05 12000 1000 1 500 111 1 0 1 129 129 0 1 0.85027252324463 104 52801.1828840753
"273" "Simulation_273" 2.198 0.182 0.15 2.069 0.202 273 0.05 12000 1000 1 500 111 1 0 1 3 3 0 1 0.215453671048413 3 55289.853416231
"274" "Simulation_274" 2.701 0.119 0.114 1.441 0.428 274 0.05 12000 1000 1 500 111 1 0 1 41 41 0 1 0.981724911830715 20 55295.3980758654
"275" "Simulation_275" 1.695 0.245 0.041 2.696 0.88 275 0.05 12000 1000 1 500 111 1 0 1 6 6 0 1 0.994228919525489 6 55287.3210926918
"276" "Simulation_276" 1.947 0.151 0.132 0.5 0.541 276 0.05 12000 1000 1 500 111 1 0 1 1 1 0 1 -1 -1 49405.9351771199
"277" "Simulation_277" 2.953 0.276 0.059 1.755 0.993 277 0.05 12000 1000 1 500 111 1 0 1 4 4 0 1 0.995190766271241 4 55536.6433970185
"278" "Simulation_278" 2.45 0.088 0.023 1.127 0.767 278 0.05 12000 1000 1 500 111 1 0 1 89 90 1 1 0.970182750881693 63 55052.3819082726
"279" "Simulation_279" 1.444 0.214 0.095 2.382 0.315 279 0.05 12000 1000 1 500 111 1 0 1 5 5 0 1 0.216415517794165 5 53898.1192349405
"280" "Simulation_280" 1.318 0.135 0.032 1.912 0.146 280 0.05 12000 1000 1 500 111 1 0 1 1909 1909 0 1 0.217056748957999 1024 53648.2028821837
"281" "Simulation_281" 2.324 0.261 0.105 0.657 0.598 281 0.05 12000 1000 1 500 111 1 0 1 1 1 0 1 -1 -1 54348.8776023639
"282" "Simulation_282" 2.827 0.072 0.141 2.539 0.824 282 0.05 12000 1000 1 500 111 1 0 1 14 14 0 1 0.863097146521321 5 52486.690666156
"283" "Simulation_283" 1.821 0.198 0.068 1.284 0.372 283 0.05 12000 1000 1 500 111 1 0 1 228 228 0 1 0.993587688361654 220 50677.281254418
"284" "Simulation_284" 1.57 0.104 0.086 2.225 0.936 284 0.05 12000 1000 1 500 111 1 0 1 366 366 0 1 0.98589291439564 334 55607.1224463001
"285" "Simulation_285" 2.576 0.229 0.014 0.971 0.485 285 0.05 12000 1000 1 500 111 1 0 1 5 5 0 1 0.986534145559474 4 46461.0922104999
"286" "Simulation_286" 2.073 0.166 0.05 2.853 0.259 286 0.05 12000 1000 1 500 111 1 0 1 1 1 0 0 -1 -1 76167.6389514776
"287" "Simulation_287" 1.067 0.292 0.123 1.598 0.711 287 0.05 12000 1000 1 500 111 1 0 1 5 5 0 1 0.997114459762744 5 55479.504825044
"288" "Simulation_288" 1.098 0.107 0.039 2.657 0.442 288 0.05 12000 1000 1 500 111 0 108 1 1710 1712 2 1 0.243347226675216 541 46988.2079465908
"289" "Simulation_289" 2.104 0.233 0.111 1.402 0.894 289 0.05 12000 1000 1 500 111 1 0 1 6 6 0 1 0.993267072779737 6 75940.2381939759
"290" "Simulation_290" 2.607 0.17 0.148 2.029 0.668 290 0.05 12000 1000 1 500 111 1 0 1 2 2 0 1 0.980121833921129 -1 55288.6726017903
"291" "Simulation_291" 1.601 0.296 0.075 0.775 0.216 291 0.05 12000 1000 1 500 111 1 0 1 54 54 0 1 0.998076306508496 51 55287.1520034505
"292" "Simulation_292" 1.853 0.139 0.093 2.971 0.555 292 0.05 12000 1000 1 500 111 0 40 1 1811 1811 0 1 0.906700865662071 1138 55287.3210926918
"293" "Simulation_293" 2.859 0.265 0.02 1.716 0.104 293 0.05 12000 1000 1 500 111 1 0 1 14 14 0 1 0.217056748957999 9 55657.6401772316
"294" "Simulation_294" 2.356 0.076 0.057 2.343 0.329 294 0.05 12000 1000 1 500 111 1 0 1 6 6 0 0 -1 -1 45919.8037152539
"295" "Simulation_295" 1.35 0.202 0.13 1.088 0.781 295 0.05 12000 1000 1 500 111 1 0 1 8 8 0 1 0.989740301378647 8 34719.9884096605
"296" "Simulation_296" 1.475 0.155 0.066 1.559 0.951 296 0.05 12000 1000 1 500 111 1 0 1 789 789 0 1 0.990060916960564 741 54131.699878621
"297" "Simulation_297" 2.481 0.28 0.139 2.814 0.499 297 0.05 12000 1000 1 500 111 1 0 1 91 91 0 1 0.441167040718179 81 53382.0227826086
"298" "Simulation_298" 2.984 0.092 0.102 0.931 0.273 298 0.05 12000 1000 1 500 111 1 0 1 25 25 0 1 0.968900288554024 10 42383.6548545786
"299" "Simulation_299" 1.978 0.217 0.029 2.186 0.725 299 0.05 12000 1000 1 500 111 1 0 1 14 14 0 1 0.991022763706316 13 46461.0922104999
"300" "Simulation_300" 1.727 0.06 0.12 1.245 0.16 300 0.05 12000 1000 1 500 111 1 0 1 753 762 9 1 0.155498557229881 43 54733.7792618188
"301" "Simulation_301" 2.733 0.186 0.048 2.5 0.612 301 0.05 12000 1000 1 500 111 1 0 1 49 49 0 1 0.989740301378647 44 54549.5899565469
"302" "Simulation_302" 2.23 0.123 0.011 0.618 0.838 302 0.05 12000 1000 1 500 111 1 0 1 1 1 0 1 -1 -1 37671.5237484766
"303" "Simulation_303" 1.224 0.249 0.084 1.873 0.386 303 0.05 12000 1000 1 500 111 1 0 1 3494 3494 0 0 -1 -1 55652.4972105866
"304" "Simulation_304" 1.161 0.115 0.134 2.265 0.245 304 0.05 12000 1000 1 500 111 0 62 1 1559 1561 2 1 0.217377364539917 1101 75703.086066652
"305" "Simulation_305" 2.167 0.241 0.061 1.01 0.696 305 0.05 12000 1000 1 500 111 1 0 1 5 5 0 1 0.989099070214812 4 44795.34909529
"306" "Simulation_306" 2.67 0.052 0.025 2.892 0.922 306 0.05 12000 1000 1 500 111 1 0 1 69 69 0 0 -1 -1 41099.2678059157
"307" "Simulation_307" 1.664 0.178 0.098 1.637 0.471 307 0.05 12000 1000 1 500 111 1 0 1 100 100 0 1 0.991984610452068 78 54733.7792618188
"308" "Simulation_308" 1.916 0.084 0.043 1.951 0.809 308 0.05 12000 1000 1 500 111 1 0 1 32 32 0 1 0.955755049695415 24 55287.8281595737
"309" "Simulation_309" 2.921 0.21 0.116 0.696 0.358 309 0.05 12000 1000 1 500 111 1 0 1 6 6 0 1 0.993587688361654 6 55287.8281595737
"310" "Simulation_310" 2.418 0.147 0.079 2.578 0.132 310 0.05 12000 1000 1 500 111 1 0 1 5 5 0 1 0.216415517794165 3 55289.853416231
"311" "Simulation_311" 1.413 0.272 0.007 1.324 0.584 311 0.05 12000 1000 1 500 111 1 0 1 8 8 0 1 0.995831997435075 8 52801.1828840753
"312" "Simulation_312" 1.287 0.068 0.107 0.539 0.753 312 0.05 12000 1000 1 500 111 1 0 1 1 1 0 1 -1 -1 54131.699878621
"313" "Simulation_313" 2.293 0.194 0.034 1.794 0.301 313 0.05 12000 1000 1 500 111 1 0 1 84 84 0 1 0.288554023725553 66 52801.1828840753
"314" "Simulation_314" 2.796 0.131 0.07 1.167 0.527 314 0.05 12000 1000 1 500 111 1 0 1 52 52 0 1 0.98589291439564 43 55186.7038124851
"315" "Simulation_315" 1.79 0.257 0.143 2.422 0.979 315 0.05 12000 1000 1 500 111 1 0 1 5 5 0 1 0.994870150689323 5 50677.281254418
"316" "Simulation_316" 1.538 0.162 0.016 0.853 0.414 316 0.05 12000 1000 1 500 111 1 0 1 125 125 0 1 0.989099070214812 121 55624.1356173605
"317" "Simulation_317" 2.544 0.288 0.089 2.108 0.866 317 0.05 12000 1000 1 500 111 1 0 1 4 4 0 1 0.99647322859891 4 76789.5335929364
"318" "Simulation_318" 2.041 0.1 0.125 1.48 0.64 318 0.05 12000 1000 1 500 111 1 0 1 79 79 0 1 0.980442449503046 56 55287.3210926918
"319" "Simulation_319" 1.035 0.225 0.052 2.735 0.188 319 0.05 12000 1000 1 500 111 1 0 1 301 301 0 1 0.217377364539917 230 55289.853416231
"320" "Simulation_320" 1.051 0.074 0.126 1.814 0.901 320 0.05 12000 1000 1 500 111 0 11 1 2021 2021 0 1 1 1538 46461.0922104999
"321" "Simulation_321" 2.057 0.2 0.053 0.559 0.449 321 0.05 12000 1000 1 500 111 1 0 1 1 1 0 1 -1 -1 52156.269837712
"322" "Simulation_322" 2.56 0.137 0.017 2.441 0.224 322 0.05 12000 1000 1 500 111 1 0 1 1 1 0 0 -1 -1 55536.6433970185
"323" "Simulation_323" 1.554 0.263 0.09 1.186 0.675 323 0.05 12000 1000 1 500 111 1 0 1 12 12 0 1 0.995831997435075 12 48482.9935703405
"324" "Simulation_324" 1.806 0.168 0.072 2.127 0.111 324 0.05 12000 1000 1 500 111 1 0 1 1 1 0 0 -1 -1 53898.1192349405
"325" "Simulation_325" 2.811 0.294 0.144 0.873 0.562 325 0.05 12000 1000 1 500 111 1 0 1 1 1 0 1 -1 -1 55291.3692000795
"326" "Simulation_326" 2.308 0.106 0.108 2.755 0.788 326 0.05 12000 1000 1 500 111 1 0 1 42 42 0 1 0.982045527412632 29 52801.1828840753
"327" "Simulation_327" 1.303 0.231 0.035 1.5 0.336 327 0.05 12000 1000 1 500 111 0 79 1 3061 3061 0 1 0.84193651811478 577 55507.7436093998
"328" "Simulation_328" 1.428 0.121 0.081 1.029 0.506 328 0.05 12000 1000 1 500 111 1 0 1 537 537 0 1 0.990060916960564 468 53898.1192349405
"329" "Simulation_329" 2.434 0.247 0.008 2.284 0.958 329 0.05 12000 1000 1 500 111 1 0 1 5 5 0 1 0.992305226033985 5 78165.1975353755
"330" "Simulation_330" 2.937 0.058 0.044 1.657 0.732 330 0.05 12000 1000 1 500 111 1 0 1 8 8 0 0 -1 -1 0
"331" "Simulation_331" 1.931 0.184 0.117 2.912 0.28 331 0.05 12000 1000 1 500 111 1 0 1 13 13 0 1 0.21224751522924 9 78077.9814573751
"332" "Simulation_332" 1.68 0.09 0.026 0.716 0.619 332 0.05 12000 1000 1 500 111 1 0 1 77 77 0 1 0.97755690926579 74 46461.0922104999
"333" "Simulation_333" 2.686 0.216 0.099 1.971 0.167 333 0.05 12000 1000 1 500 111 1 0 1 1 1 0 0 -1 -1 31597.6698134735
"334" "Simulation_334" 2.183 0.153 0.135 1.343 0.393 334 0.05 12000 1000 1 500 111 1 0 1 57 57 0 1 0.988137223469061 46 51810.015940113
"335" "Simulation_335" 1.177 0.278 0.062 2.598 0.845 335 0.05 12000 1000 1 500 111 1 0 1 5 5 0 1 0.995831997435075 5 55640.7993261813
"336" "Simulation_336" 1.24 0.145 0.012 2.833 0.704 336 0.05 12000 1000 1 500 111 1 0 1 281 281 0 1 0.98941968579673 216 55507.7436093998
"337" "Simulation_337" 2.246 0.271 0.085 1.578 0.252 337 0.05 12000 1000 1 500 111 1 0 1 25 25 0 1 0.319974350753447 23 73480.1635424193
"338" "Simulation_338" 2.749 0.082 0.122 2.206 0.478 338 0.05 12000 1000 1 500 111 1 0 1 2 2 0 0 -1 -1 78240.9177335022
"339" "Simulation_339" 1.743 0.208 0.049 0.951 0.929 339 0.05 12000 1000 1 500 111 1 0 1 12 12 0 1 0.992625841615903 11 48482.9935703405
"340" "Simulation_340" 1.994 0.05 0.103 2.52 0.365 340 0.05 12000 1000 1 500 111 1 0 1 1 1 0 0 -1 -1 38381.0402624051
"341" "Simulation_341" 3 0.176 0.031 1.265 0.816 341 0.05 12000 1000 1 500 111 1 0 1 8 8 0 1 0.986854761141391 8 70770.9885131716
"342" "Simulation_342" 2.497 0.113 0.067 1.892 0.591 342 0.05 12000 1000 1 500 111 1 0 1 239 239 0 1 0.989099070214812 187 55291.3692000795
"343" "Simulation_343" 1.491 0.239 0.14 0.637 0.139 343 0.05 12000 1000 1 500 111 1 0 1 242 242 0 1 0.998076306508496 242 72177.1195295966
"344" "Simulation_344" 1.365 0.098 0.058 1.422 0.308 344 0.05 12000 1000 1 500 111 1 0 1 2168 2169 1 1 0.722988137223469 635 73165.1580305816
"345" "Simulation_345" 2.371 0.223 0.131 2.676 0.76 345 0.05 12000 1000 1 500 111 1 0 1 4 4 0 1 0.991343379288233 4 50677.281254418
"346" "Simulation_346" 2.874 0.161 0.094 0.794 0.986 346 0.05 12000 1000 1 500 111 1 0 1 8 8 0 1 0.986213529977557 7 47500.9962167089
"347" "Simulation_347" 1.868 0.286 0.021 2.049 0.534 347 0.05 12000 1000 1 500 111 1 0 1 254 254 0 1 0.997435075344662 205 53648.2028821837
"348" "Simulation_348" 1.617 0.129 0.149 1.735 0.873 348 0.05 12000 1000 1 500 111 1 0 1 106 106 0 1 0.987816607887143 90 55633.673314104
"349" "Simulation_349" 2.623 0.255 0.076 2.99 0.421 349 0.05 12000 1000 1 500 111 1 0 1 24 24 0 1 0.217377364539917 20 78077.9814573751
"350" "Simulation_350" 2.12 0.066 0.04 1.108 0.195 350 0.05 12000 1000 1 500 111 1 0 1 558 562 4 1 0.00448861814684194 7 55289.853416231
"351" "Simulation_351" 1.114 0.192 0.112 2.363 0.647 351 0.05 12000 1000 1 500 111 1 0 1 636 636 0 1 0.995511381853158 630 55288.6726017903
"352" "Simulation_352" 1.083 0.141 0.047 0.676 0.407 352 0.05 12000 1000 1 500 111 1 0 1 202 202 0 1 0.986534145559474 189 55052.3819082726
"353" "Simulation_353" 2.088 0.267 0.119 1.931 0.859 353 0.05 12000 1000 1 500 111 1 0 1 4 4 0 1 0.996152613016993 4 51810.015940113
"354" "Simulation_354" 2.591 0.078 0.083 1.304 0.633 354 0.05 12000 1000 1 500 111 1 0 1 31 31 0 1 0.920487335684514 20 78165.1975353755
"355" "Simulation_355" 1.585 0.204 0.01 2.559 0.181 355 0.05 12000 1000 1 500 111 1 0 1 123 123 0 1 0.217377364539917 78 54549.5899565469
"356" "Simulation_356" 1.837 0.109 0.137 0.99 0.746 356 0.05 12000 1000 1 500 111 1 0 1 33 33 0 1 0.971785828791279 31 44795.34909529
"357" "Simulation_357" 2.843 0.235 0.065 2.245 0.294 357 0.05 12000 1000 1 500 111 1 0 1 40 40 0 1 0.217377364539917 36 52486.690666156
"358" "Simulation_358" 2.34 0.172 0.028 1.618 0.52 358 0.05 12000 1000 1 500 111 1 0 1 1 1 0 0 -1 -1 54549.5899565469
"359" "Simulation_359" 1.334 0.298 0.101 2.873 0.972 359 0.05 12000 1000 1 500 111 1 0 1 5 5 0 1 0.995190766271241 5 55287.3210926918
"360" "Simulation_360" 1.46 0.062 0.019 2.088 0.802 360 0.05 12000 1000 1 500 111 1 0 1 257 257 0 1 0.00416800256492466 3 70770.9885131716
"361" "Simulation_361" 2.466 0.188 0.092 0.833 0.351 361 0.05 12000 1000 1 500 111 1 0 1 9 9 0 1 0.991984610452068 9 47999.3067158155
"362" "Simulation_362" 2.969 0.125 0.128 2.716 0.125 362 0.05 12000 1000 1 500 111 1 0 1 21 21 0 1 0.216736133376082 17 55186.7038124851
"363" "Simulation_363" 1.963 0.251 0.056 1.461 0.576 363 0.05 12000 1000 1 500 111 1 0 1 6 6 0 1 0.993908303943572 6 55291.3692000795
"364" "Simulation_364" 1.711 0.157 0.11 1.775 0.238 364 0.05 12000 1000 1 500 111 1 0 1 2 2 0 0 -1 -1 54901.3926173426
"365" "Simulation_365" 2.717 0.282 0.037 0.52 0.689 365 0.05 12000 1000 1 500 111 1 0 1 1 1 0 1 -1 -1 53382.0227826086
"366" "Simulation_366" 2.214 0.094 0.074 2.402 0.915 366 0.05 12000 1000 1 500 111 1 0 1 40 40 0 1 0.970823982045527 22 55595.1599297809
"367" "Simulation_367" 1.208 0.219 0.147 1.147 0.464 367 0.05 12000 1000 1 500 111 1 0 1 19 19 0 1 0.994549535107406 19 55556.1216395665
"368" "Simulation_368" 1.145 0.086 0.087 1.696 0.209 368 0.05 12000 1000 1 500 111 0 71 1 1774 1776 2 1 0.217377364539917 562 46988.2079465908
"369" "Simulation_369" 2.151 0.212 0.015 2.951 0.661 369 0.05 12000 1000 1 500 111 1 0 1 86 86 0 1 0.991984610452068 84 55291.3692000795
"370" "Simulation_370" 2.654 0.149 0.051 1.069 0.887 370 0.05 12000 1000 1 500 111 1 0 1 6 6 0 1 0.981724911830715 6 49405.9351771199
"371" "Simulation_371" 1.648 0.274 0.124 2.324 0.435 371 0.05 12000 1000 1 500 111 1 0 1 805 805 0 1 0.511702468739981 727 55607.1224463001
"372" "Simulation_372" 1.9 0.117 0.033 1.382 1 372 0.05 12000 1000 1 500 111 1 0 1 345 345 0 1 0.985572298813722 269 55293.2181523508
"373" "Simulation_373" 2.906 0.243 0.106 2.637 0.548 373 0.05 12000 1000 1 500 111 1 0 1 87 87 0 1 0.987175376723309 28 54348.8776023639
"374" "Simulation_374" 2.403 0.054 0.142 0.755 0.322 374 0.05 12000 1000 1 500 111 1 0 1 37 37 0 1 0.940365501763386 18 55640.7993261813
"375" "Simulation_375" 1.397 0.18 0.069 2.01 0.774 375 0.05 12000 1000 1 500 111 1 0 1 147 147 0 1 0.991022763706316 131 54901.3926173426
"376" "Simulation_376" 1.271 0.164 0.115 2.48 0.605 376 0.05 12000 1000 1 500 111 1 0 1 646 646 0 1 0.991984610452068 375 41099.2678059157
"377" "Simulation_377" 2.277 0.29 0.042 1.225 0.153 377 0.05 12000 1000 1 500 111 1 0 1 1 1 0 0 -1 -1 34719.9884096605
"378" "Simulation_378" 2.78 0.102 0.006 1.853 0.379 378 0.05 12000 1000 1 500 111 1 0 1 119 119 0 1 0.308432189804424 15 54348.8776023639
"379" "Simulation_379" 1.774 0.227 0.078 0.598 0.831 379 0.05 12000 1000 1 500 111 1 0 1 1 1 0 1 -1 -1 55291.3692000795
"380" "Simulation_380" 1.523 0.07 0.06 2.794 0.492 380 0.05 12000 1000 1 500 111 1 0 1 549 553 4 1 0.253286309714652 60 55052.3819082726
"381" "Simulation_381" 2.528 0.196 0.133 1.539 0.944 381 0.05 12000 1000 1 500 111 1 0 1 5 5 0 1 0.98461045206797 5 48482.9935703405
"382" "Simulation_382" 2.026 0.133 0.097 2.167 0.718 382 0.05 12000 1000 1 500 111 1 0 1 66 66 0 1 0.991022763706316 57 55293.2181523508
"383" "Simulation_383" 1.02 0.259 0.024 0.912 0.266 383 0.05 12000 1000 1 500 111 0 11 1 3530 3531 1 1 1 3311 55288.6726017903
"384" "Simulation_384" 1.012 0.091 0.068 2.314 0.672 384 0.05 12000 1000 1 500 111 0 112 1 2339 2339 0 1 0.998076306508496 1140 43616.1685574991
"385" "Simulation_385" 2.018 0.217 0.14 1.059 0.22 385 0.05 12000 1000 1 500 111 1 0 1 753 753 0 1 0.993908303943572 204 55556.6191813857
"386" "Simulation_386" 2.521 0.154 0.104 2.941 0.446 386 0.05 12000 1000 1 500 111 1 0 1 1 1 0 0 -1 -1 54901.3926173426
"387" "Simulation_387" 1.515 0.279 0.031 1.686 0.898 387 0.05 12000 1000 1 500 111 1 0 1 8 8 0 1 0.996152613016993 8 77979.3353656316
"388" "Simulation_388" 1.766 0.122 0.122 2 0.333 388 0.05 12000 1000 1 500 111 1 0 1 698 700 2 1 0.268034626482847 592 55287.8281595737
"389" "Simulation_389" 2.772 0.248 0.049 0.745 0.785 389 0.05 12000 1000 1 500 111 1 0 1 1 1 0 1 -1 -1 55288.6726017903
"390" "Simulation_390" 2.269 0.059 0.013 2.627 0.559 390 0.05 12000 1000 1 500 111 1 0 1 111 111 0 0 -1 -1 49844.9205874757
"391" "Simulation_391" 1.263 0.185 0.086 1.373 0.107 391 0.05 12000 1000 1 500 111 1 0 1 55 55 0 1 0.217056748957999 40 54733.7792618188
"392" "Simulation_392" 1.389 0.169 0.04 0.588 0.276 392 0.05 12000 1000 1 500 111 1 0 1 19 19 0 1 0.988778454632895 18 46461.0922104999
"393" "Simulation_393" 2.395 0.295 0.113 1.843 0.728 393 0.05 12000 1000 1 500 111 1 0 1 2 2 0 1 0.997435075344662 2 55526.9560285824
"394" "Simulation_394" 2.898 0.106 0.149 1.216 0.954 394 0.05 12000 1000 1 500 111 1 0 1 7 7 0 1 0.962808592497595 3 0
"395" "Simulation_395" 1.892 0.232 0.077 2.471 0.502 395 0.05 12000 1000 1 500 111 1 0 1 1832 1832 0 1 0.979159987175377 427 52156.269837712
"396" "Simulation_396" 1.64 0.075 0.095 0.902 0.841 396 0.05 12000 1000 1 500 111 1 0 1 27 27 0 1 0.952228278294325 18 43616.1685574991
"397" "Simulation_397" 2.646 0.201 0.022 2.157 0.389 397 0.05 12000 1000 1 500 111 1 0 1 204 204 0 1 0.330554664956717 126 54733.7792618188
"398" "Simulation_398" 2.143 0.138 0.058 1.529 0.164 398 0.05 12000 1000 1 500 111 1 0 1 59 59 0 1 0.217056748957999 39 54733.7792618188
"399" "Simulation_399" 1.138 0.264 0.131 2.784 0.615 399 0.05 12000 1000 1 500 111 0 124 1 2093 2093 0 1 0.999038153254248 302 51070.4144556807
"400" "Simulation_400" 1.2 0.13 0.108 2.549 0.926 400 0.05 12000 1000 1 500 111 1 0 1 557 557 0 1 0.989099070214812 518 74660.9929083597
"401" "Simulation_401" 2.206 0.256 0.036 1.294 0.474 401 0.05 12000 1000 1 500 111 1 0 1 9 9 0 1 0.994228919525489 9 45364.5015383311
"402" "Simulation_402" 2.709 0.067 0.072 1.922 0.248 402 0.05 12000 1000 1 500 111 1 0 1 1 1 0 0 -1 -1 0
"403" "Simulation_403" 1.703 0.193 0.145 0.667 0.7 403 0.05 12000 1000 1 500 111 1 0 1 2 2 0 1 0.986213529977557 2 55556.6191813857
"404" "Simulation_404" 1.955 0.099 0.018 2.863 0.135 404 0.05 12000 1000 1 500 111 0 43 1 1454 1455 1 1 0.217377364539917 443 55287.8281595737
"405" "Simulation_405" 2.961 0.224 0.09 1.608 0.587 405 0.05 12000 1000 1 500 111 1 0 1 5 5 0 1 0.986534145559474 5 55291.3692000795
"406" "Simulation_406" 2.458 0.161 0.127 2.235 0.813 406 0.05 12000 1000 1 500 111 1 0 1 37 37 0 1 0.98941968579673 34 55295.3980758654
"407" "Simulation_407" 1.452 0.287 0.054 0.98 0.361 407 0.05 12000 1000 1 500 111 1 0 1 4 4 0 1 0.997114459762744 4 44795.34909529
"408" "Simulation_408" 1.326 0.051 0.136 1.451 0.531 408 0.05 12000 1000 1 500 111 0 60 1 1990 2062 72 1 0.431227957678743 31 78077.9814573751
"409" "Simulation_409" 2.332 0.177 0.063 2.706 0.982 409 0.05 12000 1000 1 500 111 1 0 1 33 33 0 1 0.991022763706316 28 54549.5899565469
"410" "Simulation_410" 2.835 0.114 0.027 0.824 0.756 410 0.05 12000 1000 1 500 111 1 0 1 8 8 0 1 0.95639628085925 7 55287.8281595737
"411" "Simulation_411" 1.829 0.24 0.099 2.078 0.305 411 0.05 12000 1000 1 500 111 1 0 1 76 76 0 1 0.233408143635781 67 54549.5899565469
"412" "Simulation_412" 1.578 0.146 0.045 1.137 0.644 412 0.05 12000 1000 1 500 111 1 0 1 7 7 0 1 0.978518756011542 7 55297.9063796603
"413" "Simulation_413" 2.583 0.272 0.118 2.392 0.192 413 0.05 12000 1000 1 500 111 1 0 1 2 2 0 1 0.217377364539917 2 55287.3210926918
"414" "Simulation_414" 2.081 0.083 0.081 0.51 0.418 414 0.05 12000 1000 1 500 111 1 0 1 6 6 0 1 0.951587047130491 6 54733.7792618188
"415" "Simulation_415" 1.075 0.209 0.008 1.765 0.869 415 0.05 12000 1000 1 500 111 1 0 1 60 60 0 1 0.991343379288233 58 36950.4423319665
"416" "Simulation_416" 1.106 0.158 0.143 0.941 0.178 416 0.05 12000 1000 1 500 111 0 125 1 3917 3917 0 1 0.652773324783585 836 55291.3692000795
"417" "Simulation_417" 2.112 0.283 0.07 2.196 0.629 417 0.05 12000 1000 1 500 111 1 0 1 10 10 0 1 0.99647322859891 10 53382.0227826086
"418" "Simulation_418" 2.615 0.095 0.033 1.569 0.855 418 0.05 12000 1000 1 500 111 1 0 1 1 1 0 0 -1 -1 52156.269837712
"419" "Simulation_419" 1.609 0.22 0.106 2.824 0.404 419 0.05 12000 1000 1 500 111 1 0 1 205 205 0 1 0.233408143635781 171 77869.3339956228
"420" "Simulation_420" 1.861 0.063 0.052 0.627 0.968 420 0.05 12000 1000 1 500 111 1 0 1 43 43 0 1 0.927540878486694 41 75200.3141944766
"421" "Simulation_421" 2.866 0.189 0.124 1.882 0.516 421 0.05 12000 1000 1 500 111 1 0 1 34 34 0 1 0.99294645719782 32 53898.1192349405
"422" "Simulation_422" 2.363 0.126 0.088 1.255 0.291 422 0.05 12000 1000 1 500 111 1 0 1 541 541 0 1 0.953190125040077 255 52486.690666156
"423" "Simulation_423" 1.358 0.252 0.015 2.51 0.742 423 0.05 12000 1000 1 500 111 1 0 1 13 13 0 1 0.995190766271241 13 48951.9153664772
"424" "Simulation_424" 1.483 0.11 0.097 2.039 0.573 424 0.05 12000 1000 1 500 111 0 44 1 2356 2356 0 1 0.999038153254248 1453 45919.8037152539
"425" "Simulation_425" 2.489 0.236 0.024 0.784 0.121 425 0.05 12000 1000 1 500 111 1 0 1 379 379 0 1 0.989740301378647 136 53898.1192349405
"426" "Simulation_426" 2.992 0.173 0.061 2.667 0.347 426 0.05 12000 1000 1 500 111 1 0 1 1 1 0 0 -1 -1 54549.5899565469
"427" "Simulation_427" 1.986 0.299 0.134 1.412 0.799 427 0.05 12000 1000 1 500 111 1 0 1 6 6 0 1 0.997755690926579 6 166069.203439243
"428" "Simulation_428" 1.735 0.142 0.006 2.353 0.46 428 0.05 12000 1000 1 500 111 1 0 1 856 858 2 1 0.440525809554344 345 53099.6556391896
"429" "Simulation_429" 2.741 0.268 0.079 1.098 0.912 429 0.05 12000 1000 1 500 111 1 0 1 1 1 0 1 -1 -1 53382.0227826086
"430" "Simulation_430" 2.238 0.079 0.115 2.98 0.686 430 0.05 12000 1000 1 500 111 1 0 1 93 97 4 1 0.953831356203911 22 45919.8037152539
"431" "Simulation_431" 1.232 0.205 0.043 1.725 0.234 431 0.05 12000 1000 1 500 111 1 0 1 372 372 0 1 0.233408143635781 269 55288.6726017903
"432" "Simulation_432" 1.169 0.071 0.029 1.176 0.432 432 0.05 12000 1000 1 500 111 0 64 1 1729 1733 4 1 0.994870150689323 374 55291.3692000795
"433" "Simulation_433" 2.175 0.197 0.102 2.431 0.884 433 0.05 12000 1000 1 500 111 1 0 1 41 41 0 1 0.991663994870151 35 53382.0227826086
"434" "Simulation_434" 2.678 0.134 0.138 0.549 0.658 434 0.05 12000 1000 1 500 111 1 0 1 1 1 0 1 -1 -1 55295.3980758654
"435" "Simulation_435" 1.672 0.26 0.065 1.804 0.206 435 0.05 12000 1000 1 500 111 1 0 1 87 87 0 1 0.217377364539917 70 75200.3141944766
"436" "Simulation_436" 1.923 0.165 0.083 1.49 0.771 436 0.05 12000 1000 1 500 111 1 0 1 281 281 0 1 0.991663994870151 262 55489.3039955295
"437" "Simulation_437" 2.929 0.291 0.011 2.745 0.319 437 0.05 12000 1000 1 500 111 1 0 1 2 2 0 1 0.217056748957999 2 51810.015940113
"438" "Simulation_438" 2.426 0.103 0.047 0.863 0.545 438 0.05 12000 1000 1 500 111 1 0 1 36 36 0 1 0.971785828791279 25 50677.281254418
"439" "Simulation_439" 1.42 0.228 0.12 2.118 0.996 439 0.05 12000 1000 1 500 111 1 0 1 7 7 0 1 0.991984610452068 7 55289.853416231
"440" "Simulation_440" 1.295 0.118 0.074 2.902 0.827 440 0.05 12000 1000 1 500 111 1 0 1 959 959 0 1 0.989740301378647 706 70035.9696561316
"441" "Simulation_441" 2.301 0.244 0.147 1.647 0.375 441 0.05 12000 1000 1 500 111 1 0 1 343 343 0 1 0.996793844180827 142 55287.1520034505
"442" "Simulation_442" 2.804 0.055 0.111 2.275 0.149 442 0.05 12000 1000 1 500 111 1 0 1 12 12 0 0 -1 -1 54131.699878621
"443" "Simulation_443" 1.798 0.181 0.038 1.02 0.601 443 0.05 12000 1000 1 500 111 1 0 1 39 39 0 1 0.991022763706316 37 51448.0291885374
"444" "Simulation_444" 1.546 0.087 0.129 2.588 0.262 444 0.05 12000 1000 1 500 111 1 0 1 1 1 0 0 -1 -1 75456.3767885071
"445" "Simulation_445" 2.552 0.213 0.056 1.333 0.714 445 0.05 12000 1000 1 500 111 1 0 1 6 6 0 1 0.990702148124399 6 55293.2181523508
"446" "Simulation_446" 2.049 0.15 0.02 1.961 0.94 446 0.05 12000 1000 1 500 111 1 0 1 117 117 0 1 0.987495992305226 110 54901.3926173426
"447" "Simulation_447" 1.043 0.275 0.093 0.706 0.488 447 0.05 12000 1000 1 500 111 1 0 1 2 2 0 1 0.995190766271241 2 49844.9205874757
"448" "Simulation_448" 1.028 0.124 0.021 1.667 0.622 448 0.05 12000 1000 1 500 111 1 0 1 1958 1958 0 1 0.98941968579673 1357 52486.690666156
"449" "Simulation_449" 2.033 0.25 0.094 2.922 0.171 449 0.05 12000 1000 1 500 111 1 0 1 35 35 0 1 0.217377364539917 31 73165.1580305816
"450" "Simulation_450" 2.536 0.061 0.13 1.039 0.396 450 0.05 12000 1000 1 500 111 1 0 1 7 7 0 0 -1 -1 50268.7437193899
"451" "Simulation_451" 1.53 0.187 0.057 2.294 0.848 451 0.05 12000 1000 1 500 111 1 0 1 93 93 0 1 0.991343379288233 84 49405.9351771199
"452" "Simulation_452" 1.782 0.093 0.112 1.353 0.509 452 0.05 12000 1000 1 500 111 1 0 1 96 96 0 1 0.981724911830715 60 54131.699878621
"453" "Simulation_453" 2.788 0.218 0.039 2.608 0.961 453 0.05 12000 1000 1 500 111 1 0 1 5 5 0 1 0.991343379288233 5 53898.1192349405
"454" "Simulation_454" 2.285 0.156 0.076 0.725 0.735 454 0.05 12000 1000 1 500 111 1 0 1 8 8 0 1 0.975633215774287 7 54131.699878621
"455" "Simulation_455" 1.279 0.281 0.148 1.98 0.284 455 0.05 12000 1000 1 500 111 1 0 1 1 1 0 1 -1 -1 49844.9205874757
"456" "Simulation_456" 1.405 0.077 0.048 2.451 0.114 456 0.05 12000 1000 1 500 111 1 0 1 1 1 0 0 -1 -1 76789.5335929364
"457" "Simulation_457" 2.411 0.203 0.121 1.196 0.566 457 0.05 12000 1000 1 500 111 1 0 1 8 8 0 1 0.993587688361654 8 55288.6726017903
"458" "Simulation_458" 2.914 0.14 0.085 1.824 0.792 458 0.05 12000 1000 1 500 111 1 0 1 4 4 0 1 0.614620070535428 2 55289.853416231
"459" "Simulation_459" 1.908 0.266 0.012 0.569 0.34 459 0.05 12000 1000 1 500 111 1 0 1 1 1 0 1 -1 -1 43006.4886699039
"460" "Simulation_460" 1.656 0.171 0.139 2.765 0.905 460 0.05 12000 1000 1 500 111 1 0 1 18 18 0 1 0.987495992305226 16 52156.269837712
"461" "Simulation_461" 2.662 0.297 0.066 1.51 0.453 461 0.05 12000 1000 1 500 111 1 0 1 12 12 0 1 0.997435075344662 12 55556.6191813857
"462" "Simulation_462" 2.159 0.108 0.03 2.137 0.227 462 0.05 12000 1000 1 500 111 1 0 1 407 409 2 1 0.217056748957999 128 75940.2381939759
"463" "Simulation_463" 1.153 0.234 0.103 0.882 0.679 463 0.05 12000 1000 1 500 111 1 0 1 16 16 0 1 0.995511381853158 16 55287.8281595737
"464" "Simulation_464" 1.216 0.101 0.116 0.804 0.876 464 0.05 12000 1000 1 500 111 1 0 1 16 16 0 1 0.96697659506252 16 0
"465" "Simulation_465" 2.222 0.226 0.044 2.059 0.425 465 0.05 12000 1000 1 500 111 1 0 1 236 236 0 1 0.683552420647643 101 77979.3353656316
"466" "Simulation_466" 2.725 0.163 0.007 1.431 0.199 466 0.05 12000 1000 1 500 111 1 0 1 2 2 0 0 -1 -1 54131.699878621
"467" "Simulation_467" 1.719 0.289 0.08 2.686 0.651 467 0.05 12000 1000 1 500 111 1 0 1 173 173 0 1 0.998717537672331 172 55291.3692000795
"468" "Simulation_468" 1.971 0.132 0.062 1.118 0.312 468 0.05 12000 1000 1 500 111 1 0 1 1161 1161 0 1 0.991343379288233 791 55287.3210926918
"469" "Simulation_469" 2.976 0.258 0.135 2.373 0.764 469 0.05 12000 1000 1 500 111 1 0 1 3 3 0 1 0.995511381853158 3 55295.3980758654
"470" "Simulation_470" 2.473 0.069 0.098 1.745 0.989 470 0.05 12000 1000 1 500 111 1 0 1 4 4 0 1 0.849631292080795 3 53898.1192349405
"471" "Simulation_471" 1.468 0.195 0.025 3 0.538 471 0.05 12000 1000 1 500 111 1 0 1 3006 3006 0 1 0.586726514908625 1128 77615.6089076076
"472" "Simulation_472" 1.342 0.148 0.089 2.216 0.368 472 0.05 12000 1000 1 500 111 1 0 1 1202 1202 0 1 0.268034626482847 986 55607.1224463001
"473" "Simulation_473" 2.348 0.273 0.016 0.961 0.82 473 0.05 12000 1000 1 500 111 1 0 1 1 1 0 1 -1 -1 52801.1828840753
"474" "Simulation_474" 2.851 0.085 0.053 2.843 0.594 474 0.05 12000 1000 1 500 111 1 0 1 43 44 1 1 0.894838089131132 19 51810.015940113
"475" "Simulation_475" 1.845 0.211 0.126 1.588 0.142 475 0.05 12000 1000 1 500 111 1 0 1 49 49 0 1 0.217377364539917 45 51810.015940113
"476" "Simulation_476" 1.593 0.053 0.035 1.902 0.707 476 0.05 12000 1000 1 500 111 1 0 1 31 31 0 0 -1 -1 55287.3210926918
"477" "Simulation_477" 2.599 0.179 0.107 0.647 0.255 477 0.05 12000 1000 1 500 111 1 0 1 8 8 0 1 0.983327989740301 8 55287.8281595737
"478" "Simulation_478" 2.096 0.116 0.144 2.529 0.481 478 0.05 12000 1000 1 500 111 1 0 1 39 39 0 1 0.326066046809875 14 51070.4144556807
"479" "Simulation_479" 1.09 0.242 0.071 1.275 0.933 479 0.05 12000 1000 1 500 111 1 0 1 12 12 0 1 0.993587688361654 11 55657.6401772316
"480" "Simulation_480" 1.059 0.057 0.078 2.725 0.213 480 0.05 12000 1000 1 500 111 0 95 1 1623 1635 12 1 0.030779095864059 4 50268.7437193899
"481" "Simulation_481" 2.065 0.183 0.005 1.471 0.665 481 0.05 12000 1000 1 500 111 1 0 1 71 71 0 1 0.989099070214812 68 55287.3210926918
"482" "Simulation_482" 2.568 0.12 0.041 2.098 0.891 482 0.05 12000 1000 1 500 111 1 0 1 58 58 0 1 0.983327989740301 46 49844.9205874757
"483" "Simulation_483" 1.562 0.246 0.114 0.843 0.439 483 0.05 12000 1000 1 500 111 1 0 1 6 6 0 1 0.996793844180827 6 55295.3980758654
"484" "Simulation_484" 1.813 0.152 0.023 2.412 0.778 484 0.05 12000 1000 1 500 111 1 0 1 9 9 0 1 0.983007374158384 5 54901.3926173426
"485" "Simulation_485" 2.819 0.277 0.096 1.157 0.326 485 0.05 12000 1000 1 500 111 1 0 1 23 23 0 1 0.99647322859891 22 55293.2181523508
"486" "Simulation_486" 2.316 0.089 0.132 1.784 0.1 486 0.05 12000 1000 1 500 111 1 0 1 6 6 0 0 -1 -1 76592.4571414259
"487" "Simulation_487" 1.31 0.215 0.06 0.529 0.552 487 0.05 12000 1000 1 500 111 1 0 1 1 1 0 1 -1 -1 256189.842520788
"488" "Simulation_488" 1.436 0.136 0.123 1.314 0.721 488 0.05 12000 1000 1 500 111 1 0 1 44 44 0 1 0.984289836486053 34 55291.3692000795
"489" "Simulation_489" 2.442 0.262 0.05 2.569 0.269 489 0.05 12000 1000 1 500 111 1 0 1 21 21 0 1 0.217377364539917 17 49405.9351771199
"490" "Simulation_490" 2.945 0.073 0.014 0.686 0.495 490 0.05 12000 1000 1 500 111 1 0 1 11 11 0 1 0.907021481243988 10 78165.1975353755
"491" "Simulation_491" 1.939 0.199 0.087 1.941 0.947 491 0.05 12000 1000 1 500 111 1 0 1 27 27 0 1 0.990702148124399 23 52486.690666156
"492" "Simulation_492" 1.688 0.105 0.069 1.627 0.382 492 0.05 12000 1000 1 500 111 1 0 1 1374 1376 2 1 0.98108368066688 579 55607.1224463001
"493" "Simulation_493" 2.694 0.23 0.141 2.882 0.834 493 0.05 12000 1000 1 500 111 1 0 1 4 4 0 1 0.994549535107406 4 50268.7437193899
"494" "Simulation_494" 2.191 0.167 0.105 1 0.608 494 0.05 12000 1000 1 500 111 1 0 1 15 15 0 1 0.987816607887143 14 55293.2181523508
"495" "Simulation_495" 1.185 0.293 0.032 2.255 0.156 495 0.05 12000 1000 1 500 111 1 0 1 1 1 0 0 -1 -1 55507.7436093998
"496" "Simulation_496" 1.122 0.16 0.055 1.863 0.467 496 0.05 12000 1000 1 500 111 0 157 1 2666 2666 0 1 0.995831997435075 1286 77748.0609845916
"497" "Simulation_497" 2.128 0.285 0.128 0.608 0.919 497 0.05 12000 1000 1 500 111 1 0 1 1 1 0 1 -1 -1 55288.6726017903
"498" "Simulation_498" 2.631 0.097 0.091 2.49 0.693 498 0.05 12000 1000 1 500 111 1 0 1 18 18 0 1 0.9740301378647 7 73787.5179050265
"499" "Simulation_499" 1.625 0.222 0.019 1.235 0.241 499 0.05 12000 1000 1 500 111 1 0 1 2990 2990 0 1 0.787111253606925 719 77472.0793172001
"500" "Simulation_500" 1.876 0.065 0.146 2.176 0.58 500 0.05 12000 1000 1 500 111 1 0 1 182 189 7 1 0.825905739018916 22 55536.6433970185
