Sim_index	S	omega_T	omega_P	sigma_e	disp_shape	disp_scale	seed	divergence_factor	max_species	max_coex_sp	start_species	init_ab	grid_cell_distance	finished	final_timestep	initial_nb_species	final_nb_species	sp_events	ex_events	exchanged	prop_col_area	abs_col_area	div_col	dist_to_isthmus
Simulation_1	1.998	0.304	0.175	0.078	1.75	0.549	1	0.05	12000	1000	1	500	111	1	0	1	0	1	1	-1	-1	-1	-1	5001.03736907651
Simulation_2	2.501	0.156	0.238	0.041	2.377	0.323	2	0.05	12000	1000	1	500	111	1	0	1	3	3	0	1	0.843057176196033	1445	3	3872.60494060879
Simulation_3	1.495	0.453	0.112	0.114	1.123	0.775	3	0.05	12000	1000	1	500	111	1	0	1	1	1	0	0	-1	-1	-1	7665.80614018898
Simulation_4	1.747	0.23	0.206	0.023	2.691	0.889	4	0.05	12000	1000	1	500	111	1	0	1	12	12	0	1	1	1714	5	4411.42358945317
Simulation_5	2.752	0.527	0.081	0.096	1.436	0.436	5	0.05	12000	1000	1	500	111	1	0	1	14	14	0	1	1	1714	3	4590.68215608864
Simulation_6	2.25	0.082	0.144	0.059	0.809	0.662	6	0.05	12000	1000	1	500	111	1	0	1	2	2	0	0	-1	-1	-1	4154.99637525818
Simulation_7	1.244	0.379	0.269	0.132	2.064	0.21	7	0.05	12000	1000	1	500	111	1	0	1	1	1	0	0	-1	-1	-1	5235.63533779198
Simulation_8	1.369	0.193	0.128	0.105	1.907	0.266	8	0.05	12000	1000	1	500	111	1	0	1	1	1	0	0	-1	-1	-1	5361.69964017827
Simulation_9	2.375	0.49	0.253	0.032	0.652	0.719	9	0.05	12000	1000	1	500	111	1	0	1	1	1	0	0	-1	-1	-1	8445.66749840336
Simulation_10	2.878	0.045	0.191	0.141	1.279	0.493	10	0.05	12000	1000	1	500	111	1	0	1	0	1	1	-1	-1	-1	-1	7028.50500852509
Simulation_11	1.872	0.342	0.065	0.068	2.534	0.945	11	0.05	12000	1000	1	500	111	1	0	1	1	1	0	0	-1	-1	-1	1512.90265010755
Simulation_12	1.621	0.119	0.285	0.087	1.593	0.832	12	0.05	12000	1000	1	500	111	1	0	1	0	1	1	-1	-1	-1	-1	6650.3942791647
Simulation_13	2.627	0.416	0.159	0.014	2.848	0.379	13	0.05	12000	1000	1	500	111	1	0	1	1	1	0	1	0.900233372228705	1543	1	4257.77064182026
Simulation_14	2.124	0.267	0.097	0.123	2.221	0.606	14	0.05	12000	1000	1	500	111	1	0	1	183	183	0	1	0.0390898483080513	67	2	6158.13386792219
Simulation_15	1.118	0.564	0.222	0.05	0.966	0.153	15	0.05	12000	1000	1	500	111	0	124	1	4793	4793	0	1	0.847141190198366	1452	5	6615.85951898636
Simulation_16	1.181	0.286	0.261	0.064	1.201	0.408	16	0.05	12000	1000	1	500	111	1	0	1	837	837	0	1	0.99708284714119	1709	3	555.97550588742
Simulation_17	2.187	0.583	0.136	0.137	2.456	0.86	17	0.05	12000	1000	1	500	111	1	0	1	1	1	0	0	-1	-1	-1	1939.36644318789
Simulation_18	2.69	0.138	0.073	0.027	1.828	0.181	18	0.05	12000	1000	1	500	111	1	0	1	0	1	1	-1	-1	-1	-1	6772.00870778072
Simulation_19	1.684	0.434	0.199	0.1	0.574	0.634	19	0.05	12000	1000	1	500	111	1	0	1	1	1	0	0	-1	-1	-1	1552.92738212813
Simulation_20	1.935	0.063	0.167	0.046	2.142	0.747	20	0.05	12000	1000	1	500	111	1	0	1	0	1	1	-1	-1	-1	-1	9144.61845421503
Simulation_21	2.941	0.36	0.293	0.118	0.887	0.294	21	0.05	12000	1000	1	500	111	1	0	1	1	1	0	0	-1	-1	-1	6287.78994692632
Simulation_22	2.438	0.212	0.23	0.009	1.515	0.973	22	0.05	12000	1000	1	500	111	1	0	1	2	2	0	0	-1	-1	-1	4575.03916427891
Simulation_23	1.432	0.508	0.104	0.082	2.77	0.521	23	0.05	12000	1000	1	500	111	1	0	1	1775	1775	0	1	0.949241540256709	1627	257	4637.2799523033
Simulation_24	1.306	0.1	0.183	0.128	2.613	0.464	24	0.05	12000	1000	1	500	111	1	0	1	0	1	1	-1	-1	-1	-1	7368.24017502957
Simulation_25	2.312	0.397	0.057	0.055	1.358	0.917	25	0.05	12000	1000	1	500	111	1	0	1	1	1	0	0	-1	-1	-1	7485.19062307821
Simulation_26	2.815	0.249	0.12	0.091	0.73	0.238	26	0.05	12000	1000	1	500	111	1	0	1	0	1	1	-1	-1	-1	-1	5400.59266823569
Simulation_27	1.809	0.546	0.246	0.018	1.985	0.691	27	0.05	12000	1000	1	500	111	1	0	1	2	2	0	0	-1	-1	-1	8031.2255598545
Simulation_28	1.558	0.175	0.089	0.146	1.044	0.577	28	0.05	12000	1000	1	500	111	1	0	1	5	5	0	0	-1	-1	-1	3898.24214132225
Simulation_29	2.564	0.471	0.214	0.073	2.299	0.125	29	0.05	12000	1000	1	500	111	1	0	1	1	1	0	0	-1	-1	-1	7302.23876850186
Simulation_30	2.061	0.026	0.277	0.109	2.926	0.804	30	0.05	12000	1000	1	500	111	1	0	1	0	1	1	-1	-1	-1	-1	6672.39080605025
Simulation_31	1.055	0.323	0.151	0.037	1.672	0.351	31	0.05	12000	1000	1	500	111	0	31	1	6740	6740	0	1	0.990665110851809	1698	2467	3736.12202502515
Simulation_32	1.086	0.165	0.202	0.089	2.26	0.676	32	0.05	12000	1000	1	500	111	1	0	1	0	1	1	-1	-1	-1	-1	6181.66858616111
Simulation_33	2.092	0.462	0.077	0.016	1.005	0.224	33	0.05	12000	1000	1	500	111	1	0	1	661	661	0	1	0.996499416569428	1708	22	6301.7232439476
Simulation_34	2.595	0.017	0.14	0.125	1.632	0.903	34	0.05	12000	1000	1	500	111	1	0	1	0	1	1	-1	-1	-1	-1	6934.47901439331
Simulation_35	1.589	0.314	0.265	0.052	2.887	0.45	35	0.05	12000	1000	1	500	111	1	0	1	1	1	0	0	-1	-1	-1	4645.64126494622
Simulation_36	1.841	0.091	0.108	0.107	1.319	0.337	36	0.05	12000	1000	1	500	111	1	0	1	207	209	2	1	0.827887981330222	1419	12	4722.3172645792
Simulation_37	2.847	0.388	0.234	0.034	2.574	0.79	37	0.05	12000	1000	1	500	111	1	0	1	1	1	0	0	-1	-1	-1	4998.78882387969
Simulation_38	2.344	0.24	0.297	0.143	1.946	0.111	38	0.05	12000	1000	1	500	111	1	0	1	1	1	0	1	0.888564760793466	1523	1	3356.88570176958
Simulation_39	1.338	0.536	0.171	0.071	0.691	0.563	39	0.05	12000	1000	1	500	111	1	0	1	1	1	0	0	-1	-1	-1	5066.52940654678
Simulation_40	1.464	0.054	0.25	0.025	0.848	0.62	40	0.05	12000	1000	1	500	111	1	0	1	28	28	0	1	0.938156359393232	1608	26	798.366604598277
Simulation_41	2.47	0.351	0.124	0.098	2.103	0.167	41	0.05	12000	1000	1	500	111	1	0	1	1	1	0	1	0.900233372228705	1543	1	4074.77396494923
Simulation_42	2.972	0.202	0.061	0.062	2.73	0.846	42	0.05	12000	1000	1	500	111	1	0	1	3	3	0	0	-1	-1	-1	6358.5869410463
Simulation_43	1.967	0.499	0.187	0.134	1.475	0.394	43	0.05	12000	1000	1	500	111	1	0	1	538	538	0	1	1	1714	37	4775.03730637112
Simulation_44	1.715	0.277	0.155	0.007	2.417	0.507	44	0.05	12000	1000	1	500	111	1	0	1	565	565	0	1	1	1714	474	4122.71125595801
Simulation_45	2.721	0.573	0.281	0.08	1.162	0.959	45	0.05	12000	1000	1	500	111	1	0	1	1	1	0	0	-1	-1	-1	6615.85951898636
Simulation_46	2.218	0.128	0.218	0.043	0.534	0.28	46	0.05	12000	1000	1	500	111	1	0	1	1	1	0	0	-1	-1	-1	4217.5203367719
Simulation_47	1.212	0.425	0.093	0.116	1.789	0.733	47	0.05	12000	1000	1	500	111	1	0	1	2	2	0	1	1	1714	2	6063.32368592065
Simulation_48	1.149	0.147	0.116	0.148	2.966	0.988	48	0.05	12000	1000	1	500	111	1	0	1	13	13	0	0	-1	-1	-1	5192.31945140488
Simulation_49	2.155	0.444	0.242	0.075	1.711	0.535	49	0.05	12000	1000	1	500	111	1	0	1	20	20	0	1	0.819136522753792	1404	4	3306.24181328875
Simulation_50	2.658	0.295	0.179	0.112	1.083	0.761	50	0.05	12000	1000	1	500	111	1	0	1	1	1	0	0	-1	-1	-1	5577.45558092909
Simulation_51	1.652	0.592	0.053	0.039	2.338	0.309	51	0.05	12000	1000	1	500	111	1	0	1	1	1	0	1	0.900233372228705	1543	1	3503.21288259383
Simulation_52	1.904	0.221	0.273	0.13	0.77	0.195	52	0.05	12000	1000	1	500	111	1	0	1	0	1	1	-1	-1	-1	-1	6126.21701104939
Simulation_53	2.91	0.518	0.148	0.057	2.025	0.648	53	0.05	12000	1000	1	500	111	1	0	1	1	1	0	1	0.812135355892649	1392	1	5057.72914224792
Simulation_54	2.407	0.073	0.085	0.093	2.652	0.422	54	0.05	12000	1000	1	500	111	1	0	1	0	1	1	-1	-1	-1	-1	9061.21221229422
Simulation_55	1.401	0.369	0.21	0.021	1.397	0.874	55	0.05	12000	1000	1	500	111	1	0	1	1	1	0	0	-1	-1	-1	4999.22665946651
Simulation_56	1.275	0.258	0.069	0.048	1.554	0.818	56	0.05	12000	1000	1	500	111	1	0	1	7	7	0	1	1	1714	3	9144.61845421503
Simulation_57	2.281	0.555	0.195	0.121	2.809	0.365	57	0.05	12000	1000	1	500	111	1	0	1	1	1	0	1	0.900233372228705	1543	1	2866.54190893857
Simulation_58	2.784	0.11	0.257	0.012	2.181	0.592	58	0.05	12000	1000	1	500	111	1	0	1	175	175	0	0	-1	-1	-1	4643.76457843378
Simulation_59	1.778	0.406	0.132	0.084	0.926	0.139	59	0.05	12000	1000	1	500	111	0	32	1	3596	3596	0	0	-1	-1	-1	7733.46678168735
Simulation_60	1.527	0.036	0.226	0.066	1.868	0.252	60	0.05	12000	1000	1	500	111	0	1	1	1325	1325	0	1	0.67269544924154	1153	215	3651.6495545647
Simulation_61	2.532	0.332	0.1	0.139	0.613	0.705	61	0.05	12000	1000	1	500	111	1	0	1	1	1	0	0	-1	-1	-1	5816.71428506372
Simulation_62	2.029	0.184	0.163	0.03	1.24	0.478	62	0.05	12000	1000	1	500	111	1	0	1	0	1	1	-1	-1	-1	-1	6560.58842124942
Simulation_63	1.024	0.481	0.289	0.103	2.495	0.931	63	0.05	12000	1000	1	500	111	1	0	1	1	1	0	0	-1	-1	-1	8598.47384966496
Simulation_64	1.039	0.244	0.161	0.122	1.025	0.882	64	0.05	12000	1000	1	500	111	1	0	1	1	1	0	0	-1	-1	-1	4343.26353493817
Simulation_65	2.045	0.541	0.287	0.049	2.279	0.429	65	0.05	12000	1000	1	500	111	1	0	1	190	190	0	1	0.947491248541424	1624	68	1552.92738212813
Simulation_66	2.548	0.096	0.224	0.085	2.907	0.655	66	0.05	12000	1000	1	500	111	1	0	1	0	1	1	-1	-1	-1	-1	5774.07279539982
Simulation_67	1.542	0.393	0.099	0.013	1.652	0.203	67	0.05	12000	1000	1	500	111	1	0	1	1	1	0	0	-1	-1	-1	4461.20599062097
Simulation_68	1.794	0.022	0.255	0.14	2.593	0.316	68	0.05	12000	1000	1	500	111	1	0	1	0	1	1	-1	-1	-1	-1	5146.60147710975
Simulation_69	2.8	0.318	0.13	0.067	1.338	0.768	69	0.05	12000	1000	1	500	111	1	0	1	2	2	0	1	0.998249708284714	1711	2	4544.12625466126
Simulation_70	2.297	0.17	0.067	0.104	0.711	0.542	70	0.05	12000	1000	1	500	111	1	0	1	1	1	0	0	-1	-1	-1	3355.37910950514
Simulation_71	1.291	0.467	0.193	0.031	1.966	0.995	71	0.05	12000	1000	1	500	111	1	0	1	1	1	0	0	-1	-1	-1	5021.62989312868
Simulation_72	1.417	0.133	0.083	0.076	2.123	0.938	72	0.05	12000	1000	1	500	111	1	0	1	9	9	0	0	-1	-1	-1	6210.01819025489
Simulation_73	2.422	0.43	0.208	0.149	0.868	0.485	73	0.05	12000	1000	1	500	111	1	0	1	1	1	0	0	-1	-1	-1	6222.85983583167
Simulation_74	2.925	0.281	0.271	0.04	1.495	0.712	74	0.05	12000	1000	1	500	111	1	0	1	0	1	1	-1	-1	-1	-1	5400.59266823569
Simulation_75	1.919	0.578	0.146	0.113	2.75	0.259	75	0.05	12000	1000	1	500	111	1	0	1	1	1	0	1	0.900233372228705	1543	1	2718.11603648608
Simulation_76	1.668	0.207	0.177	0.058	1.181	0.146	76	0.05	12000	1000	1	500	111	1	0	1	14	14	0	0	-1	-1	-1	5659.62273670683
Simulation_77	2.674	0.504	0.051	0.131	2.436	0.599	77	0.05	12000	1000	1	500	111	1	0	1	173	173	0	1	1	1714	19	7245.38389768401
Simulation_78	2.171	0.059	0.114	0.022	1.809	0.372	78	0.05	12000	1000	1	500	111	1	0	1	0	1	1	-1	-1	-1	-1	4496.46340634304
Simulation_79	1.165	0.355	0.24	0.095	0.554	0.825	79	0.05	12000	1000	1	500	111	1	0	1	1	1	0	0	-1	-1	-1	3736.12202502515
Simulation_80	1.228	0.077	0.216	0.099	1.73	0.57	80	0.05	12000	1000	1	500	111	0	20	1	2659	2717	58	1	0.743290548424737	1274	8	8874.54741412224
Simulation_81	2.234	0.374	0.091	0.026	2.985	0.118	81	0.05	12000	1000	1	500	111	1	0	1	1	1	0	1	0.900233372228705	1543	1	2964.25159539152
Simulation_82	2.737	0.226	0.153	0.136	2.358	0.797	82	0.05	12000	1000	1	500	111	1	0	1	3	3	0	0	-1	-1	-1	5417.64996224675
Simulation_83	1.731	0.522	0.279	0.063	1.103	0.344	83	0.05	12000	1000	1	500	111	1	0	1	261	261	0	1	1	1714	33	6538.9493587497
Simulation_84	1.982	0.3	0.059	0.081	2.044	0.457	84	0.05	12000	1000	1	500	111	1	0	1	184	184	0	1	0.990665110851809	1698	35	4637.2799523033
Simulation_85	2.988	0.597	0.185	0.008	0.789	0.91	85	0.05	12000	1000	1	500	111	1	0	1	1	1	0	0	-1	-1	-1	3513.41688064546
Simulation_86	2.485	0.151	0.248	0.117	1.417	0.231	86	0.05	12000	1000	1	500	111	1	0	1	0	1	1	-1	-1	-1	-1	7117.28775638417
Simulation_87	1.479	0.448	0.122	0.045	2.672	0.683	87	0.05	12000	1000	1	500	111	1	0	1	703	703	0	1	1	1714	11	4846.73339549903
Simulation_88	1.354	0.189	0.295	0.017	2.828	0.74	88	0.05	12000	1000	1	500	111	1	0	1	0	1	1	-1	-1	-1	-1	6001.45683811936
Simulation_89	2.36	0.485	0.169	0.09	1.574	0.287	89	0.05	12000	1000	1	500	111	1	0	1	458	458	0	0	-1	-1	-1	7066.68899513276
Simulation_90	2.862	0.04	0.106	0.054	0.946	0.966	90	0.05	12000	1000	1	500	111	1	0	1	1	1	0	0	-1	-1	-1	7815.80419642317
Simulation_91	1.857	0.337	0.232	0.126	2.201	0.514	91	0.05	12000	1000	1	500	111	1	0	1	536	536	0	1	1	1714	15	5158.60282998832
Simulation_92	1.605	0.114	0.138	0.035	0.632	0.401	92	0.05	12000	1000	1	500	111	1	0	1	0	1	1	-1	-1	-1	-1	6630.44531562031
Simulation_93	2.611	0.411	0.263	0.108	1.887	0.853	93	0.05	12000	1000	1	500	111	1	0	1	1	1	0	0	-1	-1	-1	6978.42618697144
Simulation_94	2.108	0.263	0.2	0.072	2.515	0.174	94	0.05	12000	1000	1	500	111	1	0	1	1	1	0	0	-1	-1	-1	7956.32050720664
Simulation_95	1.102	0.559	0.075	0.145	1.26	0.627	95	0.05	12000	1000	1	500	111	1	0	1	1	1	0	0	-1	-1	-1	2847.63535476018
Simulation_96	1.071	0.087	0.283	0.056	1.77	0.528	96	0.05	12000	1000	1	500	111	0	53	1	2941	2993	52	1	0.876896149358226	1503	23	7873.33834202816
Simulation_97	2.077	0.383	0.157	0.129	0.515	0.981	97	0.05	12000	1000	1	500	111	1	0	1	1	1	0	0	-1	-1	-1	7622.21585458465
Simulation_98	2.58	0.235	0.095	0.02	1.142	0.302	98	0.05	12000	1000	1	500	111	1	0	1	102	102	0	0	-1	-1	-1	7793.60998526048
Simulation_99	1.574	0.532	0.22	0.092	2.397	0.754	99	0.05	12000	1000	1	500	111	1	0	1	1	1	0	0	-1	-1	-1	3785.28495538238
Simulation_100	1.825	0.161	0.126	0.074	1.456	0.641	100	0.05	12000	1000	1	500	111	1	0	1	37	37	0	1	0.541423570595099	928	2	1967.30635587282
Simulation_101	2.831	0.457	0.251	0.147	2.711	0.188	101	0.05	12000	1000	1	500	111	1	0	1	1	1	0	0	-1	-1	-1	4756.0464663043
Simulation_102	2.328	0.012	0.189	0.038	2.083	0.867	102	0.05	12000	1000	1	500	111	1	0	1	0	1	1	-1	-1	-1	-1	6962.72181872771
Simulation_103	1.322	0.309	0.063	0.11	0.828	0.415	103	0.05	12000	1000	1	500	111	1	0	1	1	1	0	0	-1	-1	-1	7902.24037808589
Simulation_104	1.448	0.272	0.236	0.138	0.672	0.358	104	0.05	12000	1000	1	500	111	1	0	1	3	3	0	1	0.334889148191365	574	1	6579.08196400559
Simulation_105	2.454	0.569	0.11	0.065	1.926	0.811	105	0.05	12000	1000	1	500	111	1	0	1	1	1	0	0	-1	-1	-1	6503.04896795003
Simulation_106	2.957	0.124	0.173	0.101	2.554	0.132	106	0.05	12000	1000	1	500	111	1	0	1	1	1	0	0	-1	-1	-1	6118.05213104948
Simulation_107	1.951	0.42	0.299	0.029	1.299	0.584	107	0.05	12000	1000	1	500	111	1	0	1	1	1	0	0	-1	-1	-1	7531.68063626258
Simulation_108	1.699	0.049	0.079	0.12	2.868	0.698	108	0.05	12000	1000	1	500	111	0	6	1	2351	2399	48	1	0.710618436406068	1218	74	5446.50203771985
Simulation_109	2.705	0.346	0.204	0.047	1.613	0.245	109	0.05	12000	1000	1	500	111	1	0	1	5	5	0	1	0.90781796966161	1556	3	3209.58452967885
Simulation_110	2.202	0.198	0.267	0.083	0.985	0.924	110	0.05	12000	1000	1	500	111	1	0	1	1	1	0	0	-1	-1	-1	6309.86081399374
Simulation_111	1.196	0.495	0.142	0.01	2.24	0.471	111	0.05	12000	1000	1	500	111	0	108	1	4424	4424	0	1	0.920070011668611	1577	5	5637.75734313355
Simulation_112	1.134	0.216	0.102	0.033	2.475	0.217	112	0.05	12000	1000	1	500	111	1	0	1	1	1	0	0	-1	-1	-1	8476.45809857228
Simulation_113	2.139	0.513	0.228	0.106	1.221	0.669	113	0.05	12000	1000	1	500	111	1	0	1	1	1	0	0	-1	-1	-1	5624.88703206687
Simulation_114	2.642	0.068	0.291	0.07	0.593	0.443	114	0.05	12000	1000	1	500	111	1	0	1	1	1	0	0	-1	-1	-1	7804.64174383532
Simulation_115	1.637	0.365	0.165	0.142	1.848	0.896	115	0.05	12000	1000	1	500	111	1	0	1	3	3	0	0	-1	-1	-1	5124.00766474821
Simulation_116	1.888	0.142	0.197	0.015	0.907	0.783	116	0.05	12000	1000	1	500	111	1	0	1	0	1	1	-1	-1	-1	-1	5698.55399651832
Simulation_117	2.894	0.439	0.071	0.088	2.162	0.33	117	0.05	12000	1000	1	500	111	1	0	1	3	3	0	0	-1	-1	-1	4637.2799523033
Simulation_118	2.391	0.291	0.134	0.051	2.789	0.556	118	0.05	12000	1000	1	500	111	1	0	1	0	1	1	-1	-1	-1	-1	5614.36213515407
Simulation_119	1.385	0.587	0.259	0.124	1.534	0.104	119	0.05	12000	1000	1	500	111	1	0	1	1	1	0	0	-1	-1	-1	4637.2799523033
Simulation_120	1.259	0.031	0.15	0.079	1.377	0.16	120	0.05	12000	1000	1	500	111	1	0	1	0	1	1	-1	-1	-1	-1	5451.96140976076
Simulation_121	2.265	0.328	0.275	0.006	2.632	0.613	121	0.05	12000	1000	1	500	111	1	0	1	124	124	0	1	1	1714	10	3161.51358023528
Simulation_122	2.768	0.179	0.212	0.115	2.005	0.386	122	0.05	12000	1000	1	500	111	1	0	1	487	487	0	0	-1	-1	-1	7527.53850861724
Simulation_123	1.762	0.476	0.087	0.042	0.75	0.839	123	0.05	12000	1000	1	500	111	1	0	1	1	1	0	0	-1	-1	-1	7313.51779685732
Simulation_124	1.511	0.253	0.244	0.097	2.319	0.952	124	0.05	12000	1000	1	500	111	1	0	1	1	1	0	0	-1	-1	-1	4972.84699010762
Simulation_125	2.517	0.55	0.118	0.024	1.064	0.5	125	0.05	12000	1000	1	500	111	1	0	1	1	1	0	0	-1	-1	-1	4397.4732269091
Simulation_126	2.014	0.105	0.055	0.133	1.691	0.726	126	0.05	12000	1000	1	500	111	1	0	1	53	53	0	1	0.91365227537923	1566	6	5385.34045604151
Simulation_127	1.008	0.402	0.181	0.06	2.946	0.273	127	0.05	12000	1000	1	500	111	1	0	1	1	1	0	0	-1	-1	-1	7158.27251245441
Simulation_128	1.016	0.205	0.247	0.142	1.662	0.475	128	0.05	12000	1000	1	500	111	0	137	1	3318	3334	16	1	0.73220536756126	1255	20	7380.66271480938
Simulation_129	2.022	0.501	0.121	0.069	2.917	0.928	129	0.05	12000	1000	1	500	111	1	0	1	1	1	0	0	-1	-1	-1	7122.03687692253
Simulation_130	2.525	0.056	0.058	0.105	2.289	0.249	130	0.05	12000	1000	1	500	111	1	0	1	0	1	1	-1	-1	-1	-1	4541.80020140912
Simulation_131	1.519	0.353	0.184	0.033	1.034	0.701	131	0.05	12000	1000	1	500	111	1	0	1	2	2	0	0	-1	-1	-1	4786.46681246907
Simulation_132	1.77	0.131	0.152	0.124	1.975	0.588	132	0.05	12000	1000	1	500	111	1	0	1	385	387	2	1	0.988914819136523	1695	16	3937.49729514153
Simulation_133	2.776	0.427	0.278	0.051	0.721	0.135	133	0.05	12000	1000	1	500	111	1	0	1	132	132	0	1	1	1714	9	6128.69669800444
Simulation_134	2.273	0.279	0.215	0.087	1.348	0.814	134	0.05	12000	1000	1	500	111	1	0	1	1	1	0	0	-1	-1	-1	4891.43499578229
Simulation_135	1.267	0.576	0.09	0.014	2.603	0.362	135	0.05	12000	1000	1	500	111	1	0	1	1	1	0	0	-1	-1	-1	5828.73024814921
Simulation_136	1.393	0.019	0.2	0.042	2.76	0.418	136	0.05	12000	1000	1	500	111	1	0	1	0	1	1	-1	-1	-1	-1	6575.47717963933
Simulation_137	2.399	0.316	0.074	0.114	1.505	0.871	137	0.05	12000	1000	1	500	111	1	0	1	2	2	0	1	0.70536756126021	1209	1	3769.80734216704
Simulation_138	2.902	0.168	0.137	0.005	0.877	0.192	138	0.05	12000	1000	1	500	111	1	0	1	108	108	0	1	0.301050175029172	516	2	5784.29877165774
Simulation_139	1.896	0.464	0.262	0.078	2.132	0.645	139	0.05	12000	1000	1	500	111	1	0	1	26	26	0	1	0.838389731621937	1437	8	2877.88095398614
Simulation_140	1.644	0.242	0.105	0.06	0.564	0.758	140	0.05	12000	1000	1	500	111	1	0	1	1	1	0	1	0.918903150525088	1575	1	6839.29330770343
Simulation_141	2.65	0.539	0.231	0.133	1.819	0.305	141	0.05	12000	1000	1	500	111	1	0	1	54	54	0	0	-1	-1	-1	5618.18897241757
Simulation_142	2.147	0.093	0.294	0.023	2.446	0.984	142	0.05	12000	1000	1	500	111	1	0	1	0	1	1	-1	-1	-1	-1	5413.49327467193
Simulation_143	1.141	0.39	0.168	0.096	1.191	0.531	143	0.05	12000	1000	1	500	111	1	0	1	3	3	0	1	1	1714	2	6176.02943616597
Simulation_144	1.204	0.112	0.066	0.092	1.113	0.277	144	0.05	12000	1000	1	500	111	0	7	1	4920	4932	12	1	1	1714	422	5063.32173406938
Simulation_145	2.21	0.409	0.192	0.019	2.368	0.729	145	0.05	12000	1000	1	500	111	1	0	1	1	1	0	0	-1	-1	-1	6263.41192486067
Simulation_146	2.713	0.26	0.254	0.128	2.995	0.503	146	0.05	12000	1000	1	500	111	1	0	1	572	572	0	0	-1	-1	-1	7869.70678231256
Simulation_147	1.707	0.557	0.129	0.055	1.74	0.956	147	0.05	12000	1000	1	500	111	1	0	1	1	1	0	0	-1	-1	-1	8914.7756775743
Simulation_148	1.959	0.186	0.223	0.11	2.681	0.843	148	0.05	12000	1000	1	500	111	1	0	1	7	7	0	1	0.644690781796966	1105	1	2695.53407604859
Simulation_149	2.965	0.483	0.098	0.037	1.426	0.39	149	0.05	12000	1000	1	500	111	1	0	1	55	55	0	1	1	1714	7	7939.2459279877
Simulation_150	2.462	0.038	0.16	0.146	0.799	0.616	150	0.05	12000	1000	1	500	111	1	0	1	0	1	1	-1	-1	-1	-1	4525.92427242802
Simulation_151	1.456	0.335	0.286	0.074	2.054	0.164	151	0.05	12000	1000	1	500	111	1	0	1	1	1	0	0	-1	-1	-1	6630.54046851625
Simulation_152	1.33	0.297	0.113	0.028	2.211	0.107	152	0.05	12000	1000	1	500	111	1	0	1	1	1	0	0	-1	-1	-1	5566.33120380901
Simulation_153	2.336	0.594	0.239	0.101	0.956	0.56	153	0.05	12000	1000	1	500	111	1	0	1	1	1	0	0	-1	-1	-1	4454.74171112534
Simulation_154	2.839	0.149	0.176	0.064	1.583	0.333	154	0.05	12000	1000	1	500	111	1	0	1	106	106	0	1	0.991831971995333	1700	102	1593.8517988332
Simulation_155	1.833	0.446	0.05	0.137	2.838	0.786	155	0.05	12000	1000	1	500	111	1	0	1	2	2	0	0	-1	-1	-1	6715.46636153806
Simulation_156	1.582	0.075	0.27	0.01	1.27	0.899	156	0.05	12000	1000	1	500	111	1	0	1	25	25	0	1	0.868728121353559	1489	15	3794.67515115126
Simulation_157	2.587	0.372	0.145	0.083	2.525	0.447	157	0.05	12000	1000	1	500	111	1	0	1	0	1	1	-1	-1	-1	-1	6222.85983583167
Simulation_158	2.084	0.223	0.082	0.046	1.897	0.673	158	0.05	12000	1000	1	500	111	1	0	1	0	1	1	-1	-1	-1	-1	4945.25139713016
Simulation_159	1.079	0.52	0.207	0.119	0.642	0.22	159	0.05	12000	1000	1	500	111	1	0	1	2	2	0	0	-1	-1	-1	3937.76170486617
Simulation_160	1.11	0.047	0.133	0.062	2.407	0.828	160	0.05	12000	1000	1	500	111	1	0	1	1416	1429	13	1	0.650525087514586	1115	21	4014.17295839317
Simulation_161	2.116	0.344	0.258	0.135	1.152	0.376	161	0.05	12000	1000	1	500	111	1	0	1	26	26	0	1	1	1714	3	4984.49074956686
Simulation_162	2.619	0.195	0.196	0.026	0.525	0.602	162	0.05	12000	1000	1	500	111	1	0	1	4	4	0	1	0.370478413068845	635	3	7490.92794305121
Simulation_163	1.613	0.492	0.07	0.099	1.779	0.15	163	0.05	12000	1000	1	500	111	1	0	1	1	1	0	1	0.900233372228705	1543	1	3453.86674581743
Simulation_164	1.864	0.27	0.29	0.044	0.838	0.263	164	0.05	12000	1000	1	500	111	1	0	1	59	59	0	0	-1	-1	-1	7101.91628080227
Simulation_165	2.87	0.566	0.164	0.117	2.093	0.715	165	0.05	12000	1000	1	500	111	1	0	1	1	1	0	0	-1	-1	-1	3736.12202502515
Simulation_166	2.367	0.121	0.101	0.008	2.721	0.489	166	0.05	12000	1000	1	500	111	1	0	1	0	1	1	-1	-1	-1	-1	5978.70616065683
Simulation_167	1.361	0.418	0.227	0.08	1.466	0.942	167	0.05	12000	1000	1	500	111	1	0	1	1	1	0	0	-1	-1	-1	6409.71588185469
Simulation_168	1.487	0.158	0.054	0.126	1.309	0.998	168	0.05	12000	1000	1	500	111	1	0	1	1	1	0	0	-1	-1	-1	4859.35789477442
Simulation_169	2.493	0.455	0.18	0.053	2.564	0.546	169	0.05	12000	1000	1	500	111	1	0	1	906	906	0	1	0.971411901983664	1665	14	8328.76576146527
Simulation_170	2.996	0.01	0.243	0.089	1.936	0.772	170	0.05	12000	1000	1	500	111	1	0	1	0	1	1	-1	-1	-1	-1	5461.19174289174
Simulation_171	1.99	0.307	0.117	0.017	0.681	0.319	171	0.05	12000	1000	1	500	111	1	0	1	1	1	0	0	-1	-1	-1	6728.89487634115
Simulation_172	1.739	0.084	0.211	0.144	2.25	0.206	172	0.05	12000	1000	1	500	111	1	0	1	0	1	1	-1	-1	-1	-1	6001.45683811936
Simulation_173	2.745	0.381	0.086	0.071	0.995	0.659	173	0.05	12000	1000	1	500	111	1	0	1	1	1	0	0	-1	-1	-1	7725.94177177867
Simulation_174	2.242	0.233	0.149	0.108	1.623	0.432	174	0.05	12000	1000	1	500	111	1	0	1	166	166	0	1	1	1714	18	2727.66452947219
Simulation_175	1.236	0.529	0.274	0.035	2.877	0.885	175	0.05	12000	1000	1	500	111	1	0	1	1	1	0	0	-1	-1	-1	6975.30101207575
Simulation_176	1.173	0.251	0.188	0.012	1.858	0.63	176	0.05	12000	1000	1	500	111	1	0	1	401	401	0	1	1	1714	23	6589.17559784544
Simulation_177	2.179	0.548	0.062	0.085	0.603	0.178	177	0.05	12000	1000	1	500	111	1	0	1	1	1	0	1	0.988914819136523	1695	1	7365.42675143335
Simulation_178	2.682	0.103	0.125	0.048	1.23	0.857	178	0.05	12000	1000	1	500	111	1	0	1	0	1	1	-1	-1	-1	-1	6612.61632320115
Simulation_179	1.676	0.399	0.25	0.121	2.485	0.404	179	0.05	12000	1000	1	500	111	1	0	1	8	8	0	0	-1	-1	-1	5652.11615565373
Simulation_180	1.927	0.029	0.094	0.03	1.544	0.517	180	0.05	12000	1000	1	500	111	1	0	1	0	1	1	-1	-1	-1	-1	6142.10225292981
Simulation_181	2.933	0.325	0.219	0.103	2.799	0.97	181	0.05	12000	1000	1	500	111	1	0	1	1	1	0	1	0.117269544924154	201	1	5078.36539351176
Simulation_182	2.43	0.177	0.282	0.067	2.172	0.291	182	0.05	12000	1000	1	500	111	1	0	1	1	1	0	0	-1	-1	-1	5151.08237216938
Simulation_183	1.424	0.474	0.156	0.139	0.917	0.744	183	0.05	12000	1000	1	500	111	1	0	1	1	1	0	0	-1	-1	-1	5998.0324061217
Simulation_184	1.299	0.14	0.266	0.112	0.76	0.687	184	0.05	12000	1000	1	500	111	1	0	1	1	1	0	0	-1	-1	-1	5318.17211890596
Simulation_185	2.305	0.437	0.141	0.039	2.015	0.234	185	0.05	12000	1000	1	500	111	1	0	1	1	1	0	0	-1	-1	-1	7343.76248281744
Simulation_186	2.807	0.288	0.078	0.149	2.642	0.913	186	0.05	12000	1000	1	500	111	1	0	1	3	3	0	1	0.726371061843641	1245	1	2988.46473249144
Simulation_187	1.802	0.585	0.203	0.076	1.387	0.461	187	0.05	12000	1000	1	500	111	1	0	1	55	55	0	1	1	1714	16	6776.31225181587
Simulation_188	1.55	0.214	0.172	0.094	2.956	0.348	188	0.05	12000	1000	1	500	111	1	0	1	1	1	0	0	-1	-1	-1	5573.84720028238
Simulation_189	2.556	0.511	0.298	0.021	1.701	0.8	189	0.05	12000	1000	1	500	111	1	0	1	1	1	0	0	-1	-1	-1	5528.48319084843
Simulation_190	2.053	0.066	0.235	0.13	1.074	0.121	190	0.05	12000	1000	1	500	111	1	0	1	317	317	0	1	0.853558926487748	1463	314	1483.12134366345
Simulation_191	1.047	0.362	0.109	0.058	2.328	0.574	191	0.05	12000	1000	1	500	111	0	134	1	3931	3931	0	1	0.844807467911319	1448	29	9094.66666903337
Simulation_192	1.031	0.126	0.233	0.041	1.132	0.737	192	0.05	12000	1000	1	500	111	1	0	1	6	7	1	0	-1	-1	-1	7769.51702667538
Simulation_193	2.037	0.423	0.107	0.113	2.387	0.284	193	0.05	12000	1000	1	500	111	1	0	1	1	1	0	0	-1	-1	-1	7947.08772469167
Simulation_194	2.54	0.274	0.17	0.077	1.76	0.963	194	0.05	12000	1000	1	500	111	1	0	1	0	1	1	-1	-1	-1	-1	5566.33120380901
Simulation_195	1.534	0.571	0.296	0.15	0.505	0.51	195	0.05	12000	1000	1	500	111	1	0	1	1	1	0	0	-1	-1	-1	6653.27556456122
Simulation_196	1.786	0.2	0.076	0.022	2.074	0.397	196	0.05	12000	1000	1	500	111	1	0	1	2289	2289	0	1	0.935239206534422	1603	360	5212.22425473948
Simulation_197	2.792	0.497	0.201	0.095	0.819	0.85	197	0.05	12000	1000	1	500	111	1	0	1	1	1	0	0	-1	-1	-1	7359.33795557714
Simulation_198	2.289	0.052	0.264	0.059	1.446	0.171	198	0.05	12000	1000	1	500	111	1	0	1	0	1	1	-1	-1	-1	-1	4286.53724370079
Simulation_199	1.283	0.348	0.139	0.132	2.701	0.623	199	0.05	12000	1000	1	500	111	0	79	1	3519	3519	0	1	1	1714	70	7001.86326496609
Simulation_200	1.409	0.237	0.28	0.086	2.544	0.567	200	0.05	12000	1000	1	500	111	0	76	1	2971	2971	0	1	0.948074679113186	1625	19	9222.50027731847
Simulation_201	2.415	0.534	0.154	0.013	1.289	0.114	201	0.05	12000	1000	1	500	111	1	0	1	1	1	0	1	0.900233372228705	1543	1	4594.70812480062
Simulation_202	2.917	0.089	0.092	0.122	0.662	0.793	202	0.05	12000	1000	1	500	111	1	0	1	1	1	0	0	-1	-1	-1	7292.02740796341
Simulation_203	1.912	0.386	0.217	0.05	1.917	0.34	203	0.05	12000	1000	1	500	111	1	0	1	213	213	0	1	0.914235705950992	1567	13	4434.3719868197
Simulation_204	1.66	0.015	0.123	0.104	0.975	0.454	204	0.05	12000	1000	1	500	111	1	0	1	394	419	25	1	0.507001166861143	869	70	4145.71382683579
Simulation_205	2.666	0.311	0.249	0.031	2.23	0.906	205	0.05	12000	1000	1	500	111	1	0	1	2	2	0	1	0.952742123687281	1633	1	6988.45503997363
Simulation_206	2.163	0.163	0.186	0.141	2.858	0.227	206	0.05	12000	1000	1	500	111	1	0	1	0	1	1	-1	-1	-1	-1	5250.75014688454
Simulation_207	1.157	0.46	0.06	0.068	1.603	0.68	207	0.05	12000	1000	1	500	111	1	0	1	1	1	0	0	-1	-1	-1	7990.58959901857
Simulation_208	1.22	0.182	0.147	0.054	0.583	0.935	208	0.05	12000	1000	1	500	111	1	0	1	0	1	1	-1	-1	-1	-1	5896.39470663527
Simulation_209	2.226	0.478	0.272	0.127	1.838	0.482	209	0.05	12000	1000	1	500	111	1	0	1	106	106	0	1	1	1714	9	3135.56022446859
Simulation_210	2.729	0.033	0.209	0.018	2.466	0.708	210	0.05	12000	1000	1	500	111	1	0	1	0	1	1	-1	-1	-1	-1	5639.19981645085
Simulation_211	1.723	0.33	0.084	0.091	1.211	0.256	211	0.05	12000	1000	1	500	111	1	0	1	298	298	0	1	0.990665110851809	1698	128	4708.1979613225
Simulation_212	1.974	0.107	0.241	0.072	2.779	0.142	212	0.05	12000	1000	1	500	111	1	0	1	1	1	0	0	-1	-1	-1	8780.00726711046
Simulation_213	2.98	0.404	0.115	0.145	1.525	0.595	213	0.05	12000	1000	1	500	111	1	0	1	1	1	0	1	0.938739789964994	1609	1	3596.46093510794
Simulation_214	2.477	0.256	0.052	0.036	0.897	0.369	214	0.05	12000	1000	1	500	111	1	0	1	4	4	0	0	-1	-1	-1	7028.50500852509
Simulation_215	1.472	0.552	0.178	0.109	2.152	0.821	215	0.05	12000	1000	1	500	111	1	0	1	1	1	0	0	-1	-1	-1	6721.80222644619
Simulation_216	1.346	0.07	0.1	0.136	1.995	0.878	216	0.05	12000	1000	1	500	111	1	0	1	75	76	1	1	0.67561260210035	1158	2	7780.94737760025
Simulation_217	2.352	0.367	0.225	0.063	0.74	0.425	217	0.05	12000	1000	1	500	111	1	0	1	1	1	0	0	-1	-1	-1	6942.67213334592
Simulation_218	2.855	0.219	0.288	0.1	1.368	0.652	218	0.05	12000	1000	1	500	111	1	0	1	1	1	0	0	-1	-1	-1	7097.41518307773
Simulation_219	1.849	0.515	0.162	0.027	2.623	0.199	219	0.05	12000	1000	1	500	111	1	0	1	1	1	0	0	-1	-1	-1	7068.51175274297
Simulation_220	1.597	0.293	0.194	0.118	1.681	0.312	220	0.05	12000	1000	1	500	111	0	9	1	3198	3198	0	1	0.935239206534422	1603	359	3062.8825878134
Simulation_221	2.603	0.59	0.068	0.045	2.936	0.765	221	0.05	12000	1000	1	500	111	1	0	1	1	1	0	0	-1	-1	-1	7718.86333670905
Simulation_222	2.1	0.144	0.131	0.081	2.309	0.539	222	0.05	12000	1000	1	500	111	1	0	1	201	201	0	1	0.85414235705951	1464	18	3062.8825878134
Simulation_223	1.094	0.441	0.256	0.009	1.054	0.991	223	0.05	12000	1000	1	500	111	1	0	1	1	1	0	0	-1	-1	-1	7278.77314366829
Simulation_224	1.063	0.284	0.088	0.102	2.897	0.157	224	0.05	12000	1000	1	500	111	1	0	1	1	1	0	0	-1	-1	-1	7193.20751565854
Simulation_225	2.069	0.58	0.213	0.029	1.642	0.609	225	0.05	12000	1000	1	500	111	1	0	1	1	1	0	0	-1	-1	-1	3647.80256600951
Simulation_226	2.572	0.135	0.276	0.138	1.015	0.383	226	0.05	12000	1000	1	500	111	1	0	1	56	57	1	1	0.94340723453909	1617	5	5013.77805901512
Simulation_227	1.566	0.432	0.15	0.066	2.27	0.836	227	0.05	12000	1000	1	500	111	1	0	1	1	1	0	0	-1	-1	-1	6496.55457097068
Simulation_228	1.817	0.061	0.182	0.084	0.701	0.949	228	0.05	12000	1000	1	500	111	1	0	1	1	1	0	0	-1	-1	-1	3827.91630505065
Simulation_229	2.823	0.358	0.056	0.011	1.956	0.496	229	0.05	12000	1000	1	500	111	1	0	1	119	119	0	1	0.190198366394399	326	3	6938.11568186221
Simulation_230	2.32	0.209	0.119	0.12	2.583	0.722	230	0.05	12000	1000	1	500	111	1	0	1	23	23	0	0	-1	-1	-1	8835.58257524151
Simulation_231	1.314	0.506	0.245	0.047	1.328	0.27	231	0.05	12000	1000	1	500	111	0	59	1	4333	4333	0	1	0.953325554259043	1634	21	5345.14109312398
Simulation_232	1.44	0.098	0.166	0.02	1.485	0.213	232	0.05	12000	1000	1	500	111	0	103	1	1268	1268	0	1	0.90781796966161	1556	1268	4168.51946905728
Simulation_233	2.446	0.395	0.292	0.093	2.74	0.666	233	0.05	12000	1000	1	500	111	1	0	1	59	59	0	1	0.576429404900817	988	4	8755.20933869785
Simulation_234	2.949	0.246	0.229	0.056	2.113	0.439	234	0.05	12000	1000	1	500	111	1	0	1	83	83	0	1	0.981330221703617	1682	81	555.97550588742
Simulation_235	1.943	0.543	0.103	0.129	0.858	0.892	235	0.05	12000	1000	1	500	111	1	0	1	1	1	0	0	-1	-1	-1	3684.89070846409
Simulation_236	1.692	0.172	0.26	0.038	1.799	0.779	236	0.05	12000	1000	1	500	111	1	0	1	6	6	0	0	-1	-1	-1	4891.43499578229
Simulation_237	2.697	0.469	0.135	0.111	0.544	0.326	237	0.05	12000	1000	1	500	111	1	0	1	1	1	0	0	-1	-1	-1	2683.12229750809
Simulation_238	2.194	0.024	0.072	0.075	1.172	0.553	238	0.05	12000	1000	1	500	111	1	0	1	0	1	1	-1	-1	-1	-1	5185.59243147622
Simulation_239	1.189	0.321	0.198	0.147	2.426	0.1	239	0.05	12000	1000	1	500	111	1	0	1	0	1	1	-1	-1	-1	-1	5489.468067624
Simulation_240	1.126	0.042	0.3	0.116	2.348	0.355	240	0.05	12000	1000	1	500	111	0	74	1	1623	1626	3	1	0.677946324387398	1162	317	1348.87877632172
Simulation_241	2.132	0.339	0.174	0.043	1.093	0.807	241	0.05	12000	1000	1	500	111	1	0	1	1	1	0	0	-1	-1	-1	5215.89488884417
Simulation_242	2.635	0.191	0.111	0.079	1.721	0.128	242	0.05	12000	1000	1	500	111	1	0	1	1	1	0	0	-1	-1	-1	7866.41749121688
Simulation_243	1.629	0.488	0.237	0.006	2.975	0.581	243	0.05	12000	1000	1	500	111	1	0	1	653	653	0	1	1	1714	314	2176.94029133655
Simulation_244	1.88	0.265	0.143	0.134	1.407	0.694	244	0.05	12000	1000	1	500	111	1	0	1	1	1	0	0	-1	-1	-1	5348.05344147446
Simulation_245	2.886	0.562	0.268	0.061	2.662	0.241	245	0.05	12000	1000	1	500	111	1	0	1	1	1	0	0	-1	-1	-1	6306.66910529935
Simulation_246	2.383	0.117	0.205	0.097	2.034	0.92	246	0.05	12000	1000	1	500	111	1	0	1	0	1	1	-1	-1	-1	-1	5639.19981645085
Simulation_247	1.377	0.413	0.08	0.025	0.779	0.468	247	0.05	12000	1000	1	500	111	1	0	1	1	1	0	0	-1	-1	-1	8202.68529292135
Simulation_248	1.251	0.228	0.221	0.07	0.936	0.524	248	0.05	12000	1000	1	500	111	1	0	1	4	4	0	0	-1	-1	-1	7660.96475862483
Simulation_249	2.257	0.525	0.096	0.143	2.191	0.977	249	0.05	12000	1000	1	500	111	1	0	1	1	1	0	0	-1	-1	-1	6333.48170054561
Simulation_250	2.76	0.08	0.158	0.034	2.819	0.298	250	0.05	12000	1000	1	500	111	1	0	1	0	1	1	-1	-1	-1	-1	5243.61964038822
Simulation_251	1.754	0.376	0.284	0.106	1.564	0.751	251	0.05	12000	1000	1	500	111	1	0	1	1	1	0	0	-1	-1	-1	6084.31120074718
Simulation_252	1.503	0.154	0.064	0.052	2.505	0.638	252	0.05	12000	1000	1	500	111	1	0	1	536	541	5	1	0.453908984830805	778	2	4611.67212784086
Simulation_253	2.509	0.45	0.19	0.125	1.25	0.185	253	0.05	12000	1000	1	500	111	1	0	1	197	197	0	0	-1	-1	-1	7545.63055935911
Simulation_254	2.006	0.302	0.252	0.016	0.623	0.864	254	0.05	12000	1000	1	500	111	1	0	1	1	1	0	0	-1	-1	-1	4072.71084063856
Simulation_255	1	0.599	0.127	0.088	1.877	0.411	255	0.05	12000	1000	1	500	111	0	60	1	3940	3940	0	1	0.988914819136523	1695	2875	3161.51358023528
Simulation_256	1.004	0.303	0.214	0.046	2.588	0.979	256	0.05	12000	1000	1	500	111	1	0	1	7	7	0	1	1	1714	4	9009.5625450699
Simulation_257	2.01	0.6	0.088	0.119	1.333	0.526	257	0.05	12000	1000	1	500	111	1	0	1	2	2	0	0	-1	-1	-1	4774.30518380973
Simulation_258	2.513	0.155	0.151	0.01	0.706	0.752	258	0.05	12000	1000	1	500	111	1	0	1	1	1	0	0	-1	-1	-1	7211.08239574778
Simulation_259	1.507	0.452	0.276	0.082	1.961	0.3	259	0.05	12000	1000	1	500	111	1	0	1	9	9	0	0	-1	-1	-1	7299.41163005521
Simulation_260	1.758	0.081	0.057	0.064	1.02	0.187	260	0.05	12000	1000	1	500	111	0	44	1	2935	2960	25	0	-1	-1	-1	7815.3578790485
Simulation_261	2.764	0.377	0.182	0.137	2.275	0.639	261	0.05	12000	1000	1	500	111	1	0	1	5	5	0	0	-1	-1	-1	5848.5093186785
Simulation_262	2.261	0.229	0.245	0.028	2.902	0.413	262	0.05	12000	1000	1	500	111	1	0	1	0	1	1	-1	-1	-1	-1	5429.46683532958
Simulation_263	1.255	0.526	0.12	0.101	1.647	0.866	263	0.05	12000	1000	1	500	111	1	0	1	1	1	0	0	-1	-1	-1	2176.94029133655
Simulation_264	1.381	0.118	0.292	0.146	1.176	0.809	264	0.05	12000	1000	1	500	111	1	0	1	2	2	0	0	-1	-1	-1	5409.70215184739
Simulation_265	2.387	0.415	0.167	0.073	2.431	0.356	265	0.05	12000	1000	1	500	111	1	0	1	1	1	0	0	-1	-1	-1	8796.93187612236
Simulation_266	2.89	0.266	0.104	0.11	1.804	0.583	266	0.05	12000	1000	1	500	111	1	0	1	12	12	0	0	-1	-1	-1	6560.47685419999
Simulation_267	1.884	0.563	0.229	0.037	0.549	0.13	267	0.05	12000	1000	1	500	111	1	0	1	1	1	0	1	0.985997666277713	1690	1	4838.82000545187
Simulation_268	1.633	0.192	0.135	0.128	2.118	0.243	268	0.05	12000	1000	1	500	111	1	0	1	0	1	1	-1	-1	-1	-1	6355.45368578797
Simulation_269	2.639	0.489	0.261	0.055	0.863	0.696	269	0.05	12000	1000	1	500	111	1	0	1	1	1	0	0	-1	-1	-1	5818.89825030655
Simulation_270	2.136	0.044	0.198	0.091	1.49	0.47	270	0.05	12000	1000	1	500	111	1	0	1	0	1	1	-1	-1	-1	-1	5950.27713446286
Simulation_271	1.13	0.34	0.073	0.019	2.745	0.922	271	0.05	12000	1000	1	500	111	1	0	1	2	2	0	0	-1	-1	-1	6965.25541947854
Simulation_272	1.193	0.025	0.175	0.023	2.039	0.668	272	0.05	12000	1000	1	500	111	1	0	1	0	1	1	-1	-1	-1	-1	4637.2799523033
Simulation_273	2.198	0.322	0.3	0.096	0.784	0.215	273	0.05	12000	1000	1	500	111	1	0	1	11	11	0	1	0.532088681446908	912	2	6737.24716030422
Simulation_274	2.701	0.173	0.237	0.06	1.412	0.894	274	0.05	12000	1000	1	500	111	1	0	1	0	1	1	-1	-1	-1	-1	6005.17832494488
Simulation_275	1.695	0.47	0.112	0.132	2.667	0.441	275	0.05	12000	1000	1	500	111	1	0	1	1	1	0	0	-1	-1	-1	7422.95258127641
Simulation_276	1.947	0.248	0.269	0.005	1.725	0.328	276	0.05	12000	1000	1	500	111	1	0	1	0	1	1	-1	-1	-1	-1	5110.6332316308
Simulation_277	2.953	0.544	0.143	0.078	2.98	0.781	277	0.05	12000	1000	1	500	111	1	0	1	1	1	0	0	-1	-1	-1	6473.08360060389
Simulation_278	2.45	0.099	0.08	0.041	2.353	0.102	278	0.05	12000	1000	1	500	111	1	0	1	0	1	1	-1	-1	-1	-1	6057.96276187423
Simulation_279	1.444	0.396	0.206	0.114	1.098	0.554	279	0.05	12000	1000	1	500	111	1	0	1	1	1	0	0	-1	-1	-1	7759.18292567807
Simulation_280	1.318	0.211	0.096	0.087	0.627	0.611	280	0.05	12000	1000	1	500	111	1	0	1	1	1	0	0	-1	-1	-1	6972.71516051102
Simulation_281	2.324	0.507	0.222	0.014	1.882	0.158	281	0.05	12000	1000	1	500	111	1	0	1	1	1	0	1	0.900233372228705	1543	1	4362.8718932974
Simulation_282	2.827	0.062	0.284	0.123	2.51	0.837	282	0.05	12000	1000	1	500	111	1	0	1	13	13	0	1	0.00933488914819136	16	1	4637.2799523033
Simulation_283	1.821	0.359	0.159	0.05	1.255	0.385	283	0.05	12000	1000	1	500	111	1	0	1	137	137	0	1	0.787631271878646	1350	4	4645.64126494622
Simulation_284	1.57	0.136	0.19	0.105	2.824	0.498	284	0.05	12000	1000	1	500	111	1	0	1	2036	2038	2	1	0.888564760793466	1523	271	4065.3642026683
Simulation_285	2.576	0.433	0.065	0.032	1.569	0.95	285	0.05	12000	1000	1	500	111	1	0	1	1	1	0	0	-1	-1	-1	4876.80512215548
Simulation_286	2.073	0.285	0.127	0.141	0.941	0.272	286	0.05	12000	1000	1	500	111	1	0	1	74	74	0	1	0.995332555425904	1706	7	5263.50047585186
Simulation_287	1.067	0.581	0.253	0.069	2.196	0.724	287	0.05	12000	1000	1	500	111	1	0	1	31	31	0	1	1	1714	11	4347.15518535618
Simulation_288	1.098	0.146	0.108	0.13	1.451	0.427	288	0.05	12000	1000	1	500	111	1	0	1	0	1	1	-1	-1	-1	-1	5636.04292628335
Simulation_289	2.104	0.442	0.233	0.057	2.706	0.88	289	0.05	12000	1000	1	500	111	1	0	1	1	1	0	0	-1	-1	-1	4026.50122813156
Simulation_290	2.607	0.294	0.296	0.094	2.078	0.201	290	0.05	12000	1000	1	500	111	1	0	1	0	1	1	-1	-1	-1	-1	6669.55641238372
Simulation_291	1.601	0.591	0.171	0.021	0.824	0.653	291	0.05	12000	1000	1	500	111	1	0	1	1	1	0	0	-1	-1	-1	3792.23882108639
Simulation_292	1.853	0.22	0.202	0.148	1.765	0.767	292	0.05	12000	1000	1	500	111	1	0	1	4	4	0	0	-1	-1	-1	6955.32747325461
Simulation_293	2.859	0.517	0.076	0.076	0.51	0.314	293	0.05	12000	1000	1	500	111	1	0	1	1	1	0	0	-1	-1	-1	8299.81476357966
Simulation_294	2.356	0.071	0.139	0.112	1.137	0.993	294	0.05	12000	1000	1	500	111	1	0	1	0	1	1	-1	-1	-1	-1	5366.02912300653
Simulation_295	1.35	0.368	0.265	0.039	2.392	0.54	295	0.05	12000	1000	1	500	111	1	0	1	4161	4161	0	1	1	1714	1417	1330.53717977316
Simulation_296	1.475	0.257	0.155	0.066	2.863	0.484	296	0.05	12000	1000	1	500	111	1	0	1	11	11	0	1	0.899066511085181	1541	3	4362.8718932974
Simulation_297	2.481	0.554	0.28	0.139	1.608	0.936	297	0.05	12000	1000	1	500	111	1	0	1	1	1	0	0	-1	-1	-1	422.553494036268
Simulation_298	2.984	0.109	0.218	0.03	0.98	0.257	298	0.05	12000	1000	1	500	111	1	0	1	57	58	1	1	0.0210035005834306	36	1	5022.2791977982
Simulation_299	1.978	0.405	0.092	0.103	2.235	0.71	299	0.05	12000	1000	1	500	111	1	0	1	4	4	0	1	0.680863477246208	1167	3	2915.61477082575
Simulation_300	1.727	0.034	0.249	0.048	0.667	0.597	300	0.05	12000	1000	1	500	111	1	0	1	0	1	1	-1	-1	-1	-1	5618.18897241757
Simulation_301	2.733	0.331	0.124	0.121	1.922	0.144	301	0.05	12000	1000	1	500	111	1	0	1	1	1	0	0	-1	-1	-1	6806.57481341959
Simulation_302	2.23	0.183	0.061	0.012	2.549	0.823	302	0.05	12000	1000	1	500	111	1	0	1	5	5	0	1	0.886231038506418	1519	1	488.835641350525
Simulation_303	1.224	0.479	0.186	0.085	1.294	0.371	303	0.05	12000	1000	1	500	111	0	21	1	3678	3678	0	1	1	1714	129	3718.81789170025
Simulation_304	1.161	0.164	0.273	0.107	0.902	0.116	304	0.05	12000	1000	1	500	111	0	114	1	3874	3884	10	1	0.928238039673279	1591	179	4959.91767498739
Simulation_305	2.167	0.461	0.147	0.035	2.157	0.569	305	0.05	12000	1000	1	500	111	1	0	1	205	205	0	1	1	1714	23	4760.3598713639
Simulation_306	2.67	0.016	0.084	0.144	2.784	0.342	306	0.05	12000	1000	1	500	111	1	0	1	0	1	1	-1	-1	-1	-1	3434.06816974881
Simulation_307	1.664	0.313	0.21	0.071	1.529	0.795	307	0.05	12000	1000	1	500	111	1	0	1	1	1	0	1	0.0029171528588098	5	1	5896.36245386403
Simulation_308	1.916	0.09	0.116	0.089	2.471	0.908	308	0.05	12000	1000	1	500	111	1	0	1	7	7	0	0	-1	-1	-1	8087.45064335507
Simulation_309	2.921	0.387	0.241	0.016	1.216	0.455	309	0.05	12000	1000	1	500	111	1	0	1	1	1	0	0	-1	-1	-1	8743.19946133949
Simulation_310	2.418	0.238	0.178	0.126	0.588	0.682	310	0.05	12000	1000	1	500	111	1	0	1	1	1	0	1	0.94340723453909	1617	1	7886.52778129446
Simulation_311	1.413	0.535	0.053	0.053	1.843	0.229	311	0.05	12000	1000	1	500	111	1	0	1	1	1	0	1	0.900233372228705	1543	1	3877.80289564416
Simulation_312	1.287	0.053	0.225	0.007	2.314	0.286	312	0.05	12000	1000	1	500	111	1	0	1	0	1	1	-1	-1	-1	-1	6735.6452998833
Simulation_313	2.293	0.35	0.1	0.08	1.059	0.738	313	0.05	12000	1000	1	500	111	1	0	1	2	2	0	0	-1	-1	-1	4154.99637525818
Simulation_314	2.796	0.201	0.163	0.044	1.686	0.512	314	0.05	12000	1000	1	500	111	1	0	1	0	1	1	-1	-1	-1	-1	6425.98467031566
Simulation_315	1.79	0.498	0.288	0.116	2.941	0.965	315	0.05	12000	1000	1	500	111	1	0	1	1	1	0	0	-1	-1	-1	3619.10751866671
Simulation_316	1.538	0.275	0.069	0.025	1.373	0.851	316	0.05	12000	1000	1	500	111	1	0	1	0	1	1	-1	-1	-1	-1	5677.62032569562
Simulation_317	2.544	0.572	0.194	0.098	2.627	0.399	317	0.05	12000	1000	1	500	111	1	0	1	1	1	0	0	-1	-1	-1	5517.15937271966
Simulation_318	2.041	0.127	0.257	0.062	2	0.625	318	0.05	12000	1000	1	500	111	1	0	1	0	1	1	-1	-1	-1	-1	5869.05437363622
Simulation_319	1.035	0.424	0.131	0.135	0.745	0.172	319	0.05	12000	1000	1	500	111	1	0	1	0	1	1	-1	-1	-1	-1	5739.2787958693
Simulation_320	1.051	0.067	0.259	0.081	2.725	0.236	320	0.05	12000	1000	1	500	111	1	0	1	1	1	0	0	-1	-1	-1	5664.87928265123
Simulation_321	2.057	0.364	0.133	0.008	1.471	0.689	321	0.05	12000	1000	1	500	111	1	0	1	3	3	0	0	-1	-1	-1	4959.91767498739
Simulation_322	2.56	0.215	0.071	0.118	0.843	0.462	322	0.05	12000	1000	1	500	111	1	0	1	1	1	0	0	-1	-1	-1	4131.31968848566
Simulation_323	1.554	0.512	0.196	0.045	2.098	0.915	323	0.05	12000	1000	1	500	111	1	0	1	1	1	0	0	-1	-1	-1	5477.32370912799
Simulation_324	1.806	0.289	0.165	0.099	0.529	0.802	324	0.05	12000	1000	1	500	111	1	0	1	1	1	0	0	-1	-1	-1	7845.31990890732
Simulation_325	2.811	0.586	0.29	0.027	1.784	0.349	325	0.05	12000	1000	1	500	111	1	0	1	413	413	0	1	0.0933488914819137	160	1	6961.86292947744
Simulation_326	2.308	0.141	0.227	0.136	2.412	0.576	326	0.05	12000	1000	1	500	111	1	0	1	342	344	2	1	0.955075845974329	1637	31	4649.18463887005
Simulation_327	1.303	0.438	0.102	0.063	1.157	0.123	327	0.05	12000	1000	1	500	111	1	0	1	1	1	0	0	-1	-1	-1	6325.7244431547
Simulation_328	1.428	0.178	0.18	0.036	1.627	0.18	328	0.05	12000	1000	1	500	111	1	0	1	1	1	0	1	0.848891481913652	1455	1	4074.00270342228
Simulation_329	2.434	0.475	0.055	0.108	2.882	0.632	329	0.05	12000	1000	1	500	111	1	0	1	196	196	0	1	1	1714	14	7527.53850861724
Simulation_330	2.937	0.03	0.118	0.072	2.255	0.406	330	0.05	12000	1000	1	500	111	1	0	1	0	1	1	-1	-1	-1	-1	8780.60248426928
Simulation_331	1.931	0.326	0.243	0.145	1	0.859	331	0.05	12000	1000	1	500	111	1	0	1	1	1	0	0	-1	-1	-1	5985.53455018493
Simulation_332	1.68	0.104	0.086	0.018	1.941	0.972	332	0.05	12000	1000	1	500	111	1	0	1	0	1	1	-1	-1	-1	-1	5413.49327467193
Simulation_333	2.686	0.401	0.212	0.09	0.686	0.519	333	0.05	12000	1000	1	500	111	1	0	1	1	1	0	0	-1	-1	-1	3572.92960560808
Simulation_334	2.183	0.252	0.275	0.054	1.314	0.745	334	0.05	12000	1000	1	500	111	1	0	1	2	2	0	1	0.944574095682614	1619	1	3935.97595816186
Simulation_335	1.177	0.549	0.149	0.127	2.569	0.293	335	0.05	12000	1000	1	500	111	1	0	1	1	1	0	0	-1	-1	-1	7862.96700328511
Simulation_336	1.24	0.234	0.063	0.14	2.176	0.547	336	0.05	12000	1000	1	500	111	0	46	1	3541	3546	5	1	1	1714	92	4728.31754405638
Simulation_337	2.246	0.53	0.188	0.068	0.922	1	337	0.05	12000	1000	1	500	111	1	0	1	1	1	0	0	-1	-1	-1	5296.48042657216
Simulation_338	2.749	0.085	0.251	0.104	1.549	0.321	338	0.05	12000	1000	1	500	111	1	0	1	38	38	0	1	0.761376896149358	1305	14	4507.23221787189
Simulation_339	1.743	0.382	0.125	0.031	2.804	0.774	339	0.05	12000	1000	1	500	111	1	0	1	9	9	0	1	1	1714	7	4365.35716758942
Simulation_340	1.994	0.011	0.22	0.122	1.235	0.661	340	0.05	12000	1000	1	500	111	1	0	1	0	1	1	-1	-1	-1	-1	5957.32654953171
Simulation_341	3	0.308	0.094	0.049	2.49	0.208	341	0.05	12000	1000	1	500	111	1	0	1	1	1	0	0	-1	-1	-1	5659.43673405766
Simulation_342	2.497	0.16	0.157	0.086	1.863	0.887	342	0.05	12000	1000	1	500	111	1	0	1	2	2	0	0	-1	-1	-1	7931.09212278933
Simulation_343	1.491	0.456	0.282	0.013	0.608	0.434	343	0.05	12000	1000	1	500	111	1	0	1	1	1	0	0	-1	-1	-1	5472.61717745239
Simulation_344	1.365	0.122	0.141	0.058	1.078	0.378	344	0.05	12000	1000	1	500	111	1	0	1	1412	1416	4	1	0.981913652275379	1683	14	3970.21862581525
Simulation_345	2.371	0.419	0.267	0.131	2.333	0.83	345	0.05	12000	1000	1	500	111	1	0	1	1	1	0	0	-1	-1	-1	2767.28052608645
Simulation_346	2.874	0.271	0.204	0.022	2.961	0.151	346	0.05	12000	1000	1	500	111	1	0	1	1	1	0	1	0.891481913652275	1528	1	4519.40307217328
Simulation_347	1.868	0.568	0.078	0.095	1.706	0.604	347	0.05	12000	1000	1	500	111	1	0	1	1	1	0	1	0.899649941656943	1542	1	5348.05344147446
Simulation_348	1.617	0.197	0.298	0.077	2.647	0.717	348	0.05	12000	1000	1	500	111	1	0	1	0	1	1	-1	-1	-1	-1	5381.99407591506
Simulation_349	2.623	0.493	0.173	0.149	1.392	0.264	349	0.05	12000	1000	1	500	111	1	0	1	69	69	0	1	0.953325554259043	1634	57	3502.68028159587
Simulation_350	2.12	0.048	0.11	0.04	0.765	0.943	350	0.05	12000	1000	1	500	111	1	0	1	0	1	1	-1	-1	-1	-1	5504.66404212704
Simulation_351	1.114	0.345	0.235	0.113	2.02	0.491	351	0.05	12000	1000	1	500	111	0	172	1	3323	3323	0	1	0.946907817969662	1623	4	7862.96700328511
Simulation_352	1.083	0.224	0.122	0.015	1.353	0.561	352	0.05	12000	1000	1	500	111	1	0	1	124	124	0	1	1	1714	20	2088.68219783901
Simulation_353	2.088	0.521	0.247	0.088	2.608	0.109	353	0.05	12000	1000	1	500	111	1	0	1	1	1	0	0	-1	-1	-1	4562.57091397598
Simulation_354	2.591	0.076	0.184	0.052	1.98	0.788	354	0.05	12000	1000	1	500	111	1	0	1	0	1	1	-1	-1	-1	-1	5985.53455018493
Simulation_355	1.585	0.373	0.059	0.124	0.725	0.335	355	0.05	12000	1000	1	500	111	1	0	1	1	1	0	0	-1	-1	-1	6934.27766658692
Simulation_356	1.837	0.15	0.278	0.033	2.294	0.448	356	0.05	12000	1000	1	500	111	1	0	1	374	374	0	1	0.971411901983664	1665	344	1910.25658429938
Simulation_357	2.843	0.447	0.153	0.106	1.039	0.901	357	0.05	12000	1000	1	500	111	1	0	1	1	1	0	0	-1	-1	-1	4287.99893289597
Simulation_358	2.34	0.299	0.09	0.07	1.667	0.222	358	0.05	12000	1000	1	500	111	1	0	1	5	5	0	0	-1	-1	-1	7356.77272620209
Simulation_359	1.334	0.595	0.216	0.143	2.922	0.675	359	0.05	12000	1000	1	500	111	0	79	1	3178	3178	0	1	1	1714	153	7145.97937124384
Simulation_360	1.46	0.039	0.075	0.097	2.451	0.731	360	0.05	12000	1000	1	500	111	0	37	1	2486	2516	30	1	0.701866977829638	1203	238	4899.66621465405
Simulation_361	2.466	0.336	0.2	0.024	1.196	0.279	361	0.05	12000	1000	1	500	111	1	0	1	152	152	0	1	1	1714	10	5028.1008265604
Simulation_362	2.969	0.187	0.263	0.134	0.569	0.958	362	0.05	12000	1000	1	500	111	1	0	1	1	1	0	1	0.382147024504084	655	1	3407.4042541751
Simulation_363	1.963	0.484	0.137	0.061	1.824	0.505	363	0.05	12000	1000	1	500	111	1	0	1	417	417	0	1	1	1714	34	7290.68524281684
Simulation_364	1.711	0.262	0.231	0.079	0.882	0.392	364	0.05	12000	1000	1	500	111	1	0	1	5	5	0	0	-1	-1	-1	6869.86237480419
Simulation_365	2.717	0.558	0.106	0.006	2.137	0.844	365	0.05	12000	1000	1	500	111	1	0	1	1	1	0	0	-1	-1	-1	5215.468977477
Simulation_366	2.214	0.113	0.169	0.115	2.765	0.165	366	0.05	12000	1000	1	500	111	1	0	1	7	7	0	1	0.801050175029172	1373	7	3306.24181328875
Simulation_367	1.208	0.41	0.294	0.043	1.51	0.618	367	0.05	12000	1000	1	500	111	1	0	1	4	4	0	0	-1	-1	-1	377.933990179994
Simulation_368	1.145	0.095	0.192	0.074	0.804	0.873	368	0.05	12000	1000	1	500	111	1	0	1	1	1	0	0	-1	-1	-1	3572.92960560808
Simulation_369	2.151	0.391	0.067	0.147	2.059	0.42	369	0.05	12000	1000	1	500	111	1	0	1	765	765	0	1	0.921820303383897	1580	1	6201.27327014718
Simulation_370	2.654	0.243	0.129	0.038	2.686	0.646	370	0.05	12000	1000	1	500	111	1	0	1	0	1	1	-1	-1	-1	-1	5329.81285873543
Simulation_371	1.648	0.54	0.255	0.111	1.431	0.194	371	0.05	12000	1000	1	500	111	1	0	1	2	2	0	1	0.900233372228705	1543	1	1330.53717977316
Simulation_372	1.9	0.169	0.098	0.056	3	0.307	372	0.05	12000	1000	1	500	111	1	0	1	0	1	1	-1	-1	-1	-1	6142.91333321974
Simulation_373	2.906	0.466	0.224	0.129	1.745	0.76	373	0.05	12000	1000	1	500	111	1	0	1	1	1	0	0	-1	-1	-1	6935.88231009945
Simulation_374	2.403	0.02	0.286	0.02	1.118	0.533	374	0.05	12000	1000	1	500	111	1	0	1	0	1	1	-1	-1	-1	-1	8173.51066591469
Simulation_375	1.397	0.317	0.161	0.093	2.373	0.986	375	0.05	12000	1000	1	500	111	1	0	1	3	3	0	1	0.999416569428238	1713	1	1457.28781955667
Simulation_376	1.271	0.28	0.239	0.12	1.902	0.929	376	0.05	12000	1000	1	500	111	1	0	1	1	1	0	0	-1	-1	-1	5573.84720028238
Simulation_377	2.277	0.577	0.114	0.047	0.647	0.477	377	0.05	12000	1000	1	500	111	1	0	1	1	1	0	0	-1	-1	-1	5890.0560568283
Simulation_378	2.78	0.132	0.051	0.083	1.275	0.703	378	0.05	12000	1000	1	500	111	1	0	1	2	2	0	0	-1	-1	-1	4667.76282410585
Simulation_379	1.774	0.428	0.176	0.011	2.529	0.25	379	0.05	12000	1000	1	500	111	1	0	1	1	1	0	0	-1	-1	-1	7306.10446818731
Simulation_380	1.523	0.058	0.145	0.138	1.588	0.137	380	0.05	12000	1000	1	500	111	1	0	1	0	1	1	-1	-1	-1	-1	6409.71588185469
Simulation_381	2.528	0.354	0.271	0.065	2.843	0.59	381	0.05	12000	1000	1	500	111	1	0	1	66	66	0	1	1	1714	9	4820.9082580456
Simulation_382	2.026	0.206	0.208	0.102	2.216	0.363	382	0.05	12000	1000	1	500	111	1	0	1	9	9	0	0	-1	-1	-1	8138.98476323202
Simulation_383	1.02	0.503	0.082	0.029	0.961	0.816	383	0.05	12000	1000	1	500	111	1	0	1	1	1	0	0	-1	-1	-1	7749.40811677195
Simulation_384	1.012	0.106	0.158	0.11	2.088	0.615	384	0.05	12000	1000	1	500	111	0	173	1	2041	2152	111	1	0.799883313885648	1371	7	6428.83835762059
Simulation_385	2.018	0.403	0.283	0.037	0.833	0.162	385	0.05	12000	1000	1	500	111	1	0	1	942	942	0	1	0.980163360560093	1680	16	8057.33118195222
Simulation_386	2.521	0.255	0.221	0.147	1.461	0.841	386	0.05	12000	1000	1	500	111	1	0	1	1	1	0	0	-1	-1	-1	6237.83913151589
Simulation_387	1.515	0.551	0.095	0.074	2.716	0.388	387	0.05	12000	1000	1	500	111	1	0	1	1	1	0	0	-1	-1	-1	7661.56924047161
Simulation_388	1.766	0.18	0.252	0.092	1.147	0.501	388	0.05	12000	1000	1	500	111	1	0	1	36	36	0	1	0.285297549591599	489	1	7020.95610718911
Simulation_389	2.772	0.477	0.126	0.019	2.402	0.954	389	0.05	12000	1000	1	500	111	1	0	1	1	1	0	0	-1	-1	-1	7815.3578790485
Simulation_390	2.269	0.032	0.064	0.128	1.775	0.275	390	0.05	12000	1000	1	500	111	1	0	1	282	282	0	1	0.00116686114352392	2	21	3541.15357138862
Simulation_391	1.263	0.329	0.189	0.056	0.52	0.728	391	0.05	12000	1000	1	500	111	1	0	1	1	1	0	0	-1	-1	-1	6678.69671398894
Simulation_392	1.389	0.292	0.111	0.01	0.99	0.671	392	0.05	12000	1000	1	500	111	1	0	1	4	4	0	1	1	1714	3	4298.48634349225
Simulation_393	2.395	0.588	0.236	0.083	2.245	0.218	393	0.05	12000	1000	1	500	111	1	0	1	1	1	0	0	-1	-1	-1	5573.84720028238
Simulation_394	2.898	0.143	0.299	0.047	2.873	0.897	394	0.05	12000	1000	1	500	111	1	0	1	3	3	0	0	-1	-1	-1	3887.21265792509
Simulation_395	1.892	0.44	0.174	0.119	1.618	0.445	395	0.05	12000	1000	1	500	111	1	0	1	347	347	0	1	1	1714	29	4921.60635590046
Simulation_396	1.64	0.069	0.205	0.028	2.559	0.332	396	0.05	12000	1000	1	500	111	1	0	1	0	1	1	-1	-1	-1	-1	5199.46963692579
Simulation_397	2.646	0.366	0.079	0.101	1.304	0.784	397	0.05	12000	1000	1	500	111	1	0	1	1	1	0	0	-1	-1	-1	5686.71563430253
Simulation_398	2.143	0.217	0.142	0.065	0.676	0.105	398	0.05	12000	1000	1	500	111	1	0	1	0	1	1	-1	-1	-1	-1	6106.10250832712
Simulation_399	1.138	0.514	0.268	0.137	1.931	0.558	399	0.05	12000	1000	1	500	111	0	69	1	3067	3067	0	1	1	1714	130	5506.21953243309
Simulation_400	1.2	0.199	0.228	0.124	2.794	0.813	400	0.05	12000	1000	1	500	111	1	0	1	86	86	0	1	0.964994165694282	1654	4	2988.46473249144
Simulation_401	2.206	0.496	0.103	0.051	1.539	0.36	401	0.05	12000	1000	1	500	111	1	0	1	132	132	0	1	1	1714	43	3457.4065575009
Simulation_402	2.709	0.051	0.166	0.087	0.912	0.586	402	0.05	12000	1000	1	500	111	1	0	1	7	8	1	1	0.751458576429405	1288	4	1682.25849232411
Simulation_403	1.703	0.347	0.291	0.015	2.167	0.134	403	0.05	12000	1000	1	500	111	1	0	1	1	1	0	1	0.900233372228705	1543	1	4111.42086514421
Simulation_404	1.955	0.125	0.072	0.142	0.598	0.247	404	0.05	12000	1000	1	500	111	1	0	1	2	3	1	0	-1	-1	-1	3833.24988566339
Simulation_405	2.961	0.421	0.197	0.069	1.853	0.699	405	0.05	12000	1000	1	500	111	1	0	1	1	1	0	0	-1	-1	-1	6847.64184584324
Simulation_406	2.458	0.273	0.26	0.106	2.48	0.473	406	0.05	12000	1000	1	500	111	1	0	1	197	197	0	0	-1	-1	-1	7156.45104157227
Simulation_407	1.452	0.57	0.134	0.033	1.225	0.926	407	0.05	12000	1000	1	500	111	1	0	1	1	1	0	0	-1	-1	-1	5640.80984159005
Simulation_408	1.326	0.013	0.275	0.06	1.696	0.982	408	0.05	12000	1000	1	500	111	1	0	1	0	1	1	-1	-1	-1	-1	6057.96276187423
Simulation_409	2.332	0.31	0.15	0.133	2.951	0.53	409	0.05	12000	1000	1	500	111	1	0	1	485	485	0	1	0.492415402567095	844	3	6940.31940406575
Simulation_410	2.835	0.162	0.087	0.024	2.324	0.756	410	0.05	12000	1000	1	500	111	1	0	1	0	1	1	-1	-1	-1	-1	6278.70623253187
Simulation_411	1.829	0.459	0.213	0.097	1.069	0.303	411	0.05	12000	1000	1	500	111	1	0	1	604	604	0	1	1	1714	47	6076.31906313243
Simulation_412	1.578	0.236	0.119	0.042	2.01	0.19	412	0.05	12000	1000	1	500	111	1	0	1	1	1	0	0	-1	-1	-1	7365.42675143335
Simulation_413	2.583	0.533	0.244	0.115	0.755	0.643	413	0.05	12000	1000	1	500	111	1	0	1	1	1	0	0	-1	-1	-1	6435.67926037934
Simulation_414	2.081	0.088	0.181	0.006	1.382	0.417	414	0.05	12000	1000	1	500	111	1	0	1	0	1	1	-1	-1	-1	-1	6331.73190400665
Simulation_415	1.075	0.384	0.056	0.078	2.637	0.869	415	0.05	12000	1000	1	500	111	1	0	1	1	1	0	0	-1	-1	-1	5275.64610814731
Simulation_416	1.106	0.264	0.287	0.031	0.716	0.289	416	0.05	12000	1000	1	500	111	1	0	1	6	6	0	0	-1	-1	-1	8445.66749840336
Simulation_417	2.112	0.561	0.162	0.103	1.971	0.742	417	0.05	12000	1000	1	500	111	1	0	1	1	1	0	0	-1	-1	-1	3785.28495538238
Simulation_418	2.615	0.115	0.099	0.067	2.598	0.516	418	0.05	12000	1000	1	500	111	1	0	1	0	1	1	-1	-1	-1	-1	4891.43499578229
Simulation_419	1.609	0.412	0.225	0.14	1.343	0.968	419	0.05	12000	1000	1	500	111	1	0	1	1	1	0	0	-1	-1	-1	7452.64858718023
Simulation_420	1.861	0.041	0.13	0.012	2.912	0.855	420	0.05	12000	1000	1	500	111	1	0	1	4	4	0	0	-1	-1	-1	7519.75586120308
Simulation_421	2.866	0.338	0.256	0.085	1.657	0.402	421	0.05	12000	1000	1	500	111	1	0	1	0	1	1	-1	-1	-1	-1	6453.72721609218
Simulation_422	2.363	0.19	0.193	0.049	1.029	0.629	422	0.05	12000	1000	1	500	111	1	0	1	1	1	0	0	-1	-1	-1	4203.95719164802
Simulation_423	1.358	0.486	0.068	0.122	2.284	0.176	423	0.05	12000	1000	1	500	111	1	0	1	1	1	0	0	-1	-1	-1	5483.78593256906
Simulation_424	1.483	0.153	0.209	0.094	1.814	0.119	424	0.05	12000	1000	1	500	111	1	0	1	1	1	0	0	-1	-1	-1	4700.66637946748
Simulation_425	2.489	0.449	0.083	0.021	0.559	0.572	425	0.05	12000	1000	1	500	111	1	0	1	1	1	0	0	-1	-1	-1	4183.57005867341
Simulation_426	2.992	0.301	0.146	0.131	1.186	0.346	426	0.05	12000	1000	1	500	111	1	0	1	27	27	0	1	1	1714	7	6460.87804821589
Simulation_427	1.986	0.598	0.272	0.058	2.441	0.798	427	0.05	12000	1000	1	500	111	1	0	1	1	1	0	0	-1	-1	-1	7682.52757283333
Simulation_428	1.735	0.227	0.052	0.112	1.5	0.912	428	0.05	12000	1000	1	500	111	1	0	1	1	1	0	0	-1	-1	-1	3690.24158862001
Simulation_429	2.741	0.523	0.177	0.04	2.755	0.459	429	0.05	12000	1000	1	500	111	1	0	1	40	40	0	0	-1	-1	-1	6522.16553511306
Simulation_430	2.238	0.078	0.24	0.149	2.127	0.685	430	0.05	12000	1000	1	500	111	1	0	1	120	125	5	1	0.859976662777129	1474	25	4611.67212784086
Simulation_431	1.232	0.375	0.115	0.076	0.873	0.233	431	0.05	12000	1000	1	500	111	0	38	1	3262	3262	0	1	1	1714	104	8514.72128451011
Simulation_432	1.169	0.06	0.091	0.044	1.422	0.487	432	0.05	12000	1000	1	500	111	1	0	1	0	1	1	-1	-1	-1	-1	5686.93870729681
Simulation_433	2.175	0.357	0.217	0.117	2.676	0.94	433	0.05	12000	1000	1	500	111	1	0	1	0	1	1	-1	-1	-1	-1	5859.9990459666
Simulation_434	2.678	0.208	0.279	0.008	2.049	0.261	434	0.05	12000	1000	1	500	111	1	0	1	1	1	0	1	0.865810968494749	1484	1	2326.86937117085
Simulation_435	1.672	0.505	0.154	0.081	0.794	0.714	435	0.05	12000	1000	1	500	111	1	0	1	1	1	0	0	-1	-1	-1	5146.60147710975
Simulation_436	1.923	0.282	0.185	0.062	2.363	0.6	436	0.05	12000	1000	1	500	111	1	0	1	608	608	0	1	0.990665110851809	1698	6	8201.55779675014
Simulation_437	2.929	0.579	0.06	0.135	1.108	0.148	437	0.05	12000	1000	1	500	111	1	0	1	58	58	0	0	-1	-1	-1	5652.75790321513
Simulation_438	2.426	0.134	0.123	0.026	1.735	0.827	438	0.05	12000	1000	1	500	111	1	0	1	9	9	0	1	0.408984830805134	701	1	4478.72435586031
Simulation_439	1.42	0.431	0.248	0.099	2.99	0.374	439	0.05	12000	1000	1	500	111	1	0	1	1	1	0	0	-1	-1	-1	7203.89473864285
Simulation_440	1.295	0.171	0.17	0.144	2.52	0.431	440	0.05	12000	1000	1	500	111	1	0	1	24	24	0	1	0.848891481913652	1455	4	4931.75392782851
Simulation_441	2.301	0.468	0.295	0.072	1.265	0.883	441	0.05	12000	1000	1	500	111	1	0	1	1	1	0	0	-1	-1	-1	8924.45842110642
Simulation_442	2.804	0.023	0.232	0.108	0.637	0.204	442	0.05	12000	1000	1	500	111	1	0	1	0	1	1	-1	-1	-1	-1	6355.0980758703
Simulation_443	1.798	0.319	0.107	0.035	1.892	0.657	443	0.05	12000	1000	1	500	111	1	0	1	2	2	0	1	0.935239206534422	1603	1	6755.81608132848
Simulation_444	1.546	0.097	0.264	0.126	0.951	0.77	444	0.05	12000	1000	1	500	111	1	0	1	4	4	0	0	-1	-1	-1	7682.52757283333
Simulation_445	2.552	0.394	0.138	0.053	2.206	0.317	445	0.05	12000	1000	1	500	111	1	0	1	1	1	0	1	0.900233372228705	1543	1	4534.26747022865
Simulation_446	2.049	0.245	0.075	0.09	2.833	0.996	446	0.05	12000	1000	1	500	111	1	0	1	1	1	0	0	-1	-1	-1	6839.29330770343
Simulation_447	1.043	0.542	0.201	0.017	1.578	0.544	447	0.05	12000	1000	1	500	111	1	0	1	1477	1477	0	1	1	1714	126	2830.39521660891
Simulation_448	1.028	0.185	0.077	0.073	1.951	0.367	448	0.05	12000	1000	1	500	111	0	83	1	3487	3487	0	1	0.935239206534422	1603	220	3818.10017601886
Simulation_449	2.033	0.482	0.203	0.145	0.696	0.82	449	0.05	12000	1000	1	500	111	1	0	1	1	1	0	0	-1	-1	-1	4976.843940776
Simulation_450	2.536	0.037	0.266	0.036	1.324	0.141	450	0.05	12000	1000	1	500	111	1	0	1	79	79	0	1	0.0326721120186698	56	8	4433.70777350066
Simulation_451	1.53	0.333	0.14	0.109	2.578	0.593	451	0.05	12000	1000	1	500	111	1	0	1	0	1	1	-1	-1	-1	-1	5192.31945140488
Simulation_452	1.782	0.111	0.234	0.054	1.637	0.706	452	0.05	12000	1000	1	500	111	1	0	1	135	136	1	1	0.0250875145857643	43	1	7780.94737760025
Simulation_453	2.788	0.408	0.109	0.127	2.892	0.254	453	0.05	12000	1000	1	500	111	1	0	1	1	1	0	0	-1	-1	-1	6549.55498036576
Simulation_454	2.285	0.259	0.172	0.018	2.265	0.933	454	0.05	12000	1000	1	500	111	1	0	1	1	1	0	0	-1	-1	-1	5564.76470566351
Simulation_455	1.279	0.556	0.297	0.091	1.01	0.48	455	0.05	12000	1000	1	500	111	1	0	1	1	1	0	0	-1	-1	-1	7038.73178083926
Simulation_456	1.405	0.074	0.125	0.118	0.539	0.537	456	0.05	12000	1000	1	500	111	1	0	1	5	5	0	1	0.709451575262544	1216	2	1499.19506328492
Simulation_457	2.411	0.37	0.25	0.045	1.794	0.989	457	0.05	12000	1000	1	500	111	1	0	1	1	1	0	0	-1	-1	-1	8830.65535002867
Simulation_458	2.914	0.222	0.187	0.082	2.422	0.31	458	0.05	12000	1000	1	500	111	1	0	1	1	1	0	0	-1	-1	-1	6888.91181655633
Simulation_459	1.908	0.519	0.062	0.009	1.167	0.763	459	0.05	12000	1000	1	500	111	1	0	1	1	1	0	0	-1	-1	-1	5015.2531854344
Simulation_460	1.656	0.296	0.281	0.136	2.735	0.65	460	0.05	12000	1000	1	500	111	1	0	1	696	696	0	1	0.998249708284714	1711	13	5356.5074320551
Simulation_461	2.662	0.593	0.156	0.064	1.48	0.197	461	0.05	12000	1000	1	500	111	1	0	1	1	1	0	1	0.900233372228705	1543	1	2625.37636668082
Simulation_462	2.159	0.148	0.093	0.1	0.853	0.876	462	0.05	12000	1000	1	500	111	1	0	1	0	1	1	-1	-1	-1	-1	5722.65665117743
Simulation_463	1.153	0.445	0.219	0.027	2.108	0.424	463	0.05	12000	1000	1	500	111	0	133	1	5305	5305	0	0	-1	-1	-1	7097.03167041005
Simulation_464	1.216	0.129	0.242	0.023	2.657	0.169	464	0.05	12000	1000	1	500	111	1	0	1	2	2	0	1	0.823803967327888	1412	2	4399.78559072239
Simulation_465	2.222	0.426	0.117	0.095	1.402	0.622	465	0.05	12000	1000	1	500	111	1	0	1	1	1	0	1	0.935239206534422	1603	1	3790.63876785
Simulation_466	2.725	0.278	0.054	0.059	0.775	0.395	466	0.05	12000	1000	1	500	111	1	0	1	1	1	0	0	-1	-1	-1	7361.21838566923
Simulation_467	1.719	0.574	0.179	0.132	2.029	0.848	467	0.05	12000	1000	1	500	111	1	0	1	1	1	0	0	-1	-1	-1	6974.69062612674
Simulation_468	1.971	0.204	0.148	0.041	1.088	0.961	468	0.05	12000	1000	1	500	111	1	0	1	0	1	1	-1	-1	-1	-1	5873.11574540646
Simulation_469	2.976	0.5	0.274	0.114	2.343	0.508	469	0.05	12000	1000	1	500	111	1	0	1	198	198	0	1	0.984247374562427	1687	8	6493.42008411387
Simulation_470	2.473	0.055	0.211	0.077	2.971	0.735	470	0.05	12000	1000	1	500	111	1	0	1	50	51	1	0	-1	-1	-1	4628.04812374072
Simulation_471	1.468	0.352	0.085	0.15	1.716	0.282	471	0.05	12000	1000	1	500	111	1	0	1	278	278	0	0	-1	-1	-1	7339.53545756822
Simulation_472	1.342	0.241	0.195	0.105	1.245	0.226	472	0.05	12000	1000	1	500	111	0	35	1	3419	3419	0	1	0.953325554259043	1634	610	3792.23882108639
Simulation_473	2.348	0.537	0.07	0.032	2.5	0.678	473	0.05	12000	1000	1	500	111	1	0	1	13	13	0	1	0.88098016336056	1510	3	5051.80314062141
Simulation_474	2.851	0.092	0.132	0.141	1.873	0.452	474	0.05	12000	1000	1	500	111	1	0	1	23	23	0	1	0.776546091015169	1331	8	4067.15408640679
Simulation_475	1.845	0.389	0.258	0.068	0.618	0.905	475	0.05	12000	1000	1	500	111	1	0	1	1	1	0	0	-1	-1	-1	5409.70215184739
Simulation_476	1.593	0.018	0.101	0.086	2.186	0.791	476	0.05	12000	1000	1	500	111	1	0	1	290	301	11	0	-1	-1	-1	4463.33788310155
Simulation_477	2.599	0.315	0.226	0.014	0.931	0.339	477	0.05	12000	1000	1	500	111	1	0	1	4	4	0	0	-1	-1	-1	9097.90721954735
Simulation_478	2.096	0.166	0.289	0.123	1.559	0.565	478	0.05	12000	1000	1	500	111	1	0	1	19	19	0	0	-1	-1	-1	4664.79241743922
Simulation_479	1.09	0.463	0.164	0.05	2.814	0.112	479	0.05	12000	1000	1	500	111	1	0	1	1	1	0	1	0.900233372228705	1543	1	3319.15188492997
Simulation_480	1.059	0.027	0.175	0.134	0.814	0.919	480	0.05	12000	1000	1	500	111	1	0	1	0	1	1	-1	-1	-1	-1	5084.93586553687
Simulation_481	2.065	0.324	0.05	0.061	2.069	0.466	481	0.05	12000	1000	1	500	111	1	0	1	0	1	1	-1	-1	-1	-1	6565.16745643247
Simulation_482	2.568	0.176	0.113	0.098	2.696	0.692	482	0.05	12000	1000	1	500	111	1	0	1	93	93	0	1	0.941073512252042	1613	4	5253.79958759889
Simulation_483	1.562	0.472	0.238	0.025	1.441	0.24	483	0.05	12000	1000	1	500	111	1	0	1	2762	2762	0	0	-1	-1	-1	5489.468067624
Simulation_484	1.813	0.25	0.081	0.116	2.382	0.127	484	0.05	12000	1000	1	500	111	1	0	1	0	1	1	-1	-1	-1	-1	6114.00972018484
Simulation_485	2.819	0.547	0.207	0.043	1.127	0.579	485	0.05	12000	1000	1	500	111	1	0	1	1	1	0	0	-1	-1	-1	5850.52155572914
Simulation_486	2.316	0.102	0.27	0.079	0.5	0.353	486	0.05	12000	1000	1	500	111	1	0	1	1	1	0	0	-1	-1	-1	5301.26941047859
Simulation_487	1.31	0.398	0.144	0.007	1.755	0.806	487	0.05	12000	1000	1	500	111	1	0	1	2	2	0	0	-1	-1	-1	3877.80289564416
Simulation_488	1.436	0.213	0.254	0.052	2.225	0.862	488	0.05	12000	1000	1	500	111	1	0	1	10	10	0	1	0.9463243873979	1622	2	3925.97354549033
Simulation_489	2.442	0.51	0.128	0.125	0.971	0.409	489	0.05	12000	1000	1	500	111	1	0	1	1	1	0	1	0.52683780630105	903	1	5222.69236801178
Simulation_490	2.945	0.064	0.066	0.016	1.598	0.636	490	0.05	12000	1000	1	500	111	1	0	1	0	1	1	-1	-1	-1	-1	7219.91708130168
Simulation_491	1.939	0.361	0.191	0.089	2.853	0.183	491	0.05	12000	1000	1	500	111	1	0	1	1	1	0	0	-1	-1	-1	4739.04776808766
Simulation_492	1.688	0.139	0.16	0.07	1.284	0.296	492	0.05	12000	1000	1	500	111	1	0	1	228	228	0	1	0.988914819136523	1695	90	3579.8627495751
Simulation_493	2.694	0.435	0.285	0.143	2.539	0.749	493	0.05	12000	1000	1	500	111	1	0	1	2	2	0	1	0.579346557759627	993	2	4619.86342926407
Simulation_494	2.191	0.287	0.223	0.034	1.912	0.523	494	0.05	12000	1000	1	500	111	1	0	1	0	1	1	-1	-1	-1	-1	5784.29877165774
Simulation_495	1.185	0.584	0.097	0.107	0.657	0.975	495	0.05	12000	1000	1	500	111	1	0	1	1	1	0	0	-1	-1	-1	5112.8044677679
Simulation_496	1.122	0.268	0.136	0.084	1.52	0.721	496	0.05	12000	1000	1	500	111	1	0	1	5	5	0	0	-1	-1	-1	6672.39080605025
Simulation_497	2.128	0.565	0.262	0.011	2.775	0.268	497	0.05	12000	1000	1	500	111	1	0	1	1	1	0	1	0.900233372228705	1543	1	2579.66459828706
Simulation_498	2.631	0.12	0.199	0.12	2.147	0.947	498	0.05	12000	1000	1	500	111	1	0	1	6	6	0	0	-1	-1	-1	3841.49772102168
Simulation_499	1.625	0.417	0.074	0.048	0.892	0.494	499	0.05	12000	1000	1	500	111	1	0	1	2	2	0	0	-1	-1	-1	2467.11446287283
Simulation_500	1.876	0.046	0.293	0.102	1.833	0.381	500	0.05	12000	1000	1	500	111	1	0	1	0	1	1	-1	-1	-1	-1	6567.28281852087
