Sim_index	S	omega_T	omega_P	sigma_e	disp_shape	disp_scale	seed	divergence_factor	max_species	max_coex_sp	start_species	init_ab	grid_cell_distance	finished	final_timestep	initial_nb_species	final_nb_species	sp_events	ex_events	exchanged	prop_col_area	div_col	dist_to_isthmus	start_biome
Simulation_1	1.998	0.055	0.175	0.078	1.75	0.549	1	0.05	12000	1000	1	500	111	1	0	1	81	81	0	1	0.90781796966161	4	5865.70758124877	3
Simulation_2	2.501	0.032	0.238	0.041	2.377	0.323	2	0.05	12000	1000	1	500	111	1	0	1	2	2	0	0	-1	-1	5513.57449210548	4
Simulation_3	1.495	0.078	0.112	0.114	1.123	0.775	3	0.05	12000	1000	1	500	111	1	0	1	1	1	0	0	-1	-1	5215.468977477	4
Simulation_4	1.747	0.044	0.206	0.023	2.691	0.889	4	0.05	12000	1000	1	500	111	1	0	1	7	7	0	1	0.870478413068845	3	2773.03160875576	1
Simulation_5	2.752	0.089	0.081	0.096	1.436	0.436	5	0.05	12000	1000	1	500	111	1	0	1	46	46	0	1	0.00058343057176196	2	4700.66637946748	2
Simulation_6	2.25	0.021	0.144	0.059	0.809	0.662	6	0.05	12000	1000	1	500	111	1	0	1	22	22	0	0	-1	-1	4676.09864728511	4
Simulation_7	1.244	0.066	0.269	0.132	2.064	0.21	7	0.05	12000	1000	1	500	111	0	82	1	2963	2964	1	1	0.00175029171528588	133	6013.70404501876	4
Simulation_8	1.369	0.038	0.128	0.105	1.907	0.266	8	0.05	12000	1000	1	500	111	1	0	1	1821	1821	0	1	0.00058343057176196	2	6301.65120513653	4
Simulation_9	2.375	0.083	0.253	0.032	0.652	0.719	9	0.05	12000	1000	1	500	111	1	0	1	18	18	0	1	0.00058343057176196	2	3950.56151961028	2
Simulation_10	2.878	0.015	0.191	0.141	1.279	0.493	10	0.05	12000	1000	1	500	111	1	0	1	1	1	0	0	-1	-1	2316.74178092533	3
Simulation_11	1.872	0.061	0.065	0.068	2.534	0.945	11	0.05	12000	1000	1	500	111	1	0	1	55	55	0	1	0.941656942823804	10	3287.61565284925	2
Simulation_12	1.621	0.027	0.285	0.087	1.593	0.832	12	0.05	12000	1000	1	500	111	1	0	1	936	936	0	0	-1	-1	4063.88792337665	4
Simulation_13	2.627	0.072	0.159	0.014	2.848	0.379	13	0.05	12000	1000	1	500	111	1	0	1	1	1	0	1	0.847141190198366	1	5971.47015323135	4
Simulation_14	2.124	0.049	0.097	0.123	2.221	0.606	14	0.05	12000	1000	1	500	111	1	0	1	5	5	0	0	-1	-1	5881.75047257789	4
Simulation_15	1.118	0.095	0.222	0.05	0.966	0.153	15	0.05	12000	1000	1	500	111	0	52	1	3201	3201	0	1	0.983663943990665	2918	3931.70038265769	4
Simulation_16	1.181	0.052	0.261	0.064	1.201	0.408	16	0.05	12000	1000	1	500	111	0	30	1	3820	3821	1	1	0.955659276546091	108	4360.13672589473	3
Simulation_17	2.187	0.097	0.136	0.137	2.456	0.86	17	0.05	12000	1000	1	500	111	1	0	1	4	4	0	1	0.988331388564761	3	1348.87877632172	1
Simulation_18	2.69	0.029	0.073	0.027	1.828	0.181	18	0.05	12000	1000	1	500	111	1	0	1	1	1	0	0	-1	-1	3035.85659088234	1
Simulation_19	1.684	0.075	0.199	0.1	0.574	0.634	19	0.05	12000	1000	1	500	111	1	0	1	1	1	0	0	-1	-1	5608.7025932843	4
Simulation_20	1.935	0.018	0.167	0.046	2.142	0.747	20	0.05	12000	1000	1	500	111	1	0	1	1	1	0	0	-1	-1	5419.93993469031	4
Simulation_21	2.941	0.063	0.293	0.118	0.887	0.294	21	0.05	12000	1000	1	500	111	1	0	1	1	1	0	0	-1	-1	5946.5972163219	4
Simulation_22	2.438	0.041	0.23	0.009	1.515	0.973	22	0.05	12000	1000	1	500	111	1	0	1	7	7	0	1	0.87806301050175	5	1757.67242040909	1
Simulation_23	1.432	0.086	0.104	0.082	2.77	0.521	23	0.05	12000	1000	1	500	111	1	0	1	1	1	0	0	-1	-1	4931.75392782851	3
Simulation_24	1.306	0.024	0.183	0.128	2.613	0.464	24	0.05	12000	1000	1	500	111	1	0	1	17	17	0	0	-1	-1	2269.29150062399	3
Simulation_25	2.312	0.069	0.057	0.055	1.358	0.917	25	0.05	12000	1000	1	500	111	1	0	1	38	38	0	0	-1	-1	4168.38609828434	3
Simulation_26	2.815	0.046	0.12	0.091	0.73	0.238	26	0.05	12000	1000	1	500	111	1	0	1	1	1	0	0	-1	-1	5059.04601447907	3
Simulation_27	1.809	0.092	0.246	0.018	1.985	0.691	27	0.05	12000	1000	1	500	111	1	0	1	1	1	0	1	0.939906651108518	1	4159.14485618037	3
Simulation_28	1.558	0.035	0.089	0.146	1.044	0.577	28	0.05	12000	1000	1	500	111	1	0	1	1	1	0	0	-1	-1	2815.32267737443	2
Simulation_29	2.564	0.08	0.214	0.073	2.299	0.125	29	0.05	12000	1000	1	500	111	1	0	1	1	1	0	0	-1	-1	2326.86937117085	3
Simulation_30	2.061	0.012	0.277	0.109	2.926	0.804	30	0.05	12000	1000	1	500	111	1	0	1	2	2	0	0	-1	-1	5787.55895034385	4
Simulation_31	1.055	0.058	0.151	0.037	1.672	0.351	31	0.05	12000	1000	1	500	111	1	0	1	112	112	0	1	0.981913652275379	41	7630.40911363395	5
Simulation_32	1.086	0.034	0.202	0.089	2.26	0.676	32	0.05	12000	1000	1	500	111	1	0	1	51	51	0	0	-1	-1	2214.01109378862	3
Simulation_33	2.092	0.079	0.077	0.016	1.005	0.224	33	0.05	12000	1000	1	500	111	1	0	1	2	2	0	1	0.920070011668611	1	3540.9916006828	2
Simulation_34	2.595	0.011	0.14	0.125	1.632	0.903	34	0.05	12000	1000	1	500	111	1	0	1	29	29	0	0	-1	-1	3937.49729514153	3
Simulation_35	1.589	0.056	0.265	0.052	2.887	0.45	35	0.05	12000	1000	1	500	111	1	0	1	14	14	0	1	0.907234539089848	3	4401.18321238433	4
Simulation_36	1.841	0.022	0.108	0.107	1.319	0.337	36	0.05	12000	1000	1	500	111	1	0	1	178	178	0	0	-1	-1	5704.62444186183	4
Simulation_37	2.847	0.068	0.234	0.034	2.574	0.79	37	0.05	12000	1000	1	500	111	1	0	1	4	4	0	1	0.884480746791132	1	4156.18402272766	4
Simulation_38	2.344	0.045	0.297	0.143	1.946	0.111	38	0.05	12000	1000	1	500	111	1	0	1	300	300	0	0	-1	-1	6404.54585192892	4
Simulation_39	1.338	0.09	0.171	0.071	0.691	0.563	39	0.05	12000	1000	1	500	111	1	0	1	1	1	0	0	-1	-1	6227.05110582933	4
Simulation_40	1.464	0.017	0.25	0.025	0.848	0.62	40	0.05	12000	1000	1	500	111	1	0	1	532	535	3	0	-1	-1	4814.29883770364	1
Simulation_41	2.47	0.062	0.124	0.098	2.103	0.167	41	0.05	12000	1000	1	500	111	1	0	1	32	32	0	1	0.949824970828471	13	5190.0987741751	3
Simulation_42	2.972	0.039	0.061	0.062	2.73	0.846	42	0.05	12000	1000	1	500	111	1	0	1	33	33	0	0	-1	-1	3898.24214132225	4
Simulation_43	1.967	0.085	0.187	0.134	1.475	0.394	43	0.05	12000	1000	1	500	111	1	0	1	173	173	0	0	-1	-1	5753.02956778432	2
Simulation_44	1.715	0.051	0.155	0.007	2.417	0.507	44	0.05	12000	1000	1	500	111	1	0	1	1	1	0	1	0.735705950991832	1	1299.67075356738	3
Simulation_45	2.721	0.096	0.281	0.08	1.162	0.959	45	0.05	12000	1000	1	500	111	1	0	1	63	63	0	1	0.931738623103851	40	3974.28727724879	2
Simulation_46	2.218	0.028	0.218	0.043	0.534	0.28	46	0.05	12000	1000	1	500	111	1	0	1	1	1	0	0	-1	-1	5267.60625947828	2
Simulation_47	1.212	0.073	0.093	0.116	1.789	0.733	47	0.05	12000	1000	1	500	111	0	22	1	3404	3404	0	1	0.00116686114352392	52	3556.03754992278	2
Simulation_48	1.149	0.031	0.116	0.148	2.966	0.988	48	0.05	12000	1000	1	500	111	1	0	1	1	1	0	0	-1	-1	4998.78882387969	4
Simulation_49	2.155	0.076	0.242	0.075	1.711	0.535	49	0.05	12000	1000	1	500	111	1	0	1	24	24	0	1	0.00058343057176196	2	7363.78416136228	5
Simulation_50	2.658	0.053	0.179	0.112	1.083	0.761	50	0.05	12000	1000	1	500	111	1	0	1	1	1	0	0	-1	-1	7697.68824443441	4
Simulation_51	1.652	0.099	0.053	0.039	2.338	0.309	51	0.05	12000	1000	1	500	111	1	0	1	1	1	0	1	0.942240373395566	1	5220.67889294167	4
Simulation_52	1.904	0.042	0.273	0.13	0.77	0.195	52	0.05	12000	1000	1	500	111	1	0	1	1	1	0	0	-1	-1	3256.89567651236	3
Simulation_53	2.91	0.087	0.148	0.057	2.025	0.648	53	0.05	12000	1000	1	500	111	1	0	1	1	1	0	0	-1	-1	4980.041991029	2
Simulation_54	2.407	0.02	0.085	0.093	2.652	0.422	54	0.05	12000	1000	1	500	111	1	0	1	11	11	0	0	-1	-1	1664.48807336653	1
Simulation_55	1.401	0.065	0.21	0.021	1.397	0.874	55	0.05	12000	1000	1	500	111	1	0	1	5	5	0	1	0.914235705950992	1	5495.47442780051	4
Simulation_56	1.275	0.048	0.069	0.048	1.554	0.818	56	0.05	12000	1000	1	500	111	1	0	1	150	150	0	1	0.00058343057176196	1	5059.04601447907	3
Simulation_57	2.281	0.093	0.195	0.121	2.809	0.365	57	0.05	12000	1000	1	500	111	1	0	1	1	1	0	0	-1	-1	5022.2791977982	3
Simulation_58	2.784	0.025	0.257	0.012	2.181	0.592	58	0.05	12000	1000	1	500	111	1	0	1	6	6	0	1	0.815635939323221	6	5429.46683532958	2
Simulation_59	1.778	0.07	0.132	0.084	0.926	0.139	59	0.05	12000	1000	1	500	111	1	0	1	1	1	0	0	-1	-1	3256.89567651236	3
Simulation_60	1.527	0.014	0.226	0.066	1.868	0.252	60	0.05	12000	1000	1	500	111	1	0	1	24	25	1	0	-1	-1	6099.65475815905	4
Simulation_61	2.532	0.059	0.1	0.139	0.613	0.705	61	0.05	12000	1000	1	500	111	1	0	1	1	1	0	0	-1	-1	2976.97637267771	1
Simulation_62	2.029	0.037	0.163	0.03	1.24	0.478	62	0.05	12000	1000	1	500	111	1	0	1	8	8	0	0	-1	-1	4215.57072120667	4
Simulation_63	1.024	0.082	0.289	0.103	2.495	0.931	63	0.05	12000	1000	1	500	111	1	0	1	1	1	0	0	-1	-1	1939.36644318789	1
Simulation_64	1.039	0.046	0.161	0.122	1.025	0.882	64	0.05	12000	1000	1	500	111	1	0	1	1	1	0	0	-1	-1	4611.67212784086	3
Simulation_65	2.045	0.091	0.287	0.049	2.279	0.429	65	0.05	12000	1000	1	500	111	1	0	1	1	1	0	0	-1	-1	7291.7597869819	4
Simulation_66	2.548	0.023	0.224	0.085	2.907	0.655	66	0.05	12000	1000	1	500	111	1	0	1	1	1	0	0	-1	-1	7693.663607467	5
Simulation_67	1.542	0.068	0.099	0.013	1.652	0.203	67	0.05	12000	1000	1	500	111	1	0	1	1	1	0	1	0.85414235705951	1	5035.79107475695	3
Simulation_68	1.794	0.012	0.255	0.14	2.593	0.316	68	0.05	12000	1000	1	500	111	1	0	1	11	11	0	0	-1	-1	4842.20564350667	2
Simulation_69	2.8	0.057	0.13	0.067	1.338	0.768	69	0.05	12000	1000	1	500	111	1	0	1	133	133	0	0	-1	-1	5582.14034039396	4
Simulation_70	2.297	0.034	0.067	0.104	0.711	0.542	70	0.05	12000	1000	1	500	111	1	0	1	1	1	0	0	-1	-1	6080.81896994182	4
Simulation_71	1.291	0.08	0.193	0.031	1.966	0.995	71	0.05	12000	1000	1	500	111	1	0	1	8	8	0	1	0.967911318553092	4	6825.03612122324	4
Simulation_72	1.417	0.029	0.083	0.076	2.123	0.938	72	0.05	12000	1000	1	500	111	1	0	1	5	5	0	0	-1	-1	3827.91630505065	3
Simulation_73	2.422	0.074	0.208	0.149	0.868	0.485	73	0.05	12000	1000	1	500	111	1	0	1	1	1	0	0	-1	-1	6142.91333321974	4
Simulation_74	2.925	0.051	0.271	0.04	1.495	0.712	74	0.05	12000	1000	1	500	111	1	0	1	6	6	0	1	0.0659276546091015	1	5584.94781851817	4
Simulation_75	1.919	0.097	0.146	0.113	2.75	0.259	75	0.05	12000	1000	1	500	111	1	0	1	1	1	0	1	0.00058343057176196	1	4565.91285526231	2
Simulation_76	1.668	0.04	0.177	0.058	1.181	0.146	76	0.05	12000	1000	1	500	111	1	0	1	638	638	0	0	-1	-1	4183.57005867341	2
Simulation_77	2.674	0.085	0.051	0.131	2.436	0.599	77	0.05	12000	1000	1	500	111	1	0	1	1	1	0	0	-1	-1	4052.57125109198	2
Simulation_78	2.171	0.017	0.114	0.022	1.809	0.372	78	0.05	12000	1000	1	500	111	1	0	1	6	6	0	0	-1	-1	5678.7647008372	4
Simulation_79	1.165	0.063	0.24	0.095	0.554	0.825	79	0.05	12000	1000	1	500	111	1	0	1	1	1	0	0	-1	-1	7846.69949465461	4
Simulation_80	1.228	0.02	0.216	0.099	1.73	0.57	80	0.05	12000	1000	1	500	111	1	0	1	2353	2356	3	0	-1	-1	777.605793812097	1
Simulation_81	2.234	0.066	0.091	0.026	2.985	0.118	81	0.05	12000	1000	1	500	111	1	0	1	3	3	0	1	0.865227537922987	3	4495.04810734572	2
Simulation_82	2.737	0.043	0.153	0.136	2.358	0.797	82	0.05	12000	1000	1	500	111	1	0	1	1	1	0	0	-1	-1	3983.06573880606	4
Simulation_83	1.731	0.088	0.279	0.063	1.103	0.344	83	0.05	12000	1000	1	500	111	1	0	1	129	129	0	1	0.948658109684947	50	4183.57005867341	4
Simulation_84	1.982	0.054	0.059	0.081	2.044	0.457	84	0.05	12000	1000	1	500	111	1	0	1	2	2	0	0	-1	-1	5021.62989312868	4
Simulation_85	2.988	0.099	0.185	0.008	0.789	0.91	85	0.05	12000	1000	1	500	111	1	0	1	1	1	0	1	0.952158693115519	1	3434.06816974881	2
Simulation_86	2.485	0.032	0.248	0.117	1.417	0.231	86	0.05	12000	1000	1	500	111	1	0	1	33	33	0	0	-1	-1	2342.78554354859	1
Simulation_87	1.479	0.077	0.122	0.045	2.672	0.683	87	0.05	12000	1000	1	500	111	1	0	1	3	3	0	1	0.866394399066511	1	5697.53164988641	4
Simulation_88	1.354	0.037	0.295	0.017	2.828	0.74	88	0.05	12000	1000	1	500	111	1	0	1	56	56	0	1	0.922403733955659	42	4761.09660916717	3
Simulation_89	2.36	0.082	0.169	0.09	1.574	0.287	89	0.05	12000	1000	1	500	111	1	0	1	116	116	0	1	0.00058343057176196	7	2569.08684483381	2
Simulation_90	2.862	0.015	0.106	0.054	0.946	0.966	90	0.05	12000	1000	1	500	111	1	0	1	67	67	0	0	-1	-1	4347.15518535618	3
Simulation_91	1.857	0.06	0.232	0.126	2.201	0.514	91	0.05	12000	1000	1	500	111	1	0	1	47	47	0	1	0.945740956826138	7	4664.79241743922	1
Simulation_92	1.605	0.026	0.138	0.035	0.632	0.401	92	0.05	12000	1000	1	500	111	1	0	1	1922	1922	0	0	-1	-1	3659.21146047175	2
Simulation_93	2.611	0.071	0.263	0.108	1.887	0.853	93	0.05	12000	1000	1	500	111	1	0	1	35	35	0	1	0.00058343057176196	3	2596.20816226401	1
Simulation_94	2.108	0.049	0.2	0.072	2.515	0.174	94	0.05	12000	1000	1	500	111	1	0	1	98	98	0	1	0.902567094515753	17	3724.98503398874	2
Simulation_95	1.102	0.094	0.075	0.145	1.26	0.627	95	0.05	12000	1000	1	500	111	1	0	1	1	1	0	0	-1	-1	5782.42783820839	3
Simulation_96	1.071	0.022	0.283	0.056	1.77	0.528	96	0.05	12000	1000	1	500	111	1	0	1	136	137	1	0	-1	-1	3572.92960560808	2
Simulation_97	2.077	0.067	0.157	0.129	0.515	0.981	97	0.05	12000	1000	1	500	111	1	0	1	1	1	0	0	-1	-1	4428.82234976098	4
Simulation_98	2.58	0.044	0.095	0.02	1.142	0.302	98	0.05	12000	1000	1	500	111	1	0	1	30	30	0	1	0.82147024504084	5	3511.90713528612	2
Simulation_99	1.574	0.09	0.22	0.092	2.397	0.754	99	0.05	12000	1000	1	500	111	1	0	1	1	1	0	0	-1	-1	7907.42453695896	5
Simulation_100	1.825	0.033	0.126	0.074	1.456	0.641	100	0.05	12000	1000	1	500	111	1	0	1	222	222	0	0	-1	-1	2639.32896132445	3
Simulation_101	2.831	0.078	0.251	0.147	2.711	0.188	101	0.05	12000	1000	1	500	111	1	0	1	1	1	0	0	-1	-1	4972.84699010762	3
Simulation_102	2.328	0.01	0.189	0.038	2.083	0.867	102	0.05	12000	1000	1	500	111	1	0	1	1	1	0	0	-1	-1	3450.45366013185	3
Simulation_103	1.322	0.056	0.063	0.11	0.828	0.415	103	0.05	12000	1000	1	500	111	1	0	1	19	19	0	1	0.00058343057176196	3	2624.93384233548	2
Simulation_104	1.448	0.05	0.236	0.138	0.672	0.358	104	0.05	12000	1000	1	500	111	1	0	1	1	1	0	0	-1	-1	6309.86081399374	4
Simulation_105	2.454	0.095	0.11	0.065	1.926	0.811	105	0.05	12000	1000	1	500	111	1	0	1	1	1	0	0	-1	-1	4418.27494481809	4
Simulation_106	2.957	0.027	0.173	0.101	2.554	0.132	106	0.05	12000	1000	1	500	111	1	0	1	1	1	0	0	-1	-1	6336.76514669219	4
Simulation_107	1.951	0.073	0.299	0.029	1.299	0.584	107	0.05	12000	1000	1	500	111	1	0	1	1	1	0	0	-1	-1	3553.85677107466	2
Simulation_108	1.699	0.016	0.079	0.12	2.868	0.698	108	0.05	12000	1000	1	500	111	1	0	1	19	19	0	0	-1	-1	3983.06573880606	4
Simulation_109	2.705	0.061	0.204	0.047	1.613	0.245	109	0.05	12000	1000	1	500	111	1	0	1	4	4	0	1	0.913068844807468	1	4539.04042103227	2
Simulation_110	2.202	0.039	0.267	0.083	0.985	0.924	110	0.05	12000	1000	1	500	111	1	0	1	9	9	0	0	-1	-1	5998.0324061217	4
Simulation_111	1.196	0.084	0.142	0.01	2.24	0.471	111	0.05	12000	1000	1	500	111	1	0	1	1	1	0	1	0.90781796966161	1	2535.17576460658	3
Simulation_112	1.134	0.041	0.102	0.033	2.475	0.217	112	0.05	12000	1000	1	500	111	1	0	1	144	144	0	1	0.882730455075846	20	1512.90265010755	1
Simulation_113	2.139	0.087	0.228	0.106	1.221	0.669	113	0.05	12000	1000	1	500	111	1	0	1	7	7	0	0	-1	-1	7586.95843886257	4
Simulation_114	2.642	0.019	0.291	0.07	0.593	0.443	114	0.05	12000	1000	1	500	111	1	0	1	2	2	0	0	-1	-1	5491.09774121206	4
Simulation_115	1.637	0.064	0.165	0.142	1.848	0.896	115	0.05	12000	1000	1	500	111	1	0	1	379	379	0	0	-1	-1	3577.00506567493	2
Simulation_116	1.888	0.03	0.197	0.015	0.907	0.783	116	0.05	12000	1000	1	500	111	1	0	1	1	1	0	0	-1	-1	7572.43332947394	5
Simulation_117	2.894	0.075	0.071	0.088	2.162	0.33	117	0.05	12000	1000	1	500	111	1	0	1	1	1	0	0	-1	-1	4727.65509294828	4
Simulation_118	2.391	0.053	0.134	0.051	2.789	0.556	118	0.05	12000	1000	1	500	111	1	0	1	19	19	0	1	0.932905484247375	6	5356.48165886659	2
Simulation_119	1.385	0.098	0.259	0.124	1.534	0.104	119	0.05	12000	1000	1	500	111	0	68	1	5181	5181	0	1	0.91365227537923	72	5222.69236801178	2
Simulation_120	1.259	0.013	0.15	0.079	1.377	0.16	120	0.05	12000	1000	1	500	111	0	51	1	3347	3347	0	0	-1	-1	5946.5972163219	4
Simulation_121	2.265	0.058	0.275	0.006	2.632	0.613	121	0.05	12000	1000	1	500	111	1	0	1	1	1	0	1	0.811551925320887	1	4670.52110620269	4
Simulation_122	2.768	0.036	0.212	0.115	2.005	0.386	122	0.05	12000	1000	1	500	111	1	0	1	10	10	0	0	-1	-1	2435.37423066528	3
Simulation_123	1.762	0.081	0.087	0.042	0.75	0.839	123	0.05	12000	1000	1	500	111	1	0	1	649	649	0	1	0.00058343057176196	89	2665.81625711002	2
Simulation_124	1.511	0.047	0.244	0.097	2.319	0.952	124	0.05	12000	1000	1	500	111	1	0	1	1	1	0	0	-1	-1	6355.45368578797	4
Simulation_125	2.517	0.092	0.118	0.024	1.064	0.5	125	0.05	12000	1000	1	500	111	1	0	1	2	2	0	1	0.965577596266044	2	5190.0987741751	3
Simulation_126	2.014	0.024	0.055	0.133	1.691	0.726	126	0.05	12000	1000	1	500	111	1	0	1	162	162	0	0	-1	-1	4917.21283146445	4
Simulation_127	1.008	0.07	0.181	0.06	2.946	0.273	127	0.05	12000	1000	1	500	111	1	0	1	1	1	0	0	-1	-1	5035.79107475695	3
Simulation_128	1.016	0.04	0.247	0.142	1.662	0.475	128	0.05	12000	1000	1	500	111	0	156	1	3090	3090	0	0	-1	-1	2131.88792348267	3
Simulation_129	2.022	0.085	0.121	0.069	2.917	0.928	129	0.05	12000	1000	1	500	111	1	0	1	9	9	0	1	0.992415402567094	3	1967.30635587282	3
Simulation_130	2.525	0.017	0.058	0.105	2.289	0.249	130	0.05	12000	1000	1	500	111	1	0	1	7	7	0	0	-1	-1	4883.4624465717	3
Simulation_131	1.519	0.062	0.184	0.033	1.034	0.701	131	0.05	12000	1000	1	500	111	1	0	1	709	709	0	1	0.00058343057176196	1	6189.9380124686	4
Simulation_132	1.77	0.028	0.152	0.124	1.975	0.588	132	0.05	12000	1000	1	500	111	1	0	1	254	254	0	0	-1	-1	4921.60635590046	4
Simulation_133	2.776	0.074	0.278	0.051	0.721	0.135	133	0.05	12000	1000	1	500	111	1	0	1	1	1	0	0	-1	-1	4738.2537017771	1
Simulation_134	2.273	0.051	0.215	0.087	1.348	0.814	134	0.05	12000	1000	1	500	111	1	0	1	23	23	0	0	-1	-1	4750.70338788912	3
Simulation_135	1.267	0.096	0.09	0.014	2.603	0.362	135	0.05	12000	1000	1	500	111	1	0	1	1	1	0	1	0.948074679113186	1	5488.39403049539	4
Simulation_136	1.393	0.011	0.2	0.042	2.76	0.418	136	0.05	12000	1000	1	500	111	1	0	1	13	13	0	0	-1	-1	4221.30387551302	4
Simulation_137	2.399	0.057	0.074	0.114	1.505	0.871	137	0.05	12000	1000	1	500	111	1	0	1	28	28	0	0	-1	-1	2176.94029133655	1
Simulation_138	2.902	0.034	0.137	0.005	0.877	0.192	138	0.05	12000	1000	1	500	111	1	0	1	1	1	0	0	-1	-1	2743.48215804232	1
Simulation_139	1.896	0.079	0.262	0.078	2.132	0.645	139	0.05	12000	1000	1	500	111	1	0	1	1	1	0	0	-1	-1	3730.30261984419	4
Simulation_140	1.644	0.045	0.105	0.06	0.564	0.758	140	0.05	12000	1000	1	500	111	1	0	1	1	1	0	0	-1	-1	4899.66621465405	4
Simulation_141	2.65	0.091	0.231	0.133	1.819	0.305	141	0.05	12000	1000	1	500	111	1	0	1	83	83	0	1	0.988914819136523	26	3062.8825878134	2
Simulation_142	2.147	0.023	0.294	0.023	2.446	0.984	142	0.05	12000	1000	1	500	111	1	0	1	8	8	0	0	-1	-1	5831.54040527573	4
Simulation_143	1.141	0.068	0.168	0.096	1.191	0.531	143	0.05	12000	1000	1	500	111	1	0	1	66	66	0	0	-1	-1	3325.21412482363	2
Simulation_144	1.204	0.026	0.066	0.092	1.113	0.277	144	0.05	12000	1000	1	500	111	1	0	1	7	7	0	0	-1	-1	4461.20599062097	4
Simulation_145	2.21	0.071	0.192	0.019	2.368	0.729	145	0.05	12000	1000	1	500	111	1	0	1	1	1	0	1	0.845974329054842	1	5146.60147710975	4
Simulation_146	2.713	0.048	0.254	0.128	2.995	0.503	146	0.05	12000	1000	1	500	111	1	0	1	14	14	0	1	0.780630105017503	2	3355.37910950514	3
Simulation_147	1.707	0.093	0.129	0.055	1.74	0.956	147	0.05	12000	1000	1	500	111	1	0	1	6	6	0	1	0.987747957992999	3	1757.67242040909	1
Simulation_148	1.959	0.037	0.223	0.11	2.681	0.843	148	0.05	12000	1000	1	500	111	1	0	1	1	1	0	0	-1	-1	7928.54215853685	4
Simulation_149	2.965	0.082	0.098	0.037	1.426	0.39	149	0.05	12000	1000	1	500	111	1	0	1	1	1	0	0	-1	-1	1789.40938093722	1
Simulation_150	2.462	0.014	0.16	0.146	0.799	0.616	150	0.05	12000	1000	1	500	111	1	0	1	1	1	0	0	-1	-1	6153.55734404844	4
Simulation_151	1.456	0.06	0.286	0.074	2.054	0.164	151	0.05	12000	1000	1	500	111	1	0	1	21	21	0	1	0.939906651108518	6	1815.54149338379	1
Simulation_152	1.33	0.054	0.113	0.028	2.211	0.107	152	0.05	12000	1000	1	500	111	1	0	1	4	4	0	1	0.832555425904317	1	6755.45712923149	4
Simulation_153	2.336	0.099	0.239	0.101	0.956	0.56	153	0.05	12000	1000	1	500	111	1	0	1	1	1	0	0	-1	-1	5957.32654953171	4
Simulation_154	2.839	0.031	0.176	0.064	1.583	0.333	154	0.05	12000	1000	1	500	111	1	0	1	10	10	0	0	-1	-1	5273.51911480716	4
Simulation_155	1.833	0.076	0.05	0.137	2.838	0.786	155	0.05	12000	1000	1	500	111	1	0	1	1	1	0	0	-1	-1	3450.45366013185	3
Simulation_156	1.582	0.02	0.27	0.01	1.27	0.899	156	0.05	12000	1000	1	500	111	1	0	1	2	2	0	0	-1	-1	6024.69555831364	4
Simulation_157	2.587	0.065	0.145	0.083	2.525	0.447	157	0.05	12000	1000	1	500	111	1	0	1	18	18	0	1	0.960910151691949	7	6181.66858616111	4
Simulation_158	2.084	0.043	0.082	0.046	1.897	0.673	158	0.05	12000	1000	1	500	111	1	0	1	294	294	0	1	0.915402567094516	42	4534.26747022865	3
Simulation_159	1.079	0.088	0.207	0.119	0.642	0.22	159	0.05	12000	1000	1	500	111	1	0	1	1	1	0	0	-1	-1	6715.46636153806	4
Simulation_160	1.11	0.016	0.133	0.062	2.407	0.828	160	0.05	12000	1000	1	500	111	1	0	1	79	79	0	0	-1	-1	5398.22913750645	4
Simulation_161	2.116	0.061	0.258	0.135	1.152	0.376	161	0.05	12000	1000	1	500	111	1	0	1	1	1	0	0	-1	-1	7179.42901107979	4
Simulation_162	2.619	0.038	0.196	0.026	0.525	0.602	162	0.05	12000	1000	1	500	111	1	0	1	33	33	0	0	-1	-1	3475.82205095201	2
Simulation_163	1.613	0.084	0.07	0.099	1.779	0.15	163	0.05	12000	1000	1	500	111	1	0	1	1245	1245	0	1	0.00058343057176196	40	5489.05086274404	3
Simulation_164	1.864	0.05	0.29	0.044	0.838	0.263	164	0.05	12000	1000	1	500	111	1	0	1	129	129	0	1	0.81855309218203	15	5022.2791977982	3
Simulation_165	2.87	0.095	0.164	0.117	2.093	0.715	165	0.05	12000	1000	1	500	111	1	0	1	3	3	0	1	0.966161026837806	3	7661.56924047161	4
Simulation_166	2.367	0.027	0.101	0.008	2.721	0.489	166	0.05	12000	1000	1	500	111	1	0	1	1	1	0	1	0.495915985997666	1	3140.5201608721	2
Simulation_167	1.361	0.072	0.227	0.08	1.466	0.942	167	0.05	12000	1000	1	500	111	1	0	1	1659	1659	0	1	0.00058343057176196	12	4750.70338788912	3
Simulation_168	1.487	0.033	0.054	0.126	1.309	0.998	168	0.05	12000	1000	1	500	111	1	0	1	1	1	0	0	-1	-1	6150.37312808226	4
Simulation_169	2.493	0.078	0.18	0.053	2.564	0.546	169	0.05	12000	1000	1	500	111	1	0	1	1	1	0	0	-1	-1	3904.43543601787	3
Simulation_170	2.996	0.01	0.243	0.089	1.936	0.772	170	0.05	12000	1000	1	500	111	1	0	1	12	12	0	0	-1	-1	5818.89825030655	4
Simulation_171	1.99	0.055	0.117	0.017	0.681	0.319	171	0.05	12000	1000	1	500	111	1	0	1	90	90	0	1	0.931155192532089	7	2467.11446287283	2
Simulation_172	1.739	0.021	0.211	0.144	2.25	0.206	172	0.05	12000	1000	1	500	111	1	0	1	51	51	0	0	-1	-1	3402.05044170747	3
Simulation_173	2.745	0.067	0.086	0.071	0.995	0.659	173	0.05	12000	1000	1	500	111	1	0	1	29	29	0	0	-1	-1	4052.57125109198	2
Simulation_174	2.242	0.044	0.149	0.108	1.623	0.432	174	0.05	12000	1000	1	500	111	1	0	1	83	83	0	1	0.00058343057176196	1	3936.97747191585	2
Simulation_175	1.236	0.089	0.274	0.035	2.877	0.885	175	0.05	12000	1000	1	500	111	1	0	1	1	1	0	1	0.939906651108518	1	2625.37636668082	2
Simulation_176	1.173	0.047	0.188	0.012	1.858	0.63	176	0.05	12000	1000	1	500	111	1	0	1	76	76	0	1	0.949824970828471	65	5722.20555043624	4
Simulation_177	2.179	0.092	0.062	0.085	0.603	0.178	177	0.05	12000	1000	1	500	111	1	0	1	1	1	0	1	0.00058343057176196	1	2553.68316361451	1
Simulation_178	2.682	0.024	0.125	0.048	1.23	0.857	178	0.05	12000	1000	1	500	111	1	0	1	37	37	0	0	-1	-1	4485.95364548681	3
Simulation_179	1.676	0.069	0.25	0.121	2.485	0.404	179	0.05	12000	1000	1	500	111	1	0	1	11	11	0	1	0.966744457409568	5	2951.93691160181	3
Simulation_180	1.927	0.013	0.094	0.03	1.544	0.517	180	0.05	12000	1000	1	500	111	1	0	1	2	2	0	0	-1	-1	3698.90509228998	3
Simulation_181	2.933	0.058	0.219	0.103	2.799	0.97	181	0.05	12000	1000	1	500	111	1	0	1	17	17	0	1	0.874562427071178	5	5883.60577036933	4
Simulation_182	2.43	0.035	0.282	0.067	2.172	0.291	182	0.05	12000	1000	1	500	111	1	0	1	1	1	0	0	-1	-1	5799.4695918082	3
Simulation_183	1.424	0.081	0.156	0.139	0.917	0.744	183	0.05	12000	1000	1	500	111	1	0	1	1	1	0	0	-1	-1	5356.5074320551	4
Simulation_184	1.299	0.03	0.266	0.112	0.76	0.687	184	0.05	12000	1000	1	500	111	1	0	1	1	1	0	0	-1	-1	5869.05437363622	4
Simulation_185	2.305	0.075	0.141	0.039	2.015	0.234	185	0.05	12000	1000	1	500	111	1	0	1	3	3	0	1	0.958576429404901	1	3224.03111010071	2
Simulation_186	2.807	0.052	0.078	0.149	2.642	0.913	186	0.05	12000	1000	1	500	111	1	0	1	1	1	0	0	-1	-1	3267.99321259567	3
Simulation_187	1.802	0.098	0.203	0.076	1.387	0.461	187	0.05	12000	1000	1	500	111	1	0	1	449	449	0	1	0.995332555425904	151	4925.28861336145	2
Simulation_188	1.55	0.041	0.172	0.094	2.956	0.348	188	0.05	12000	1000	1	500	111	1	0	1	1	1	0	0	-1	-1	6743.48942146076	4
Simulation_189	2.556	0.086	0.298	0.021	1.701	0.8	189	0.05	12000	1000	1	500	111	1	0	1	4	4	0	1	0.941073512252042	4	3753.41737034906	2
Simulation_190	2.053	0.018	0.235	0.13	1.074	0.121	190	0.05	12000	1000	1	500	111	1	0	1	5	5	0	0	-1	-1	5366.02912300653	4
Simulation_191	1.047	0.064	0.109	0.058	2.328	0.574	191	0.05	12000	1000	1	500	111	1	0	1	576	576	0	1	0.991248541423571	231	1558.43954224841	1
Simulation_192	1.031	0.028	0.233	0.041	1.132	0.737	192	0.05	12000	1000	1	500	111	0	73	1	3622	3630	8	0	-1	-1	5620.99050437299	4
Simulation_193	2.037	0.073	0.107	0.113	2.387	0.284	193	0.05	12000	1000	1	500	111	1	0	1	15	15	0	1	0.960326721120187	5	3730.30261984419	3
Simulation_194	2.54	0.05	0.17	0.077	1.76	0.963	194	0.05	12000	1000	1	500	111	1	0	1	24	24	0	1	0.782963827304551	2	6772.00870778072	4
Simulation_195	1.534	0.096	0.296	0.15	0.505	0.51	195	0.05	12000	1000	1	500	111	1	0	1	1	1	0	1	0.88681446907818	1	4014.17295839317	2
Simulation_196	1.786	0.039	0.076	0.022	2.074	0.397	196	0.05	12000	1000	1	500	111	1	0	1	1	1	0	0	-1	-1	3762.13311525327	3
Simulation_197	2.792	0.084	0.201	0.095	0.819	0.85	197	0.05	12000	1000	1	500	111	1	0	1	1	1	0	1	0.00058343057176196	1	4027.90217514412	2
Simulation_198	2.289	0.016	0.264	0.059	1.446	0.171	198	0.05	12000	1000	1	500	111	1	0	1	24	24	0	0	-1	-1	4738.2537017771	1
Simulation_199	1.283	0.062	0.139	0.132	2.701	0.623	199	0.05	12000	1000	1	500	111	1	0	1	519	519	0	1	0.990081680280047	144	2729.54670924684	3
Simulation_200	1.409	0.045	0.28	0.086	2.544	0.567	200	0.05	12000	1000	1	500	111	1	0	1	45	45	0	1	0.813302217036173	6	5419.93993469031	4
Simulation_201	2.415	0.09	0.154	0.013	1.289	0.114	201	0.05	12000	1000	1	500	111	1	0	1	1	1	0	1	0.932905484247375	1	5768.17784893633	4
Simulation_202	2.917	0.022	0.092	0.122	0.662	0.793	202	0.05	12000	1000	1	500	111	1	0	1	1	1	0	0	-1	-1	5320.18830341458	4
Simulation_203	1.912	0.067	0.217	0.05	1.917	0.34	203	0.05	12000	1000	1	500	111	1	0	1	14	14	0	1	0.962660443407235	4	4750.70338788912	3
Simulation_204	1.66	0.011	0.123	0.104	0.975	0.454	204	0.05	12000	1000	1	500	111	1	0	1	1	1	0	0	-1	-1	4465.9614933228	2
Simulation_205	2.666	0.056	0.249	0.031	2.23	0.906	205	0.05	12000	1000	1	500	111	1	0	1	1	1	0	0	-1	-1	5618.18897241757	2
Simulation_206	2.163	0.033	0.186	0.141	2.858	0.227	206	0.05	12000	1000	1	500	111	1	0	1	1	1	0	0	-1	-1	5509.42423868394	4
Simulation_207	1.157	0.079	0.06	0.068	1.603	0.68	207	0.05	12000	1000	1	500	111	1	0	1	2016	2017	1	1	0.870478413068845	5	1682.25849232411	3
Simulation_208	1.22	0.036	0.147	0.054	0.583	0.935	208	0.05	12000	1000	1	500	111	1	0	1	1	1	0	0	-1	-1	3099.03240357897	3
Simulation_209	2.226	0.081	0.272	0.127	1.838	0.482	209	0.05	12000	1000	1	500	111	1	0	1	112	112	0	1	0.00058343057176196	8	3989.20989039147	2
Simulation_210	2.729	0.014	0.209	0.018	2.466	0.708	210	0.05	12000	1000	1	500	111	1	0	1	1	1	0	0	-1	-1	5561.6494513336	2
Simulation_211	1.723	0.059	0.084	0.091	1.211	0.256	211	0.05	12000	1000	1	500	111	1	0	1	1929	1929	0	0	-1	-1	5192.31945140488	2
Simulation_212	1.974	0.025	0.241	0.072	2.779	0.142	212	0.05	12000	1000	1	500	111	1	0	1	28	28	0	0	-1	-1	1372.37062568689	1
Simulation_213	2.98	0.07	0.115	0.145	1.525	0.595	213	0.05	12000	1000	1	500	111	1	0	1	3	3	0	0	-1	-1	2522.20315519876	2
Simulation_214	2.477	0.047	0.052	0.036	0.897	0.369	214	0.05	12000	1000	1	500	111	1	0	1	55	55	0	0	-1	-1	2365.14208091186	3
Simulation_215	1.472	0.093	0.178	0.109	2.152	0.821	215	0.05	12000	1000	1	500	111	1	0	1	15	15	0	1	0.987164527421237	5	3718.58811060291	2
Simulation_216	1.346	0.019	0.1	0.136	1.995	0.878	216	0.05	12000	1000	1	500	111	1	0	1	493	493	0	0	-1	-1	4367.52925468283	3
Simulation_217	2.352	0.064	0.225	0.063	0.74	0.425	217	0.05	12000	1000	1	500	111	1	0	1	1	1	0	0	-1	-1	2118.56297773511	3
Simulation_218	2.855	0.042	0.288	0.1	1.368	0.652	218	0.05	12000	1000	1	500	111	1	0	1	14	14	0	0	-1	-1	2045.98239145797	1
Simulation_219	1.849	0.087	0.162	0.027	2.623	0.199	219	0.05	12000	1000	1	500	111	1	0	1	1	1	0	1	0.924737456242707	1	1832.7504949178	3
Simulation_220	1.597	0.053	0.194	0.118	1.681	0.312	220	0.05	12000	1000	1	500	111	1	0	1	833	833	0	1	0.961493582263711	141	3904.43543601787	3
Simulation_221	2.603	0.098	0.068	0.045	2.936	0.765	221	0.05	12000	1000	1	500	111	1	0	1	1	1	0	1	0.941656942823804	1	5257.64672346673	4
Simulation_222	2.1	0.031	0.131	0.081	2.309	0.539	222	0.05	12000	1000	1	500	111	1	0	1	2	2	0	0	-1	-1	5352.86782570381	4
Simulation_223	1.094	0.076	0.256	0.009	1.054	0.991	223	0.05	12000	1000	1	500	111	1	0	1	6	6	0	1	0.965577596266044	6	5787.55895034385	4
Simulation_224	1.063	0.052	0.088	0.102	2.897	0.157	224	0.05	12000	1000	1	500	111	1	0	1	233	233	0	1	0.917152858809802	23	5548.98912307028	4
Simulation_225	2.069	0.097	0.213	0.029	1.642	0.609	225	0.05	12000	1000	1	500	111	1	0	1	2	2	0	1	0.942823803967328	2	6210.92552729514	4
Simulation_226	2.572	0.029	0.276	0.138	1.015	0.383	226	0.05	12000	1000	1	500	111	1	0	1	1	1	0	0	-1	-1	5015.2531854344	3
Simulation_227	1.566	0.074	0.15	0.066	2.27	0.836	227	0.05	12000	1000	1	500	111	1	0	1	1	1	0	0	-1	-1	4532.36379714272	4
Simulation_228	1.817	0.018	0.182	0.084	0.701	0.949	228	0.05	12000	1000	1	500	111	1	0	1	7	7	0	0	-1	-1	5256.01708378415	3
Simulation_229	2.823	0.063	0.056	0.011	1.956	0.496	229	0.05	12000	1000	1	500	111	1	0	1	1	1	0	1	0.779463243873979	1	2300.77926007525	1
Simulation_230	2.32	0.04	0.119	0.12	2.583	0.722	230	0.05	12000	1000	1	500	111	1	0	1	1	1	0	0	-1	-1	1876.58513560277	1
Simulation_231	1.314	0.086	0.245	0.047	1.328	0.27	231	0.05	12000	1000	1	500	111	1	0	1	1728	1728	0	1	0.988914819136523	122	5220.67889294167	4
Simulation_232	1.44	0.023	0.166	0.02	1.485	0.213	232	0.05	12000	1000	1	500	111	1	0	1	3	3	0	0	-1	-1	2819.29905120901	2
Simulation_233	2.446	0.069	0.292	0.093	2.74	0.666	233	0.05	12000	1000	1	500	111	1	0	1	6	6	0	1	0.919486581096849	1	5292.80100455148	4
Simulation_234	2.949	0.046	0.229	0.056	2.113	0.439	234	0.05	12000	1000	1	500	111	1	0	1	27	27	0	0	-1	-1	3062.8825878134	2
Simulation_235	1.943	0.091	0.103	0.129	0.858	0.892	235	0.05	12000	1000	1	500	111	1	0	1	1	1	0	0	-1	-1	5301.26941047859	4
Simulation_236	1.692	0.035	0.26	0.038	1.799	0.779	236	0.05	12000	1000	1	500	111	1	0	1	2	2	0	0	-1	-1	4901.66442880494	3
Simulation_237	2.697	0.08	0.135	0.111	0.544	0.326	237	0.05	12000	1000	1	500	111	1	0	1	1	1	0	0	-1	-1	5661.4148529565	4
Simulation_238	2.194	0.012	0.072	0.075	1.172	0.553	238	0.05	12000	1000	1	500	111	1	0	1	632	632	0	0	-1	-1	5038.20164883058	2
Simulation_239	1.189	0.057	0.198	0.147	2.426	0.1	239	0.05	12000	1000	1	500	111	1	0	1	554	554	0	1	0.988331388564761	121	3224.03111010071	3
Simulation_240	1.126	0.015	0.3	0.116	2.348	0.355	240	0.05	12000	1000	1	500	111	1	0	1	197	198	1	0	-1	-1	7167.8733422708	4
Simulation_241	2.132	0.06	0.174	0.043	1.093	0.807	241	0.05	12000	1000	1	500	111	1	0	1	157	157	0	0	-1	-1	5078.13753477634	4
Simulation_242	2.635	0.038	0.111	0.079	1.721	0.128	242	0.05	12000	1000	1	500	111	1	0	1	12	12	0	0	-1	-1	2718.11603648608	2
Simulation_243	1.629	0.083	0.237	0.006	2.975	0.581	243	0.05	12000	1000	1	500	111	1	0	1	1	1	0	1	0.920653442240373	1	4531.98567202616	4
Simulation_244	1.88	0.049	0.143	0.134	1.407	0.694	244	0.05	12000	1000	1	500	111	1	0	1	1	1	0	0	-1	-1	4186.82687066726	2
Simulation_245	2.886	0.094	0.268	0.061	2.662	0.241	245	0.05	12000	1000	1	500	111	1	0	1	1	1	0	1	0.812135355892649	1	6496.55457097068	4
Simulation_246	2.383	0.026	0.205	0.097	2.034	0.92	246	0.05	12000	1000	1	500	111	1	0	1	12	12	0	0	-1	-1	5094.39454460665	4
Simulation_247	1.377	0.072	0.08	0.025	0.779	0.468	247	0.05	12000	1000	1	500	111	1	0	1	2334	2334	0	1	0.984830805134189	162	1299.67075356738	3
Simulation_248	1.251	0.043	0.221	0.07	0.936	0.524	248	0.05	12000	1000	1	500	111	1	0	1	3	3	0	0	-1	-1	3475.82205095201	2
Simulation_249	2.257	0.089	0.096	0.143	2.191	0.977	249	0.05	12000	1000	1	500	111	1	0	1	23	23	0	1	0.00058343057176196	3	3025.60387605326	2
Simulation_250	2.76	0.021	0.158	0.034	2.819	0.298	250	0.05	12000	1000	1	500	111	1	0	1	1	1	0	0	-1	-1	5399.99568469275	4
Simulation_251	1.754	0.066	0.284	0.106	1.564	0.751	251	0.05	12000	1000	1	500	111	1	0	1	162	162	0	0	-1	-1	2431.02256788872	3
Simulation_252	1.503	0.032	0.064	0.052	2.505	0.638	252	0.05	12000	1000	1	500	111	1	0	1	2	2	0	0	-1	-1	4921.60635590046	4
Simulation_253	2.509	0.077	0.19	0.125	1.25	0.185	253	0.05	12000	1000	1	500	111	1	0	1	1	1	0	0	-1	-1	2014.40978101725	1
Simulation_254	2.006	0.055	0.252	0.016	0.623	0.864	254	0.05	12000	1000	1	500	111	1	0	1	130	130	0	0	-1	-1	3140.5201608721	3
Simulation_255	1	0.1	0.127	0.088	1.877	0.411	255	0.05	12000	1000	1	500	111	0	68	1	2651	2651	0	1	0.999416569428238	191	3546.50386339736	3
Simulation_256	1.004	0.055	0.214	0.046	2.588	0.979	256	0.05	12000	1000	1	500	111	1	0	1	225	225	0	1	0.972578763127188	81	1635.240861546	1
Simulation_257	2.01	0.1	0.088	0.119	1.333	0.526	257	0.05	12000	1000	1	500	111	1	0	1	19	19	0	0	-1	-1	5308.0215511555	4
Simulation_258	2.513	0.032	0.151	0.01	0.706	0.752	258	0.05	12000	1000	1	500	111	1	0	1	7	7	0	0	-1	-1	5624.43939222204	3
Simulation_259	1.507	0.077	0.276	0.082	1.961	0.3	259	0.05	12000	1000	1	500	111	1	0	1	16	16	0	0	-1	-1	4146.43091511159	4
Simulation_260	1.758	0.021	0.057	0.064	1.02	0.187	260	0.05	12000	1000	1	500	111	1	0	1	2052	2052	0	0	-1	-1	4027.90217514412	2
Simulation_261	2.764	0.066	0.182	0.137	2.275	0.639	261	0.05	12000	1000	1	500	111	1	0	1	2	2	0	0	-1	-1	3072.14594970163	2
Simulation_262	2.261	0.043	0.245	0.028	2.902	0.413	262	0.05	12000	1000	1	500	111	1	0	1	5	5	0	1	0.683197199533256	2	4519.40307217328	2
Simulation_263	1.255	0.089	0.12	0.101	1.647	0.866	263	0.05	12000	1000	1	500	111	0	55	1	3343	3343	0	1	0.949241540256709	51	5115.36161740655	4
Simulation_264	1.381	0.026	0.292	0.146	1.176	0.809	264	0.05	12000	1000	1	500	111	1	0	1	1	1	0	0	-1	-1	5062.23153364354	3
Simulation_265	2.387	0.072	0.167	0.073	2.431	0.356	265	0.05	12000	1000	1	500	111	1	0	1	1	1	0	0	-1	-1	1967.30635587282	1
Simulation_266	2.89	0.049	0.104	0.11	1.804	0.583	266	0.05	12000	1000	1	500	111	1	0	1	78	78	0	1	0.908984830805134	10	3547.2326519416	3
Simulation_267	1.884	0.094	0.229	0.037	0.549	0.13	267	0.05	12000	1000	1	500	111	1	0	1	1	1	0	0	-1	-1	6301.65120513653	4
Simulation_268	1.633	0.038	0.135	0.128	2.118	0.243	268	0.05	12000	1000	1	500	111	1	0	1	127	127	0	0	-1	-1	5146.60147710975	4
Simulation_269	2.639	0.083	0.261	0.055	0.863	0.696	269	0.05	12000	1000	1	500	111	1	0	1	126	126	0	1	0.00058343057176196	21	3135.56022446859	3
Simulation_270	2.136	0.015	0.198	0.091	1.49	0.47	270	0.05	12000	1000	1	500	111	1	0	1	31	31	0	0	-1	-1	2625.37636668082	2
Simulation_271	1.13	0.06	0.073	0.019	2.745	0.922	271	0.05	12000	1000	1	500	111	1	0	1	7	7	0	1	0.819136522753792	7	4314.38936784428	4
Simulation_272	1.193	0.012	0.175	0.023	2.039	0.668	272	0.05	12000	1000	1	500	111	1	0	1	10	10	0	0	-1	-1	5062.23153364354	3
Simulation_273	2.198	0.058	0.3	0.096	0.784	0.215	273	0.05	12000	1000	1	500	111	1	0	1	1	1	0	0	-1	-1	4454.74171112534	2
Simulation_274	2.701	0.035	0.237	0.06	1.412	0.894	274	0.05	12000	1000	1	500	111	1	0	1	64	64	0	0	-1	-1	5827.86393208061	4
Simulation_275	1.695	0.08	0.112	0.132	2.667	0.441	275	0.05	12000	1000	1	500	111	1	0	1	1	1	0	0	-1	-1	2214.01109378862	1
Simulation_276	1.947	0.046	0.269	0.005	1.725	0.328	276	0.05	12000	1000	1	500	111	1	0	1	1	1	0	1	0.659276546091015	1	4720.94704641301	2
Simulation_277	2.953	0.092	0.143	0.078	2.98	0.781	277	0.05	12000	1000	1	500	111	1	0	1	2	2	0	1	0.989498249708285	1	6578.80053075996	4
Simulation_278	2.45	0.024	0.08	0.041	2.353	0.102	278	0.05	12000	1000	1	500	111	1	0	1	1	1	0	0	-1	-1	2964.25159539152	2
Simulation_279	1.444	0.069	0.206	0.114	1.098	0.554	279	0.05	12000	1000	1	500	111	1	0	1	1	1	0	0	-1	-1	4275.9726240535	2
Simulation_280	1.318	0.041	0.096	0.087	0.627	0.611	280	0.05	12000	1000	1	500	111	1	0	1	1	1	0	0	-1	-1	5592.88395342486	4
Simulation_281	2.324	0.086	0.222	0.014	1.882	0.158	281	0.05	12000	1000	1	500	111	1	0	1	1	1	0	1	0.908984830805134	1	4927.03659544313	3
Simulation_282	2.827	0.018	0.284	0.123	2.51	0.837	282	0.05	12000	1000	1	500	111	1	0	1	2	3	1	0	-1	-1	5151.08237216938	4
Simulation_283	1.821	0.063	0.159	0.05	1.255	0.385	283	0.05	12000	1000	1	500	111	1	0	1	354	354	0	0	-1	-1	5256.33477927336	2
Simulation_284	1.57	0.029	0.19	0.105	2.824	0.498	284	0.05	12000	1000	1	500	111	1	0	1	2	2	0	0	-1	-1	2386.57422680028	3
Simulation_285	2.576	0.075	0.065	0.032	1.569	0.95	285	0.05	12000	1000	1	500	111	1	0	1	1	1	0	0	-1	-1	5697.53164988641	4
Simulation_286	2.073	0.052	0.127	0.141	0.941	0.272	286	0.05	12000	1000	1	500	111	1	0	1	1	1	0	0	-1	-1	3937.76170486617	2
Simulation_287	1.067	0.097	0.253	0.069	2.196	0.724	287	0.05	12000	1000	1	500	111	1	0	1	1	1	0	1	0.0367561260210035	1	6176.28533428443	4
Simulation_288	1.098	0.031	0.108	0.13	1.451	0.427	288	0.05	12000	1000	1	500	111	1	0	1	990	991	1	0	-1	-1	5584.50350627628	2
Simulation_289	2.104	0.076	0.233	0.057	2.706	0.88	289	0.05	12000	1000	1	500	111	1	0	1	2	2	0	1	0.943990665110852	1	5957.32654953171	4
Simulation_290	2.607	0.053	0.296	0.094	2.078	0.201	290	0.05	12000	1000	1	500	111	1	0	1	12	12	0	1	0.874562427071178	3	4515.86349942213	3
Simulation_291	1.601	0.099	0.171	0.021	0.824	0.653	291	0.05	12000	1000	1	500	111	1	0	1	137	137	0	1	0.988331388564761	33	3167.63038668139	3
Simulation_292	1.853	0.042	0.202	0.148	1.765	0.767	292	0.05	12000	1000	1	500	111	1	0	1	21	21	0	0	-1	-1	1832.7504949178	1
Simulation_293	2.859	0.087	0.076	0.076	0.51	0.314	293	0.05	12000	1000	1	500	111	1	0	1	1	1	0	0	-1	-1	4186.82687066726	4
Simulation_294	2.356	0.019	0.139	0.112	1.137	0.993	294	0.05	12000	1000	1	500	111	1	0	1	1	1	0	0	-1	-1	6012.3266751629	4
Simulation_295	1.35	0.065	0.265	0.039	2.392	0.54	295	0.05	12000	1000	1	500	111	1	0	1	1	1	0	0	-1	-1	7490.92794305121	5
Simulation_296	1.475	0.048	0.155	0.066	2.863	0.484	296	0.05	12000	1000	1	500	111	1	0	1	207	207	0	1	0.96732788798133	41	4866.3506647643	4
Simulation_297	2.481	0.093	0.28	0.139	1.608	0.936	297	0.05	12000	1000	1	500	111	1	0	1	102	102	0	1	0.931738623103851	64	3769.80734216704	2
Simulation_298	2.984	0.025	0.218	0.03	0.98	0.257	298	0.05	12000	1000	1	500	111	1	0	1	9	9	0	0	-1	-1	6353.66543237728	4
Simulation_299	1.978	0.07	0.092	0.103	2.235	0.71	299	0.05	12000	1000	1	500	111	1	0	1	21	21	0	1	0.967911318553092	8	6153.55734404844	4
Simulation_300	1.727	0.014	0.249	0.048	0.667	0.597	300	0.05	12000	1000	1	500	111	1	0	1	1	1	0	0	-1	-1	2914.83474279039	2
Simulation_301	2.733	0.059	0.124	0.121	1.922	0.144	301	0.05	12000	1000	1	500	111	1	0	1	33	33	0	0	-1	-1	5393.307716133	3
Simulation_302	2.23	0.036	0.061	0.012	2.549	0.823	302	0.05	12000	1000	1	500	111	1	0	1	1	1	0	1	0.587514585764294	1	7123.97743596808	4
Simulation_303	1.224	0.082	0.186	0.085	1.294	0.371	303	0.05	12000	1000	1	500	111	0	146	1	3571	3571	0	0	-1	-1	7810.59948901069	5
Simulation_304	1.161	0.034	0.273	0.107	0.902	0.116	304	0.05	12000	1000	1	500	111	1	0	1	1	1	0	0	-1	-1	4388.60230801034	3
Simulation_305	2.167	0.079	0.147	0.035	2.157	0.569	305	0.05	12000	1000	1	500	111	1	0	1	1	1	0	0	-1	-1	6425.98467031566	4
Simulation_306	2.67	0.011	0.084	0.144	2.784	0.342	306	0.05	12000	1000	1	500	111	1	0	1	1	1	0	0	-1	-1	6633.01597496579	4
Simulation_307	1.664	0.056	0.21	0.071	1.529	0.795	307	0.05	12000	1000	1	500	111	1	0	1	1882	1883	1	1	0.766044340723454	4	5978.10753846561	4
Simulation_308	1.916	0.022	0.116	0.089	2.471	0.908	308	0.05	12000	1000	1	500	111	1	0	1	3	3	0	0	-1	-1	3931.70038265769	2
Simulation_309	2.921	0.067	0.241	0.016	1.216	0.455	309	0.05	12000	1000	1	500	111	1	0	1	1	1	0	0	-1	-1	1967.30635587282	1
Simulation_310	2.418	0.045	0.178	0.126	0.588	0.682	310	0.05	12000	1000	1	500	111	1	0	1	1	1	0	0	-1	-1	2830.39521660891	3
Simulation_311	1.413	0.09	0.053	0.053	1.843	0.229	311	0.05	12000	1000	1	500	111	1	0	1	1	1	0	0	-1	-1	5313.16096319049	4
Simulation_312	1.287	0.017	0.225	0.007	2.314	0.286	312	0.05	12000	1000	1	500	111	1	0	1	1	1	0	1	0.333138856476079	1	2866.54190893857	2
Simulation_313	2.293	0.062	0.1	0.08	1.059	0.738	313	0.05	12000	1000	1	500	111	1	0	1	98	98	0	0	-1	-1	4720.94704641301	2
Simulation_314	2.796	0.039	0.163	0.044	1.686	0.512	314	0.05	12000	1000	1	500	111	1	0	1	58	58	0	1	0.849474912485414	12	3167.63038668139	3
Simulation_315	1.79	0.084	0.288	0.116	2.941	0.965	315	0.05	12000	1000	1	500	111	1	0	1	1	1	0	0	-1	-1	5256.01708378415	3
Simulation_316	1.538	0.05	0.069	0.025	1.373	0.851	316	0.05	12000	1000	1	500	111	1	0	1	245	245	0	1	0.980163360560093	29	7568.47448821797	5
Simulation_317	2.544	0.096	0.194	0.098	2.627	0.399	317	0.05	12000	1000	1	500	111	1	0	1	1	1	0	1	0.00058343057176196	1	3861.10299776043	2
Simulation_318	2.041	0.028	0.257	0.062	2	0.625	318	0.05	12000	1000	1	500	111	1	0	1	1	1	0	0	-1	-1	3025.60387605326	3
Simulation_319	1.035	0.073	0.131	0.135	0.745	0.172	319	0.05	12000	1000	1	500	111	1	0	1	1	1	0	0	-1	-1	2966.90473485284	2
Simulation_320	1.051	0.019	0.259	0.081	2.725	0.236	320	0.05	12000	1000	1	500	111	1	0	1	27	27	0	0	-1	-1	6173.46660020883	4
Simulation_321	2.057	0.064	0.133	0.008	1.471	0.689	321	0.05	12000	1000	1	500	111	1	0	1	1	1	0	1	0.91073512252042	1	4168.5546184613	2
Simulation_322	2.56	0.041	0.071	0.118	0.843	0.462	322	0.05	12000	1000	1	500	111	1	0	1	1	1	0	0	-1	-1	6727.53260801999	4
Simulation_323	1.554	0.087	0.196	0.045	2.098	0.915	323	0.05	12000	1000	1	500	111	1	0	1	1	1	0	0	-1	-1	4959.91767498739	2
Simulation_324	1.806	0.053	0.165	0.099	0.529	0.802	324	0.05	12000	1000	1	500	111	1	0	1	30	30	0	1	0.837806301050175	13	4397.73705549555	3
Simulation_325	2.811	0.098	0.29	0.027	1.784	0.349	325	0.05	12000	1000	1	500	111	1	0	1	1	1	0	1	0.924154025670945	1	4544.12625466126	2
Simulation_326	2.308	0.03	0.227	0.136	2.412	0.576	326	0.05	12000	1000	1	500	111	1	0	1	2	2	0	0	-1	-1	4495.04810734572	2
Simulation_327	1.303	0.075	0.102	0.063	1.157	0.123	327	0.05	12000	1000	1	500	111	0	63	1	4447	4447	0	1	0.00116686114352392	5	6025.80540099122	3
Simulation_328	1.428	0.036	0.18	0.036	1.627	0.18	328	0.05	12000	1000	1	500	111	1	0	1	14	14	0	0	-1	-1	4479.46718622752	2
Simulation_329	2.434	0.081	0.055	0.108	2.882	0.632	329	0.05	12000	1000	1	500	111	1	0	1	1	1	0	0	-1	-1	2890.03769595014	3
Simulation_330	2.937	0.013	0.118	0.072	2.255	0.406	330	0.05	12000	1000	1	500	111	1	0	1	1	1	0	0	-1	-1	8355.5496949499	4
Simulation_331	1.931	0.058	0.243	0.145	1	0.859	331	0.05	12000	1000	1	500	111	1	0	1	1	1	0	0	-1	-1	2819.29905120901	2
Simulation_332	1.68	0.024	0.086	0.018	1.941	0.972	332	0.05	12000	1000	1	500	111	1	0	1	65	65	0	1	0.641190198366394	5	5963.72302127975	4
Simulation_333	2.686	0.07	0.212	0.09	0.686	0.519	333	0.05	12000	1000	1	500	111	1	0	1	1	1	0	0	-1	-1	7931.51518682097	4
Simulation_334	2.183	0.047	0.275	0.054	1.314	0.745	334	0.05	12000	1000	1	500	111	1	0	1	249	250	1	1	0.853558926487748	7	5800.14272374985	4
Simulation_335	1.177	0.092	0.149	0.127	2.569	0.293	335	0.05	12000	1000	1	500	111	1	0	1	1	1	0	0	-1	-1	4078.06465310618	2
Simulation_336	1.24	0.044	0.063	0.14	2.176	0.547	336	0.05	12000	1000	1	500	111	1	0	1	1704	1704	0	0	-1	-1	6473.08360060389	4
Simulation_337	2.246	0.089	0.188	0.068	0.922	1	337	0.05	12000	1000	1	500	111	1	0	1	25	25	0	1	0.00058343057176196	1	5331.51212154335	4
Simulation_338	2.749	0.021	0.251	0.104	1.549	0.321	338	0.05	12000	1000	1	500	111	1	0	1	20	20	0	0	-1	-1	3035.85659088234	1
Simulation_339	1.743	0.067	0.125	0.031	2.804	0.774	339	0.05	12000	1000	1	500	111	1	0	1	22	22	0	1	0.96441073512252	12	5566.33120380901	4
Simulation_340	1.994	0.01	0.22	0.122	1.235	0.661	340	0.05	12000	1000	1	500	111	1	0	1	1	1	0	0	-1	-1	6981.54328223822	5
Simulation_341	3	0.055	0.094	0.049	2.49	0.208	341	0.05	12000	1000	1	500	111	1	0	1	3	3	0	0	-1	-1	6301.65120513653	4
Simulation_342	2.497	0.033	0.157	0.086	1.863	0.887	342	0.05	12000	1000	1	500	111	1	0	1	70	70	0	0	-1	-1	1304.25927246545	1
Simulation_343	1.491	0.078	0.282	0.013	0.608	0.434	343	0.05	12000	1000	1	500	111	1	0	1	338	338	0	1	0.977829638273045	42	5998.0324061217	4
Simulation_344	1.365	0.027	0.141	0.058	1.078	0.378	344	0.05	12000	1000	1	500	111	0	34	1	4318	4318	0	0	-1	-1	5926.58387771793	4
Simulation_345	2.371	0.072	0.267	0.131	2.333	0.83	345	0.05	12000	1000	1	500	111	1	0	1	1	1	0	0	-1	-1	4947.67445719419	2
Simulation_346	2.874	0.05	0.204	0.022	2.961	0.151	346	0.05	12000	1000	1	500	111	1	0	1	3	3	0	1	0.939323220536756	3	5985.86951504546	3
Simulation_347	1.868	0.095	0.078	0.095	1.706	0.604	347	0.05	12000	1000	1	500	111	1	0	1	373	373	0	1	0.988914819136523	39	3644.93764899566	2
Simulation_348	1.617	0.038	0.298	0.077	2.647	0.717	348	0.05	12000	1000	1	500	111	1	0	1	81	81	0	1	0.823220536756126	5	7694.64406627395	4
Simulation_349	2.623	0.084	0.173	0.149	1.392	0.264	349	0.05	12000	1000	1	500	111	1	0	1	1	1	0	1	0.00058343057176196	1	4360.13672589473	3
Simulation_350	2.12	0.016	0.11	0.04	0.765	0.943	350	0.05	12000	1000	1	500	111	1	0	1	272	272	0	0	-1	-1	3325.21412482363	3
Simulation_351	1.114	0.061	0.235	0.113	2.02	0.491	351	0.05	12000	1000	1	500	111	0	7	1	2498	2499	1	1	0.987164527421237	88	3980.99331143716	2
Simulation_352	1.083	0.043	0.122	0.015	1.353	0.561	352	0.05	12000	1000	1	500	111	1	0	1	197	197	0	1	0.974329054842474	56	2866.54190893857	2
Simulation_353	2.088	0.088	0.247	0.088	2.608	0.109	353	0.05	12000	1000	1	500	111	1	0	1	1	1	0	0	-1	-1	4750.70338788912	3
Simulation_354	2.591	0.02	0.184	0.052	1.98	0.788	354	0.05	12000	1000	1	500	111	1	0	1	2	2	0	0	-1	-1	4264.32809747601	3
Simulation_355	1.585	0.065	0.059	0.124	0.725	0.335	355	0.05	12000	1000	1	500	111	1	0	1	1	1	0	0	-1	-1	3209.58452967885	3
Simulation_356	1.837	0.031	0.278	0.033	2.294	0.448	356	0.05	12000	1000	1	500	111	1	0	1	1	1	0	0	-1	-1	5827.86393208061	4
Simulation_357	2.843	0.077	0.153	0.106	1.039	0.901	357	0.05	12000	1000	1	500	111	1	0	1	1	1	0	0	-1	-1	5439.40043531181	4
Simulation_358	2.34	0.054	0.09	0.07	1.667	0.222	358	0.05	12000	1000	1	500	111	1	0	1	34	34	0	1	0.876312718786464	5	2727.66452947219	2
Simulation_359	1.334	0.099	0.216	0.143	2.922	0.675	359	0.05	12000	1000	1	500	111	1	0	1	6	6	0	1	0.985414235705951	6	1862.48938814096	1
Simulation_360	1.46	0.014	0.075	0.097	2.451	0.731	360	0.05	12000	1000	1	500	111	1	0	1	8	8	0	0	-1	-1	6425.98467031566	4
Simulation_361	2.466	0.06	0.2	0.024	1.196	0.279	361	0.05	12000	1000	1	500	111	1	0	1	9	9	0	1	0.91073512252042	2	5308.0215511555	4
Simulation_362	2.969	0.037	0.263	0.134	0.569	0.958	362	0.05	12000	1000	1	500	111	1	0	1	1	1	0	0	-1	-1	5235.63533779198	4
Simulation_363	1.963	0.082	0.137	0.061	1.824	0.505	363	0.05	12000	1000	1	500	111	1	0	1	1	1	0	1	0.00058343057176196	1	2222.71617445298	1
Simulation_364	1.711	0.048	0.231	0.079	0.882	0.392	364	0.05	12000	1000	1	500	111	1	0	1	1	1	0	0	-1	-1	2914.83474279039	2
Simulation_365	2.717	0.094	0.106	0.006	2.137	0.844	365	0.05	12000	1000	1	500	111	1	0	1	1	1	0	1	0.945740956826138	1	3577.00506567493	2
Simulation_366	2.214	0.026	0.169	0.115	2.765	0.165	366	0.05	12000	1000	1	500	111	1	0	1	1	1	0	0	-1	-1	7295.84537358545	4
Simulation_367	1.208	0.071	0.294	0.043	1.51	0.618	367	0.05	12000	1000	1	500	111	1	0	1	12	12	0	1	0.00058343057176196	1	6852.46518639125	4
Simulation_368	1.145	0.023	0.192	0.074	0.804	0.873	368	0.05	12000	1000	1	500	111	1	0	1	5	5	0	0	-1	-1	6233.31966848033	4
Simulation_369	2.151	0.068	0.067	0.147	2.059	0.42	369	0.05	12000	1000	1	500	111	1	0	1	150	150	0	0	-1	-1	2695.53407604859	2
Simulation_370	2.654	0.046	0.129	0.038	2.686	0.646	370	0.05	12000	1000	1	500	111	1	0	1	1	1	0	0	-1	-1	5381.99407591506	4
Simulation_371	1.648	0.091	0.255	0.111	1.431	0.194	371	0.05	12000	1000	1	500	111	0	35	1	3465	3465	0	1	0.931738623103851	262	5003.58750902904	4
Simulation_372	1.9	0.034	0.098	0.056	3	0.307	372	0.05	12000	1000	1	500	111	1	0	1	129	129	0	1	0.91656942823804	26	4411.42358945317	3
Simulation_373	2.906	0.079	0.224	0.129	1.745	0.76	373	0.05	12000	1000	1	500	111	1	0	1	82	82	0	1	0.00058343057176196	2	5553.72922554512	4
Simulation_374	2.403	0.012	0.286	0.02	1.118	0.533	374	0.05	12000	1000	1	500	111	1	0	1	4	4	0	0	-1	-1	4080.84831216493	2
Simulation_375	1.397	0.057	0.161	0.093	2.373	0.986	375	0.05	12000	1000	1	500	111	1	0	1	246	246	0	1	0.984830805134189	75	5018.49790817193	4
Simulation_376	1.271	0.051	0.239	0.12	1.902	0.929	376	0.05	12000	1000	1	500	111	0	39	1	3677	3679	2	1	0.954492415402567	31	6546.76317932849	4
Simulation_377	2.277	0.096	0.114	0.047	0.647	0.477	377	0.05	12000	1000	1	500	111	1	0	1	23	23	0	0	-1	-1	7653.93871589667	5
Simulation_378	2.78	0.029	0.051	0.083	1.275	0.703	378	0.05	12000	1000	1	500	111	1	0	1	11	11	0	0	-1	-1	5275.89920717669	3
Simulation_379	1.774	0.074	0.176	0.011	2.529	0.25	379	0.05	12000	1000	1	500	111	1	0	1	1	1	0	1	0.885064177362894	1	2342.78554354859	3
Simulation_380	1.523	0.017	0.145	0.138	1.588	0.137	380	0.05	12000	1000	1	500	111	0	21	1	4312	4312	0	0	-1	-1	4682.07589752071	4
Simulation_381	2.528	0.063	0.271	0.065	2.843	0.59	381	0.05	12000	1000	1	500	111	1	0	1	1	1	0	0	-1	-1	5652.75790321513	4
Simulation_382	2.026	0.04	0.208	0.102	2.216	0.363	382	0.05	12000	1000	1	500	111	1	0	1	7	7	0	0	-1	-1	5032.91015084504	4
Simulation_383	1.02	0.085	0.082	0.029	0.961	0.816	383	0.05	12000	1000	1	500	111	0	61	1	3297	3297	0	1	0.459743290548425	113	2766.17908302429	2
Simulation_384	1.012	0.025	0.158	0.11	2.088	0.615	384	0.05	12000	1000	1	500	111	0	32	1	2272	2272	0	0	-1	-1	6305.00746865145	4
Simulation_385	2.018	0.07	0.283	0.037	0.833	0.162	385	0.05	12000	1000	1	500	111	1	0	1	81	81	0	0	-1	-1	3245.48492047852	3
Simulation_386	2.521	0.047	0.221	0.147	1.461	0.841	386	0.05	12000	1000	1	500	111	1	0	1	1	1	0	0	-1	-1	4463.33788310155	3
Simulation_387	1.515	0.093	0.095	0.074	2.716	0.388	387	0.05	12000	1000	1	500	111	1	0	1	1	1	0	0	-1	-1	3699.65135090095	2
Simulation_388	1.766	0.036	0.252	0.092	1.147	0.501	388	0.05	12000	1000	1	500	111	1	0	1	1	1	0	0	-1	-1	2014.40978101725	1
Simulation_389	2.772	0.081	0.126	0.019	2.402	0.954	389	0.05	12000	1000	1	500	111	1	0	1	1	1	0	1	0.903733955659276	1	3762.13311525327	4
Simulation_390	2.269	0.013	0.064	0.128	1.775	0.275	390	0.05	12000	1000	1	500	111	1	0	1	785	785	0	0	-1	-1	5768.17784893633	4
Simulation_391	1.263	0.059	0.189	0.056	0.52	0.728	391	0.05	12000	1000	1	500	111	1	0	1	22	22	0	1	0.88389731621937	10	3113.8588736223	2
Simulation_392	1.389	0.053	0.111	0.01	0.99	0.671	392	0.05	12000	1000	1	500	111	1	0	1	22	22	0	1	0.9463243873979	10	5902.98573527311	4
Simulation_393	2.395	0.098	0.236	0.083	2.245	0.218	393	0.05	12000	1000	1	500	111	1	0	1	1	1	0	1	0.00058343057176196	1	6524.55465976765	4
Simulation_394	2.898	0.03	0.299	0.047	2.873	0.897	394	0.05	12000	1000	1	500	111	1	0	1	3	3	0	0	-1	-1	9097.71058978521	5
Simulation_395	1.892	0.076	0.174	0.119	1.618	0.445	395	0.05	12000	1000	1	500	111	1	0	1	38	38	0	1	0.00058343057176196	2	4367.52925468283	3
Simulation_396	1.64	0.019	0.205	0.028	2.559	0.332	396	0.05	12000	1000	1	500	111	1	0	1	20	20	0	0	-1	-1	6013.70404501876	4
Simulation_397	2.646	0.064	0.079	0.101	1.304	0.784	397	0.05	12000	1000	1	500	111	1	0	1	58	58	0	0	-1	-1	2847.63535476018	1
Simulation_398	2.143	0.042	0.142	0.065	0.676	0.105	398	0.05	12000	1000	1	500	111	1	0	1	1	1	0	0	-1	-1	4623.93718874052	4
Simulation_399	1.138	0.087	0.268	0.137	1.931	0.558	399	0.05	12000	1000	1	500	111	0	77	1	3219	3219	0	1	0.962660443407235	43	4842.25363161903	4
Simulation_400	1.2	0.039	0.228	0.124	2.794	0.813	400	0.05	12000	1000	1	500	111	1	0	1	1	1	0	0	-1	-1	5614.36213515407	4
Simulation_401	2.206	0.084	0.103	0.051	1.539	0.36	401	0.05	12000	1000	1	500	111	1	0	1	3	3	0	0	-1	-1	6240.17106894252	4
Simulation_402	2.709	0.016	0.166	0.087	0.912	0.586	402	0.05	12000	1000	1	500	111	1	0	1	1	1	0	0	-1	-1	5749.5973723469	4
Simulation_403	1.703	0.061	0.291	0.015	2.167	0.134	403	0.05	12000	1000	1	500	111	1	0	1	1	1	0	1	0.861143523920653	1	2281.75725906841	2
Simulation_404	1.955	0.028	0.072	0.142	0.598	0.247	404	0.05	12000	1000	1	500	111	1	0	1	1	1	0	0	-1	-1	3841.49772102168	4
Simulation_405	2.961	0.073	0.197	0.069	1.853	0.699	405	0.05	12000	1000	1	500	111	1	0	1	1	1	0	0	-1	-1	3099.03240357897	3
Simulation_406	2.458	0.05	0.26	0.106	2.48	0.473	406	0.05	12000	1000	1	500	111	1	0	1	1	1	0	0	-1	-1	2475.31011661104	2
Simulation_407	1.452	0.095	0.134	0.033	1.225	0.926	407	0.05	12000	1000	1	500	111	1	0	1	25	25	0	1	0.985414235705951	12	6591.42333663245	4
Simulation_408	1.326	0.011	0.275	0.06	1.696	0.982	408	0.05	12000	1000	1	500	111	1	0	1	560	567	7	0	-1	-1	2964.25159539152	2
Simulation_409	2.332	0.056	0.15	0.133	2.951	0.53	409	0.05	12000	1000	1	500	111	1	0	1	1	1	0	0	-1	-1	4449.89657899751	2
Simulation_410	2.835	0.033	0.087	0.024	2.324	0.756	410	0.05	12000	1000	1	500	111	1	0	1	3	3	0	0	-1	-1	2815.32267737443	2
Simulation_411	1.829	0.078	0.213	0.097	1.069	0.303	411	0.05	12000	1000	1	500	111	1	0	1	2	2	0	1	0.00058343057176196	1	2875.00399071673	3
Simulation_412	1.578	0.044	0.119	0.042	2.01	0.19	412	0.05	12000	1000	1	500	111	1	0	1	245	245	0	1	0.904317386231039	31	2419.47246806205	2
Simulation_413	2.583	0.09	0.244	0.115	0.755	0.643	413	0.05	12000	1000	1	500	111	1	0	1	1	1	0	1	0.876896149358226	1	3556.03754992278	2
Simulation_414	2.081	0.022	0.181	0.006	1.382	0.417	414	0.05	12000	1000	1	500	111	1	0	1	19	19	0	1	0.855892648774796	18	4389.59184462503	3
Simulation_415	1.075	0.067	0.056	0.078	2.637	0.869	415	0.05	12000	1000	1	500	111	1	0	1	35	35	0	1	0.97316219369895	5	7007.60752172921	5
Simulation_416	1.106	0.049	0.287	0.031	0.716	0.289	416	0.05	12000	1000	1	500	111	0	106	1	4280	4283	3	1	0.927071178529755	72	4562.57091397598	4
Simulation_417	2.112	0.094	0.162	0.103	1.971	0.742	417	0.05	12000	1000	1	500	111	1	0	1	34	34	0	1	0.956242707117853	9	4559.84296260248	2
Simulation_418	2.615	0.026	0.099	0.067	2.598	0.516	418	0.05	12000	1000	1	500	111	1	0	1	2	2	0	0	-1	-1	4542.00662924934	4
Simulation_419	1.609	0.071	0.225	0.14	1.343	0.968	419	0.05	12000	1000	1	500	111	1	0	1	1	1	0	0	-1	-1	3861.10299776043	2
Simulation_420	1.861	0.015	0.13	0.012	2.912	0.855	420	0.05	12000	1000	1	500	111	1	0	1	25	25	0	1	0.73512252042007	18	4994.95178834102	3
Simulation_421	2.866	0.06	0.256	0.085	1.657	0.402	421	0.05	12000	1000	1	500	111	1	0	1	20	20	0	0	-1	-1	4074.00270342228	2
Simulation_422	2.363	0.037	0.193	0.049	1.029	0.629	422	0.05	12000	1000	1	500	111	1	0	1	67	67	0	0	-1	-1	4704.69335949986	3
Simulation_423	1.358	0.083	0.068	0.122	2.284	0.176	423	0.05	12000	1000	1	500	111	1	0	1	1	1	0	0	-1	-1	5413.49327467193	4
Simulation_424	1.483	0.032	0.209	0.094	1.814	0.119	424	0.05	12000	1000	1	500	111	1	0	1	1244	1244	0	0	-1	-1	6057.96276187423	4
Simulation_425	2.489	0.077	0.083	0.021	0.559	0.572	425	0.05	12000	1000	1	500	111	1	0	1	99	99	0	1	0.00058343057176196	3	4866.3506647643	4
Simulation_426	2.992	0.054	0.146	0.131	1.186	0.346	426	0.05	12000	1000	1	500	111	1	0	1	1	1	0	0	-1	-1	5326.10874225969	2
Simulation_427	1.986	0.1	0.272	0.058	2.441	0.798	427	0.05	12000	1000	1	500	111	1	0	1	8	8	0	1	0.99416569428238	8	5133.81696862347	2
Simulation_428	1.735	0.043	0.052	0.112	1.5	0.912	428	0.05	12000	1000	1	500	111	1	0	1	876	876	0	0	-1	-1	5239.49501736561	2
Simulation_429	2.741	0.088	0.177	0.04	2.755	0.459	429	0.05	12000	1000	1	500	111	1	0	1	2	2	0	1	0.939323220536756	2	5941.48913356705	4
Simulation_430	2.238	0.02	0.24	0.149	2.127	0.685	430	0.05	12000	1000	1	500	111	1	0	1	69	70	1	0	-1	-1	6153.55734404844	4
Simulation_431	1.232	0.066	0.115	0.076	0.873	0.233	431	0.05	12000	1000	1	500	111	1	0	1	1	1	0	0	-1	-1	2342.78554354859	1
Simulation_432	1.169	0.018	0.091	0.044	1.422	0.487	432	0.05	12000	1000	1	500	111	1	0	1	427	427	0	0	-1	-1	3014.34680820634	2
Simulation_433	2.175	0.063	0.217	0.117	2.676	0.94	433	0.05	12000	1000	1	500	111	1	0	1	41	41	0	1	0.959159859976663	18	3970.21862581525	2
Simulation_434	2.678	0.04	0.279	0.008	2.049	0.261	434	0.05	12000	1000	1	500	111	1	0	1	1	1	0	1	0.617269544924154	1	4479.46718622752	4
Simulation_435	1.672	0.086	0.154	0.081	0.794	0.714	435	0.05	12000	1000	1	500	111	1	0	1	1	1	0	0	-1	-1	5104.29834117351	4
Simulation_436	1.923	0.052	0.185	0.062	2.363	0.6	436	0.05	12000	1000	1	500	111	1	0	1	175	175	0	1	0.935239206534422	42	1219.34207859568	1
Simulation_437	2.929	0.097	0.06	0.135	1.108	0.148	437	0.05	12000	1000	1	500	111	1	0	1	2	2	0	1	0.889148191365227	2	4074.00270342228	4
Simulation_438	2.426	0.029	0.123	0.026	1.735	0.827	438	0.05	12000	1000	1	500	111	1	0	1	1	1	0	0	-1	-1	5332.51968386816	4
Simulation_439	1.42	0.074	0.248	0.099	2.99	0.374	439	0.05	12000	1000	1	500	111	1	0	1	1	1	0	0	-1	-1	2165.83380140296	1
Simulation_440	1.295	0.035	0.17	0.144	2.52	0.431	440	0.05	12000	1000	1	500	111	1	0	1	6	6	0	0	-1	-1	6393.18750262758	4
Simulation_441	2.301	0.08	0.295	0.072	1.265	0.883	441	0.05	12000	1000	1	500	111	1	0	1	42	42	0	1	0.856476079346558	1	1710.09268335083	1
Simulation_442	2.804	0.012	0.232	0.108	0.637	0.204	442	0.05	12000	1000	1	500	111	1	0	1	1	1	0	0	-1	-1	5661.95077143406	4
Simulation_443	1.798	0.057	0.107	0.035	1.892	0.657	443	0.05	12000	1000	1	500	111	1	0	1	5	5	0	1	0.921236872812135	1	5498.30755373344	4
Simulation_444	1.546	0.023	0.264	0.126	0.951	0.77	444	0.05	12000	1000	1	500	111	1	0	1	1	1	0	0	-1	-1	5197.63024273142	4
Simulation_445	2.552	0.069	0.138	0.053	2.206	0.317	445	0.05	12000	1000	1	500	111	1	0	1	1	1	0	0	-1	-1	4479.46718622752	2
Simulation_446	2.049	0.046	0.075	0.09	2.833	0.996	446	0.05	12000	1000	1	500	111	1	0	1	1	1	0	0	-1	-1	4860.25338970316	2
Simulation_447	1.043	0.091	0.201	0.017	1.578	0.544	447	0.05	12000	1000	1	500	111	1	0	1	5	5	0	1	0.9463243873979	5	5455.19735041239	4
Simulation_448	1.028	0.037	0.077	0.073	1.951	0.367	448	0.05	12000	1000	1	500	111	1	0	1	567	568	1	0	-1	-1	5439.40043531181	4
Simulation_449	2.033	0.082	0.203	0.145	0.696	0.82	449	0.05	12000	1000	1	500	111	1	0	1	1	1	0	0	-1	-1	5750.37158842159	4
Simulation_450	2.536	0.014	0.266	0.036	1.324	0.141	450	0.05	12000	1000	1	500	111	1	0	1	5	5	0	0	-1	-1	5234.64796591486	4
Simulation_451	1.53	0.059	0.14	0.109	2.578	0.593	451	0.05	12000	1000	1	500	111	1	0	1	85	85	0	1	0.985997666277713	28	5396.44070623086	3
Simulation_452	1.782	0.025	0.234	0.054	1.637	0.706	452	0.05	12000	1000	1	500	111	1	0	1	8	8	0	0	-1	-1	4168.51946905728	3
Simulation_453	2.788	0.071	0.109	0.127	2.892	0.254	453	0.05	12000	1000	1	500	111	1	0	1	1	1	0	0	-1	-1	3320.12169378307	3
Simulation_454	2.285	0.048	0.172	0.018	2.265	0.933	454	0.05	12000	1000	1	500	111	1	0	1	14	14	0	1	0.932322053675613	10	3391.27950030482	3
Simulation_455	1.279	0.093	0.297	0.091	1.01	0.48	455	0.05	12000	1000	1	500	111	1	0	1	1	1	0	0	-1	-1	5684.58839862421	2
Simulation_456	1.405	0.02	0.125	0.118	0.539	0.537	456	0.05	12000	1000	1	500	111	1	0	1	11	11	0	0	-1	-1	4544.12625466126	2
Simulation_457	2.411	0.065	0.25	0.045	1.794	0.989	457	0.05	12000	1000	1	500	111	1	0	1	1	1	0	0	-1	-1	1939.36644318789	1
Simulation_458	2.914	0.042	0.187	0.082	2.422	0.31	458	0.05	12000	1000	1	500	111	1	0	1	1	1	0	0	-1	-1	2435.37423066528	3
Simulation_459	1.908	0.088	0.062	0.009	1.167	0.763	459	0.05	12000	1000	1	500	111	1	0	1	1	1	0	1	0.920653442240373	1	6404.54585192892	4
Simulation_460	1.656	0.054	0.281	0.136	2.735	0.65	460	0.05	12000	1000	1	500	111	1	0	1	85	85	0	1	0.963243873978996	17	4304.9765099085	3
Simulation_461	2.662	0.099	0.156	0.064	1.48	0.197	461	0.05	12000	1000	1	500	111	1	0	1	27	27	0	1	0.985997666277713	5	4449.89657899751	2
Simulation_462	2.159	0.031	0.093	0.1	0.853	0.876	462	0.05	12000	1000	1	500	111	1	0	1	1	1	0	0	-1	-1	4186.82687066726	4
Simulation_463	1.153	0.076	0.219	0.027	2.108	0.424	463	0.05	12000	1000	1	500	111	1	0	1	37	37	0	1	0.990665110851809	22	2014.40978101725	1
Simulation_464	1.216	0.028	0.242	0.023	2.657	0.169	464	0.05	12000	1000	1	500	111	1	0	1	2	2	0	0	-1	-1	3497.8590701262	3
Simulation_465	2.222	0.073	0.117	0.095	1.402	0.622	465	0.05	12000	1000	1	500	111	1	0	1	457	457	0	0	-1	-1	5637.75734313355	4
Simulation_466	2.725	0.051	0.054	0.059	0.775	0.395	466	0.05	12000	1000	1	500	111	1	0	1	1	1	0	0	-1	-1	3904.43543601787	3
Simulation_467	1.719	0.096	0.179	0.132	2.029	0.848	467	0.05	12000	1000	1	500	111	1	0	1	250	250	0	1	0.989498249708285	30	2386.57422680028	1
Simulation_468	1.971	0.04	0.148	0.041	1.088	0.961	468	0.05	12000	1000	1	500	111	1	0	1	196	196	0	0	-1	-1	2844.46299406568	2
Simulation_469	2.976	0.085	0.274	0.114	2.343	0.508	469	0.05	12000	1000	1	500	111	1	0	1	1	1	0	0	-1	-1	3619.10751866671	3
Simulation_470	2.473	0.017	0.211	0.077	2.971	0.735	470	0.05	12000	1000	1	500	111	1	0	1	1	1	0	0	-1	-1	3950.56151961028	2
Simulation_471	1.468	0.062	0.085	0.15	1.716	0.282	471	0.05	12000	1000	1	500	111	1	0	1	2192	2192	0	0	-1	-1	4252.92550969244	3
Simulation_472	1.342	0.045	0.195	0.105	1.245	0.226	472	0.05	12000	1000	1	500	111	1	0	1	2	2	0	0	-1	-1	2326.86937117085	2
Simulation_473	2.348	0.09	0.07	0.032	2.5	0.678	473	0.05	12000	1000	1	500	111	1	0	1	1	1	0	1	0.927654609101517	1	4183.57005867341	2
Simulation_474	2.851	0.023	0.132	0.141	1.873	0.452	474	0.05	12000	1000	1	500	111	1	0	1	141	141	0	0	-1	-1	5766.61912886835	4
Simulation_475	1.845	0.068	0.258	0.068	0.618	0.905	475	0.05	12000	1000	1	500	111	1	0	1	1	1	0	0	-1	-1	4478.72435586031	3
Simulation_476	1.593	0.011	0.101	0.086	2.186	0.791	476	0.05	12000	1000	1	500	111	1	0	1	18	18	0	0	-1	-1	3209.58452967885	3
Simulation_477	2.599	0.057	0.226	0.014	0.931	0.339	477	0.05	12000	1000	1	500	111	1	0	1	1	1	0	0	-1	-1	1604.64387331788	1
Simulation_478	2.096	0.034	0.289	0.123	1.559	0.565	478	0.05	12000	1000	1	500	111	1	0	1	49	49	0	0	-1	-1	5573.84720028238	3
Simulation_479	1.09	0.079	0.164	0.05	2.814	0.112	479	0.05	12000	1000	1	500	111	1	0	1	4	4	0	1	0.983663943990665	1	1815.54149338379	1
Simulation_480	1.059	0.013	0.175	0.134	0.814	0.919	480	0.05	12000	1000	1	500	111	1	0	1	3	3	0	0	-1	-1	5094.39454460665	4
Simulation_481	2.065	0.058	0.05	0.061	2.069	0.466	481	0.05	12000	1000	1	500	111	1	0	1	60	60	0	1	0.00058343057176196	2	1920.99030341675	3
Simulation_482	2.568	0.035	0.113	0.098	2.696	0.692	482	0.05	12000	1000	1	500	111	1	0	1	1	1	0	0	-1	-1	5121.4636864265	4
Simulation_483	1.562	0.081	0.238	0.025	1.441	0.24	483	0.05	12000	1000	1	500	111	1	0	1	9	9	0	1	0.97607934655776	3	3078.94875463868	3
Simulation_484	1.813	0.047	0.081	0.116	2.382	0.127	484	0.05	12000	1000	1	500	111	1	0	1	1	1	0	0	-1	-1	6053.2293416581	4
Simulation_485	2.819	0.092	0.207	0.043	1.127	0.579	485	0.05	12000	1000	1	500	111	1	0	1	38	38	0	1	0.984247374562427	8	3475.82205095201	2
Simulation_486	2.316	0.024	0.27	0.079	0.5	0.353	486	0.05	12000	1000	1	500	111	1	0	1	2	2	0	0	-1	-1	3827.91630505065	2
Simulation_487	1.31	0.069	0.144	0.007	1.755	0.806	487	0.05	12000	1000	1	500	111	1	0	1	1	1	0	1	0.865810968494749	1	7725.94177177867	4
Simulation_488	1.436	0.041	0.254	0.052	2.225	0.862	488	0.05	12000	1000	1	500	111	1	0	1	76	76	0	1	0.84830805134189	10	4479.46718622752	2
Simulation_489	2.442	0.086	0.128	0.125	0.971	0.409	489	0.05	12000	1000	1	500	111	1	0	1	1	1	0	0	-1	-1	5356.48165886659	2
Simulation_490	2.945	0.018	0.066	0.016	1.598	0.636	490	0.05	12000	1000	1	500	111	1	0	1	6	6	0	0	-1	-1	2222.71617445298	2
Simulation_491	1.939	0.064	0.191	0.089	2.853	0.183	491	0.05	12000	1000	1	500	111	1	0	1	37	37	0	1	0.981330221703617	17	5146.60147710975	2
Simulation_492	1.688	0.03	0.16	0.07	1.284	0.296	492	0.05	12000	1000	1	500	111	1	0	1	209	209	0	0	-1	-1	1552.92738212813	1
Simulation_493	2.694	0.075	0.285	0.143	2.539	0.749	493	0.05	12000	1000	1	500	111	1	0	1	1	1	0	0	-1	-1	5351.41327280535	4
Simulation_494	2.191	0.052	0.223	0.034	1.912	0.523	494	0.05	12000	1000	1	500	111	1	0	1	23	23	0	1	0.862893815635939	4	3391.27950030482	3
Simulation_495	1.185	0.098	0.097	0.107	0.657	0.975	495	0.05	12000	1000	1	500	111	1	0	1	1	1	0	0	-1	-1	6295.59384888683	4
Simulation_496	1.122	0.049	0.136	0.084	1.52	0.721	496	0.05	12000	1000	1	500	111	0	59	1	3478	3478	0	1	0.973745624270712	313	2773.03160875576	2
Simulation_497	2.128	0.095	0.262	0.011	2.775	0.268	497	0.05	12000	1000	1	500	111	1	0	1	1	1	0	1	0.945740956826138	1	2743.48215804232	3
Simulation_498	2.631	0.027	0.199	0.12	2.147	0.947	498	0.05	12000	1000	1	500	111	1	0	1	3	3	0	0	-1	-1	5750.37158842159	4
Simulation_499	1.625	0.072	0.074	0.048	0.892	0.494	499	0.05	12000	1000	1	500	111	1	0	1	3821	3821	0	0	-1	-1	5749.5973723469	4
Simulation_500	1.876	0.015	0.293	0.102	1.833	0.381	500	0.05	12000	1000	1	500	111	1	0	1	399	405	6	0	-1	-1	6645.3911838384	4
