"Sim_index" "S" "omega_T" "omega_P" "sigma_e" "disp_shape" "disp_scale" "seed" "divergence_factor" "max_species" "max_coex_sp" "start_species" "init_ab" "grid_cell_distance" "finished" "final_timestep" "initial_nb_species" "final_nb_species" "sp_events" "ex_events" "exchanged" "prop_col_area" "div_col" "dist_to_isthmus" "start_biome"
"1" "Simulation_1" 1.998 0.055 0.175 0.078 1.75 0.549 1 0.05 12000 1000 1 500 111 1 0 1 0 1 1 -1 -1 -1 5001.03736907651 4
"2" "Simulation_2" 2.501 0.032 0.111 0.041 2.377 0.323 2 0.05 12000 1000 1 500 111 1 0 1 223 223 0 1 0.547841306884481 25 3872.60494060879 4
"3" "Simulation_3" 1.495 0.078 0.239 0.114 1.123 0.775 3 0.05 12000 1000 1 500 111 1 0 1 3 3 0 0 -1 -1 7559.69174714884 4
"4" "Simulation_4" 1.747 0.044 0.144 0.023 2.691 0.889 4 0.05 12000 1000 1 500 111 1 0 1 108 109 1 1 0.652858809801634 28 4219.80633261572 3
"5" "Simulation_5" 2.752 0.089 0.269 0.096 1.436 0.436 5 0.05 12000 1000 1 500 111 1 0 1 0 1 1 -1 -1 -1 4619.55632318253 4
"6" "Simulation_6" 2.25 0.021 0.081 0.059 0.809 0.662 6 0.05 12000 1000 1 500 111 1 0 1 7 9 2 0 -1 -1 4093.51623906417 4
"7" "Simulation_7" 1.244 0.066 0.206 0.132 2.064 0.21 7 0.05 12000 1000 1 500 111 1 0 1 0 1 1 -1 -1 -1 5320.18830341458 4
"8" "Simulation_8" 1.369 0.038 0.128 0.105 1.907 0.266 8 0.05 12000 1000 1 500 111 1 0 1 0 1 1 -1 -1 -1 5361.69964017827 3
"9" "Simulation_9" 2.375 0.083 0.253 0.032 0.652 0.719 9 0.05 12000 1000 1 500 111 1 0 1 1 1 0 0 -1 -1 8413.83367732557 4
"10" "Simulation_10" 2.878 0.015 0.064 0.141 1.279 0.493 10 0.05 12000 1000 1 500 111 1 0 1 0 1 1 -1 -1 -1 7062.43219176124 4
"11" "Simulation_11" 1.872 0.061 0.192 0.068 2.534 0.945 11 0.05 12000 1000 1 500 111 1 0 1 126 127 1 1 0.991831971995333 121 1664.48807336653 1
"12" "Simulation_12" 1.621 0.027 0.097 0.087 1.593 0.832 12 0.05 12000 1000 1 500 111 1 0 1 0 1 1 -1 -1 -1 6620.0213625578 4
"13" "Simulation_13" 2.627 0.072 0.222 0.014 2.848 0.379 13 0.05 12000 1000 1 500 111 1 0 1 10 10 0 1 0.734539089848308 9 4117.02649810125 3
"14" "Simulation_14" 2.124 0.049 0.158 0.123 2.221 0.606 14 0.05 12000 1000 1 500 111 1 0 1 0 1 1 -1 -1 -1 6158.13386792219 4
"15" "Simulation_15" 1.118 0.095 0.286 0.05 0.966 0.153 15 0.05 12000 1000 1 500 111 0 66 1 3476 3484 8 0 -1 -1 6615.85951898636 3
"16" "Simulation_16" 1.181 0.052 0.167 0.064 1.201 0.408 16 0.05 12000 1000 1 500 111 0 103 1 2284 2294 10 1 0.998249708284714 1636 488.835641350525 1
"17" "Simulation_17" 2.187 0.097 0.292 0.137 2.456 0.86 17 0.05 12000 1000 1 500 111 1 0 1 52 52 0 1 0.946907817969662 52 1939.36644318789 1
"18" "Simulation_18" 2.69 0.029 0.103 0.027 1.828 0.181 18 0.05 12000 1000 1 500 111 1 0 1 0 1 1 -1 -1 -1 6753.42823119129 4
"19" "Simulation_19" 1.684 0.075 0.231 0.1 0.574 0.634 19 0.05 12000 1000 1 500 111 1 0 1 1 1 0 0 -1 -1 1552.92738212813 1
"20" "Simulation_20" 1.935 0.018 0.072 0.046 2.142 0.747 20 0.05 12000 1000 1 500 111 1 0 1 0 1 1 -1 -1 -1 9144.61845421503 5
"21" "Simulation_21" 2.941 0.063 0.197 0.118 0.887 0.294 21 0.05 12000 1000 1 500 111 1 0 1 0 1 1 -1 -1 -1 6301.66816041662 4
"22" "Simulation_22" 2.438 0.041 0.136 0.009 1.515 0.973 22 0.05 12000 1000 1 500 111 1 0 1 1 1 0 0 -1 -1 4575.03916427891 3
"23" "Simulation_23" 1.432 0.086 0.261 0.082 2.77 0.521 23 0.05 12000 1000 1 500 111 0 97 1 2926 2937 11 1 0.78879813302217 12 4637.2799523033 2
"24" "Simulation_24" 1.306 0.024 0.089 0.128 2.613 0.464 24 0.05 12000 1000 1 500 111 1 0 1 0 1 1 -1 -1 -1 7368.24017502957 5
"25" "Simulation_25" 2.312 0.069 0.214 0.055 1.358 0.917 25 0.05 12000 1000 1 500 111 1 0 1 1 1 0 0 -1 -1 7363.78416136228 4
"26" "Simulation_26" 2.815 0.046 0.15 0.091 0.73 0.238 26 0.05 12000 1000 1 500 111 1 0 1 0 1 1 -1 -1 -1 5400.59266823569 4
"27" "Simulation_27" 1.809 0.092 0.278 0.018 1.985 0.691 27 0.05 12000 1000 1 500 111 1 0 1 351 351 0 0 -1 -1 8101.08245422539 4
"28" "Simulation_28" 1.558 0.035 0.119 0.146 1.044 0.577 28 0.05 12000 1000 1 500 111 1 0 1 141 143 2 1 0.598016336056009 9 3830.55014017332 2
"29" "Simulation_29" 2.564 0.08 0.244 0.073 2.299 0.125 29 0.05 12000 1000 1 500 111 1 0 1 0 1 1 -1 -1 -1 7290.59804399485 5
"30" "Simulation_30" 2.061 0.012 0.056 0.109 2.926 0.804 30 0.05 12000 1000 1 500 111 1 0 1 0 1 1 -1 -1 -1 6789.72266633157 5
"31" "Simulation_31" 1.055 0.058 0.183 0.037 1.672 0.351 31 0.05 12000 1000 1 500 111 1 0 1 237 237 0 0 -1 -1 3785.28495538238 3
"32" "Simulation_32" 1.086 0.034 0.117 0.089 2.26 0.676 32 0.05 12000 1000 1 500 111 1 0 1 0 1 1 -1 -1 -1 6181.66858616111 4
"33" "Simulation_33" 2.092 0.079 0.242 0.016 1.005 0.224 33 0.05 12000 1000 1 500 111 1 0 1 0 1 1 -1 -1 -1 6263.41192486067 4
"34" "Simulation_34" 2.595 0.011 0.053 0.125 1.632 0.903 34 0.05 12000 1000 1 500 111 1 0 1 0 1 1 -1 -1 -1 6906.36777228064 4
"35" "Simulation_35" 1.589 0.056 0.178 0.052 2.887 0.45 35 0.05 12000 1000 1 500 111 1 0 1 0 1 1 -1 -1 -1 4699.54385083562 2
"36" "Simulation_36" 1.841 0.022 0.083 0.107 1.319 0.337 36 0.05 12000 1000 1 500 111 1 0 1 0 1 1 -1 -1 -1 4766.6239172548 3
"37" "Simulation_37" 2.847 0.068 0.211 0.034 2.574 0.79 37 0.05 12000 1000 1 500 111 1 0 1 56 56 0 0 -1 -1 4959.91767498739 2
"38" "Simulation_38" 2.344 0.045 0.147 0.143 1.946 0.111 38 0.05 12000 1000 1 500 111 1 0 1 15 15 0 1 0.603850641773629 3 3319.15188492997 2
"39" "Simulation_39" 1.338 0.09 0.272 0.071 0.691 0.563 39 0.05 12000 1000 1 500 111 1 0 1 2 2 0 0 -1 -1 5331.51212154335 4
"40" "Simulation_40" 1.464 0.017 0.069 0.025 0.848 0.62 40 0.05 12000 1000 1 500 111 1 0 1 276 280 4 1 0.542590431738623 12 577.803831854341 1
"41" "Simulation_41" 2.47 0.062 0.194 0.098 2.103 0.167 41 0.05 12000 1000 1 500 111 1 0 1 1 1 0 0 -1 -1 4030.22095496847 2
"42" "Simulation_42" 2.972 0.039 0.131 0.062 2.73 0.846 42 0.05 12000 1000 1 500 111 1 0 1 63 66 3 0 -1 -1 5873.11574540646 4
"43" "Simulation_43" 1.967 0.085 0.258 0.134 1.475 0.394 43 0.05 12000 1000 1 500 111 1 0 1 0 1 1 -1 -1 -1 4808.27846027052 4
"44" "Simulation_44" 1.715 0.051 0.164 0.007 2.417 0.507 44 0.05 12000 1000 1 500 111 1 0 1 0 1 1 -1 -1 -1 4122.71125595801 2
"45" "Simulation_45" 2.721 0.096 0.289 0.08 1.162 0.959 45 0.05 12000 1000 1 500 111 1 0 1 1 1 0 0 -1 -1 6487.63385165705 4
"46" "Simulation_46" 2.218 0.028 0.1 0.043 0.534 0.28 46 0.05 12000 1000 1 500 111 1 0 1 0 1 1 -1 -1 -1 4262.33527197337 2
"47" "Simulation_47" 1.212 0.073 0.225 0.116 1.789 0.733 47 0.05 12000 1000 1 500 111 1 0 1 0 1 1 -1 -1 -1 6043.13990294183 4
"48" "Simulation_48" 1.149 0.031 0.108 0.148 2.966 0.988 48 0.05 12000 1000 1 500 111 1 0 1 0 1 1 -1 -1 -1 5162.69113571736 2
"49" "Simulation_49" 2.155 0.076 0.233 0.075 1.711 0.535 49 0.05 12000 1000 1 500 111 1 0 1 222 222 0 1 0.704784130688448 5 3497.8590701262 3
"50" "Simulation_50" 2.658 0.053 0.169 0.112 1.083 0.761 50 0.05 12000 1000 1 500 111 1 0 1 0 1 1 -1 -1 -1 5532.58860908728 4
"51" "Simulation_51" 1.652 0.099 0.297 0.039 2.338 0.309 51 0.05 12000 1000 1 500 111 0 17 1 1164 1164 0 1 0.900233372228705 1162 3357.08775400769 2
"52" "Simulation_52" 1.904 0.042 0.139 0.13 0.77 0.195 52 0.05 12000 1000 1 500 111 1 0 1 0 1 1 -1 -1 -1 6073.87692247689 4
"53" "Simulation_53" 2.91 0.087 0.264 0.057 2.025 0.648 53 0.05 12000 1000 1 500 111 1 0 1 0 1 1 -1 -1 -1 5119.20927844193 2
"54" "Simulation_54" 2.407 0.02 0.078 0.093 2.652 0.422 54 0.05 12000 1000 1 500 111 1 0 1 0 1 1 -1 -1 -1 9015.10083984111 4
"55" "Simulation_55" 1.401 0.065 0.203 0.021 1.397 0.874 55 0.05 12000 1000 1 500 111 1 0 1 0 1 1 -1 -1 -1 5088.10205885482 4
"56" "Simulation_56" 1.275 0.048 0.156 0.048 1.554 0.818 56 0.05 12000 1000 1 500 111 1 0 1 0 1 1 -1 -1 -1 9105.67754266332 4
"57" "Simulation_57" 2.281 0.093 0.281 0.121 2.809 0.365 57 0.05 12000 1000 1 500 111 1 0 1 1 1 0 1 -1 -1 2766.17908302429 2
"58" "Simulation_58" 2.784 0.025 0.092 0.012 2.181 0.592 58 0.05 12000 1000 1 500 111 1 0 1 344 345 1 0 -1 -1 4745.33710488432 2
"59" "Simulation_59" 1.778 0.07 0.217 0.084 0.926 0.139 59 0.05 12000 1000 1 500 111 1 0 1 0 1 1 -1 -1 -1 7720.3453729658 4
"60" "Simulation_60" 1.527 0.014 0.061 0.066 1.868 0.252 60 0.05 12000 1000 1 500 111 1 0 1 530 536 6 0 -1 -1 3575.08075462478 3
"61" "Simulation_61" 2.532 0.059 0.186 0.139 0.613 0.705 61 0.05 12000 1000 1 500 111 1 0 1 0 1 1 -1 -1 -1 5816.71428506372 4
"62" "Simulation_62" 2.029 0.037 0.125 0.03 1.24 0.478 62 0.05 12000 1000 1 500 111 1 0 1 0 1 1 -1 -1 -1 6560.58842124942 4
"63" "Simulation_63" 1.024 0.082 0.25 0.103 2.495 0.931 63 0.05 12000 1000 1 500 111 1 0 1 49 49 0 0 -1 -1 8596.23142532302 4
"64" "Simulation_64" 1.039 0.046 0.15 0.122 1.025 0.882 64 0.05 12000 1000 1 500 111 1 0 1 2 2 0 0 -1 -1 4093.51623906417 4
"65" "Simulation_65" 2.045 0.091 0.275 0.049 2.279 0.429 65 0.05 12000 1000 1 500 111 1 0 1 547 547 0 1 0.91073512252042 547 1593.8517988332 1
"66" "Simulation_66" 2.548 0.023 0.086 0.085 2.907 0.655 66 0.05 12000 1000 1 500 111 1 0 1 0 1 1 -1 -1 -1 5697.53164988641 4
"67" "Simulation_67" 1.542 0.068 0.211 0.013 1.652 0.203 67 0.05 12000 1000 1 500 111 1 0 1 29 29 0 0 -1 -1 4461.20599062097 4
"68" "Simulation_68" 1.794 0.012 0.056 0.14 2.593 0.316 68 0.05 12000 1000 1 500 111 1 0 1 0 1 1 -1 -1 -1 5146.60147710975 2
"69" "Simulation_69" 2.8 0.057 0.181 0.067 1.338 0.768 69 0.05 12000 1000 1 500 111 1 0 1 5 5 0 0 -1 -1 4682.92471479189 2
"70" "Simulation_70" 2.297 0.034 0.117 0.104 0.711 0.542 70 0.05 12000 1000 1 500 111 1 0 1 1 2 1 0 -1 -1 3391.27950030482 3
"71" "Simulation_71" 1.291 0.08 0.244 0.031 1.966 0.995 71 0.05 12000 1000 1 500 111 1 0 1 0 1 1 -1 -1 -1 5021.62989312868 4
"72" "Simulation_72" 1.417 0.029 0.103 0.076 2.123 0.938 72 0.05 12000 1000 1 500 111 1 0 1 0 1 1 -1 -1 -1 6171.14704136259 4
"73" "Simulation_73" 2.422 0.074 0.228 0.149 0.868 0.485 73 0.05 12000 1000 1 500 111 1 0 1 0 1 1 -1 -1 -1 6222.85983583167 4
"74" "Simulation_74" 2.925 0.051 0.164 0.04 1.495 0.712 74 0.05 12000 1000 1 500 111 1 0 1 0 1 1 -1 -1 -1 5345.14109312398 2
"75" "Simulation_75" 1.919 0.097 0.292 0.113 2.75 0.259 75 0.05 12000 1000 1 500 111 1 0 1 34 34 0 1 0.810385064177363 34 2773.03160875576 2
"76" "Simulation_76" 1.668 0.04 0.133 0.058 1.181 0.146 76 0.05 12000 1000 1 500 111 1 0 1 0 1 1 -1 -1 -1 5659.62273670683 3
"77" "Simulation_77" 2.674 0.085 0.258 0.131 2.436 0.599 77 0.05 12000 1000 1 500 111 1 0 1 188 192 4 1 0.710618436406068 3 7300.83547279573 4
"78" "Simulation_78" 2.171 0.017 0.069 0.022 1.809 0.372 78 0.05 12000 1000 1 500 111 1 0 1 0 1 1 -1 -1 -1 4532.36379714272 4
"79" "Simulation_79" 1.165 0.063 0.197 0.095 0.554 0.825 79 0.05 12000 1000 1 500 111 1 0 1 1 1 0 0 -1 -1 3641.31294421125 3
"80" "Simulation_80" 1.228 0.02 0.078 0.099 1.73 0.57 80 0.05 12000 1000 1 500 111 1 0 1 0 1 1 -1 -1 -1 8819.79285299206 4
"81" "Simulation_81" 2.234 0.066 0.206 0.026 2.985 0.118 81 0.05 12000 1000 1 500 111 1 0 1 104 104 0 1 0.738623103850642 103 2815.32267737443 2
"82" "Simulation_82" 2.737 0.043 0.142 0.136 2.358 0.797 82 0.05 12000 1000 1 500 111 1 0 1 35 36 1 1 0.628354725787631 3 5498.30755373344 4
"83" "Simulation_83" 1.731 0.088 0.267 0.063 1.103 0.344 83 0.05 12000 1000 1 500 111 1 0 1 0 1 1 -1 -1 -1 6467.79155222795 4
"84" "Simulation_84" 1.982 0.054 0.172 0.081 2.044 0.457 84 0.05 12000 1000 1 500 111 0 49 1 2053 2067 14 1 0.712952158693116 15 4604.73791640531 2
"85" "Simulation_85" 2.988 0.099 0.297 0.008 0.789 0.91 85 0.05 12000 1000 1 500 111 1 0 1 1 1 0 0 -1 -1 3553.85677107466 2
"86" "Simulation_86" 2.485 0.032 0.111 0.117 1.417 0.231 86 0.05 12000 1000 1 500 111 1 0 1 0 1 1 -1 -1 -1 7171.3071056882 4
"87" "Simulation_87" 1.479 0.077 0.236 0.045 2.672 0.683 87 0.05 12000 1000 1 500 111 1 0 1 0 1 1 -1 -1 -1 4947.96292867723 4
"88" "Simulation_88" 1.354 0.037 0.125 0.017 2.828 0.74 88 0.05 12000 1000 1 500 111 1 0 1 0 1 1 -1 -1 -1 5926.58387771793 4
"89" "Simulation_89" 2.36 0.082 0.25 0.09 1.574 0.287 89 0.05 12000 1000 1 500 111 1 0 1 0 1 1 -1 -1 -1 7066.68899513276 4
"90" "Simulation_90" 2.862 0.015 0.064 0.054 0.946 0.966 90 0.05 12000 1000 1 500 111 1 0 1 0 1 1 -1 -1 -1 7815.80419642317 5
"91" "Simulation_91" 1.857 0.06 0.189 0.126 2.201 0.514 91 0.05 12000 1000 1 500 111 0 10 1 1624 1634 10 1 0.749124854142357 107 5196.33664682793 4
"92" "Simulation_92" 1.605 0.026 0.094 0.035 0.632 0.401 92 0.05 12000 1000 1 500 111 1 0 1 0 1 1 -1 -1 -1 6666.34570641998 4
"93" "Simulation_93" 2.611 0.071 0.219 0.108 1.887 0.853 93 0.05 12000 1000 1 500 111 1 0 1 1 1 0 0 -1 -1 6930.55595698774 5
"94" "Simulation_94" 2.108 0.049 0.158 0.072 2.515 0.174 94 0.05 12000 1000 1 500 111 1 0 1 0 1 1 -1 -1 -1 7897.81802442523 4
"95" "Simulation_95" 1.102 0.094 0.283 0.145 1.26 0.627 95 0.05 12000 1000 1 500 111 0 25 1 1469 1476 7 1 1 1173 2683.12229750809 3
"96" "Simulation_96" 1.071 0.022 0.083 0.056 1.77 0.528 96 0.05 12000 1000 1 500 111 1 0 1 0 1 1 -1 -1 -1 7866.41749121688 5
"97" "Simulation_97" 2.077 0.067 0.208 0.129 0.515 0.981 97 0.05 12000 1000 1 500 111 1 0 1 1 1 0 1 -1 -1 7518.43177697761 5
"98" "Simulation_98" 2.58 0.044 0.144 0.02 1.142 0.302 98 0.05 12000 1000 1 500 111 1 0 1 0 1 1 -1 -1 -1 7793.60998526048 5
"99" "Simulation_99" 1.574 0.09 0.272 0.092 2.397 0.754 99 0.05 12000 1000 1 500 111 1 0 1 179 182 3 0 -1 -1 3830.93110583904 3
"100" "Simulation_100" 1.825 0.033 0.114 0.074 1.456 0.641 100 0.05 12000 1000 1 500 111 1 0 1 1651 1658 7 1 0.64585764294049 425 1757.67242040909 1
"101" "Simulation_101" 2.831 0.078 0.239 0.147 2.711 0.188 101 0.05 12000 1000 1 500 111 1 0 1 0 1 1 -1 -1 -1 4781.82430198646 4
"102" "Simulation_102" 2.328 0.01 0.05 0.038 2.083 0.867 102 0.05 12000 1000 1 500 111 1 0 1 0 1 1 -1 -1 -1 6494.18174316075 4
"103" "Simulation_103" 1.322 0.056 0.178 0.11 0.828 0.415 103 0.05 12000 1000 1 500 111 1 0 1 0 1 1 -1 -1 -1 7907.42453695896 5
"104" "Simulation_104" 1.448 0.05 0.161 0.138 0.672 0.358 104 0.05 12000 1000 1 500 111 1 0 1 0 1 1 -1 -1 -1 6579.08196400559 4
"105" "Simulation_105" 2.454 0.095 0.286 0.065 1.926 0.811 105 0.05 12000 1000 1 500 111 1 0 1 0 1 1 -1 -1 -1 6433.19207357914 4
"106" "Simulation_106" 2.957 0.027 0.097 0.101 2.554 0.132 106 0.05 12000 1000 1 500 111 1 0 1 0 1 1 -1 -1 -1 6228.71626454543 4
"107" "Simulation_107" 1.951 0.073 0.225 0.029 1.299 0.584 107 0.05 12000 1000 1 500 111 1 0 1 0 1 1 -1 -1 -1 7531.68063626258 5
"108" "Simulation_108" 1.699 0.016 0.067 0.12 2.868 0.698 108 0.05 12000 1000 1 500 111 1 0 1 0 1 1 -1 -1 -1 5528.48319084843 3
"109" "Simulation_109" 2.705 0.061 0.192 0.047 1.613 0.245 109 0.05 12000 1000 1 500 111 1 0 1 2 2 0 0 -1 -1 3320.12169378307 3
"110" "Simulation_110" 2.202 0.039 0.131 0.083 0.985 0.924 110 0.05 12000 1000 1 500 111 1 0 1 0 1 1 -1 -1 -1 6156.77852296691 4
"111" "Simulation_111" 1.196 0.084 0.256 0.01 2.24 0.471 111 0.05 12000 1000 1 500 111 1 0 1 0 1 1 -1 -1 -1 5637.75734313355 4
"112" "Simulation_112" 1.134 0.041 0.136 0.033 2.475 0.217 112 0.05 12000 1000 1 500 111 1 0 1 2 2 0 0 -1 -1 8476.45809857228 4
"113" "Simulation_113" 2.139 0.087 0.264 0.106 1.221 0.669 113 0.05 12000 1000 1 500 111 1 0 1 0 1 1 -1 -1 -1 5698.55399651832 4
"114" "Simulation_114" 2.642 0.019 0.075 0.07 0.593 0.443 114 0.05 12000 1000 1 500 111 1 0 1 0 1 1 -1 -1 -1 7953.48526367838 4
"115" "Simulation_115" 1.637 0.064 0.2 0.142 1.848 0.896 115 0.05 12000 1000 1 500 111 1 0 1 6 6 0 0 -1 -1 5256.01708378415 3
"116" "Simulation_116" 1.888 0.03 0.106 0.015 0.907 0.783 116 0.05 12000 1000 1 500 111 1 0 1 0 1 1 -1 -1 -1 5757.87344082428 4
"117" "Simulation_117" 2.894 0.075 0.231 0.088 2.162 0.33 117 0.05 12000 1000 1 500 111 1 0 1 0 1 1 -1 -1 -1 4637.2799523033 2
"118" "Simulation_118" 2.391 0.053 0.169 0.051 2.789 0.556 118 0.05 12000 1000 1 500 111 1 0 1 0 1 1 -1 -1 -1 5569.97663789681 4
"119" "Simulation_119" 1.385 0.098 0.294 0.124 1.534 0.104 119 0.05 12000 1000 1 500 111 1 0 1 0 1 1 -1 -1 -1 4704.44828943885 4
"120" "Simulation_120" 1.259 0.013 0.058 0.079 1.377 0.16 120 0.05 12000 1000 1 500 111 1 0 1 0 1 1 -1 -1 -1 5451.96140976076 2
"121" "Simulation_121" 2.265 0.058 0.183 0.006 2.632 0.613 121 0.05 12000 1000 1 500 111 1 0 1 32 32 0 0 -1 -1 3161.51358023528 2
"122" "Simulation_122" 2.768 0.036 0.122 0.115 2.005 0.386 122 0.05 12000 1000 1 500 111 1 0 1 0 1 1 -1 -1 -1 7542.95773398771 5
"123" "Simulation_123" 1.762 0.081 0.247 0.042 0.75 0.839 123 0.05 12000 1000 1 500 111 1 0 1 0 1 1 -1 -1 -1 7313.51779685732 5
"124" "Simulation_124" 1.511 0.047 0.153 0.097 2.319 0.952 124 0.05 12000 1000 1 500 111 1 0 1 0 1 1 -1 -1 -1 4931.75392782851 3
"125" "Simulation_125" 2.517 0.092 0.278 0.024 1.064 0.5 125 0.05 12000 1000 1 500 111 1 0 1 0 1 1 -1 -1 -1 4424.81355990815 4
"126" "Simulation_126" 2.014 0.024 0.089 0.133 1.691 0.726 126 0.05 12000 1000 1 500 111 1 0 1 0 1 1 -1 -1 -1 5455.19735041239 4
"127" "Simulation_127" 1.008 0.07 0.217 0.06 2.946 0.273 127 0.05 12000 1000 1 500 111 1 0 1 0 1 1 -1 -1 -1 7180.83230678593 5
"128" "Simulation_128" 1.016 0.04 0.133 0.142 1.662 0.475 128 0.05 12000 1000 1 500 111 1 0 1 0 1 1 -1 -1 -1 7380.66271480938 5
"129" "Simulation_129" 2.022 0.085 0.258 0.069 2.917 0.928 129 0.05 12000 1000 1 500 111 1 0 1 0 1 1 -1 -1 -1 7189.60388712162 5
"130" "Simulation_130" 2.525 0.017 0.069 0.105 2.289 0.249 130 0.05 12000 1000 1 500 111 1 0 1 0 1 1 -1 -1 -1 4541.80020140912 4
"131" "Simulation_131" 1.519 0.062 0.194 0.033 1.034 0.701 131 0.05 12000 1000 1 500 111 1 0 1 6 7 1 0 -1 -1 4958.06767847224 2
"132" "Simulation_132" 1.77 0.028 0.1 0.124 1.975 0.588 132 0.05 12000 1000 1 500 111 1 0 1 2128 2147 19 1 0.557176196032672 50 4030.22095496847 2
"133" "Simulation_133" 2.776 0.074 0.228 0.051 0.721 0.135 133 0.05 12000 1000 1 500 111 1 0 1 0 1 1 -1 -1 -1 6152.09190598392 4
"134" "Simulation_134" 2.273 0.051 0.164 0.087 1.348 0.814 134 0.05 12000 1000 1 500 111 1 0 1 0 1 1 -1 -1 -1 4842.25363161903 4
"135" "Simulation_135" 1.267 0.096 0.289 0.014 2.603 0.362 135 0.05 12000 1000 1 500 111 1 0 1 0 1 1 -1 -1 -1 5850.52155572914 4
"136" "Simulation_136" 1.393 0.011 0.053 0.042 2.76 0.418 136 0.05 12000 1000 1 500 111 1 0 1 0 1 1 -1 -1 -1 6538.9493587497 4
"137" "Simulation_137" 2.399 0.057 0.181 0.114 1.505 0.871 137 0.05 12000 1000 1 500 111 1 0 1 6 6 0 1 0.649358226371062 -1 3729.94618371533 2
"138" "Simulation_138" 2.902 0.034 0.117 0.005 0.877 0.192 138 0.05 12000 1000 1 500 111 1 0 1 0 1 1 -1 -1 -1 5854.15566602862 4
"139" "Simulation_139" 1.896 0.079 0.242 0.078 2.132 0.645 139 0.05 12000 1000 1 500 111 1 0 1 152 154 2 1 0.684947491248541 3 2877.88095398614 3
"140" "Simulation_140" 1.644 0.045 0.147 0.06 0.564 0.758 140 0.05 12000 1000 1 500 111 1 0 1 0 1 1 -1 -1 -1 6902.27436359098 4
"141" "Simulation_141" 2.65 0.091 0.275 0.133 1.819 0.305 141 0.05 12000 1000 1 500 111 1 0 1 0 1 1 -1 -1 -1 5652.11615565373 4
"142" "Simulation_142" 2.147 0.023 0.086 0.023 2.446 0.984 142 0.05 12000 1000 1 500 111 1 0 1 0 1 1 -1 -1 -1 5249.53096841477 4
"143" "Simulation_143" 1.141 0.068 0.211 0.096 1.191 0.531 143 0.05 12000 1000 1 500 111 1 0 1 0 1 1 -1 -1 -1 6142.10225292981 4
"144" "Simulation_144" 1.204 0.026 0.094 0.092 1.113 0.277 144 0.05 12000 1000 1 500 111 1 0 1 0 1 1 -1 -1 -1 4939.6021005998 4
"145" "Simulation_145" 2.21 0.071 0.219 0.019 2.368 0.729 145 0.05 12000 1000 1 500 111 1 0 1 0 1 1 -1 -1 -1 6331.10267278118 4
"146" "Simulation_146" 2.713 0.048 0.156 0.128 2.995 0.503 146 0.05 12000 1000 1 500 111 1 0 1 0 1 1 -1 -1 -1 7926.69219151911 5
"147" "Simulation_147" 1.707 0.093 0.281 0.055 1.74 0.956 147 0.05 12000 1000 1 500 111 1 0 1 1 1 0 0 -1 -1 8760.74466448168 4
"148" "Simulation_148" 1.959 0.037 0.125 0.11 2.681 0.843 148 0.05 12000 1000 1 500 111 1 0 1 224 225 1 1 0.601516919486581 13 2695.53407604859 2
"149" "Simulation_149" 2.965 0.082 0.25 0.037 1.426 0.39 149 0.05 12000 1000 1 500 111 1 0 1 48 48 0 0 -1 -1 7939.2459279877 4
"150" "Simulation_150" 2.462 0.014 0.061 0.146 0.799 0.616 150 0.05 12000 1000 1 500 111 1 0 1 0 1 1 -1 -1 -1 4525.92427242802 3
"151" "Simulation_151" 1.456 0.06 0.189 0.074 2.054 0.164 151 0.05 12000 1000 1 500 111 1 0 1 0 1 1 -1 -1 -1 6586.154971259 4
"152" "Simulation_152" 1.33 0.054 0.172 0.028 2.211 0.107 152 0.05 12000 1000 1 500 111 1 0 1 0 1 1 -1 -1 -1 5644.26837712262 4
"153" "Simulation_153" 2.336 0.099 0.297 0.101 0.956 0.56 153 0.05 12000 1000 1 500 111 1 0 1 2 2 0 0 -1 -1 4559.84296260248 2
"154" "Simulation_154" 2.839 0.031 0.108 0.064 1.583 0.333 154 0.05 12000 1000 1 500 111 1 0 1 206 206 0 1 0.568844807467911 31 1524.95478957718 1
"155" "Simulation_155" 1.833 0.076 0.233 0.137 2.838 0.786 155 0.05 12000 1000 1 500 111 1 0 1 0 1 1 -1 -1 -1 6745.09467722558 4
"156" "Simulation_156" 1.582 0.02 0.078 0.01 1.27 0.899 156 0.05 12000 1000 1 500 111 1 0 1 141 146 5 1 0.47024504084014 3 3651.6495545647 2
"157" "Simulation_157" 2.587 0.065 0.203 0.083 2.525 0.447 157 0.05 12000 1000 1 500 111 1 0 1 0 1 1 -1 -1 -1 6222.85983583167 4
"158" "Simulation_158" 2.084 0.043 0.142 0.046 1.897 0.673 158 0.05 12000 1000 1 500 111 1 0 1 0 1 1 -1 -1 -1 4912.01024323076 4
"159" "Simulation_159" 1.079 0.088 0.267 0.119 0.642 0.22 159 0.05 12000 1000 1 500 111 0 48 1 1782 1823 41 1 0.851808634772462 20 3886.44739626873 2
"160" "Simulation_160" 1.11 0.016 0.067 0.062 2.407 0.828 160 0.05 12000 1000 1 500 111 0 36 1 3191 3284 93 0 -1 -1 4046.00345380225 4
"161" "Simulation_161" 2.116 0.061 0.192 0.135 1.152 0.376 161 0.05 12000 1000 1 500 111 1 0 1 0 1 1 -1 -1 -1 5021.62989312868 4
"162" "Simulation_162" 2.619 0.038 0.128 0.026 0.525 0.602 162 0.05 12000 1000 1 500 111 1 0 1 1 1 0 0 -1 -1 7793.52270732796 5
"163" "Simulation_163" 1.613 0.084 0.256 0.099 1.779 0.15 163 0.05 12000 1000 1 500 111 1 0 1 1 1 0 0 -1 -1 3503.21288259383 2
"164" "Simulation_164" 1.864 0.05 0.161 0.044 0.838 0.263 164 0.05 12000 1000 1 500 111 1 0 1 0 1 1 -1 -1 -1 7101.91628080227 4
"165" "Simulation_165" 2.87 0.095 0.286 0.117 2.093 0.715 165 0.05 12000 1000 1 500 111 1 0 1 44 44 0 1 0.519836639439907 4 3689.47632696365 3
"166" "Simulation_166" 2.367 0.027 0.097 0.008 2.721 0.489 166 0.05 12000 1000 1 500 111 1 0 1 0 1 1 -1 -1 -1 6001.30035033416 4
"167" "Simulation_167" 1.361 0.072 0.222 0.08 1.466 0.942 167 0.05 12000 1000 1 500 111 1 0 1 0 1 1 -1 -1 -1 6271.27580206518 4
"168" "Simulation_168" 1.487 0.033 0.114 0.126 1.309 0.998 168 0.05 12000 1000 1 500 111 1 0 1 14 14 0 1 0.592765460910152 5 4947.57448476568 2
"169" "Simulation_169" 2.493 0.078 0.239 0.053 2.564 0.546 169 0.05 12000 1000 1 500 111 1 0 1 237 242 5 0 -1 -1 8255.09879701382 4
"170" "Simulation_170" 2.996 0.01 0.05 0.089 1.936 0.772 170 0.05 12000 1000 1 500 111 1 0 1 0 1 1 -1 -1 -1 5483.78593256906 4
"171" "Simulation_171" 1.99 0.055 0.175 0.017 0.681 0.319 171 0.05 12000 1000 1 500 111 1 0 1 0 1 1 -1 -1 -1 6782.79746223054 4
"172" "Simulation_172" 1.739 0.021 0.081 0.144 2.25 0.206 172 0.05 12000 1000 1 500 111 1 0 1 0 1 1 -1 -1 -1 5963.72302127975 4
"173" "Simulation_173" 2.745 0.067 0.208 0.071 0.995 0.659 173 0.05 12000 1000 1 500 111 1 0 1 1 1 0 0 -1 -1 7693.39973588069 4
"174" "Simulation_174" 2.242 0.044 0.144 0.108 1.623 0.432 174 0.05 12000 1000 1 500 111 1 0 1 173 175 2 1 0.00350058343057176 -1 2671.05922679478 2
"175" "Simulation_175" 1.236 0.089 0.269 0.035 2.877 0.885 175 0.05 12000 1000 1 500 111 1 0 1 0 1 1 -1 -1 -1 7029.20359796514 4
"176" "Simulation_176" 1.173 0.047 0.153 0.012 1.858 0.63 176 0.05 12000 1000 1 500 111 1 0 1 0 1 1 -1 -1 -1 6603.82011606501 5
"177" "Simulation_177" 2.179 0.092 0.278 0.085 0.603 0.178 177 0.05 12000 1000 1 500 111 1 0 1 196 198 2 1 0.73512252042007 3 7403.16056827296 4
"178" "Simulation_178" 2.682 0.024 0.089 0.048 1.23 0.857 178 0.05 12000 1000 1 500 111 1 0 1 0 1 1 -1 -1 -1 6612.61632320115 4
"179" "Simulation_179" 1.676 0.069 0.214 0.121 2.485 0.404 179 0.05 12000 1000 1 500 111 1 0 1 0 1 1 -1 -1 -1 5618.18897241757 4
"180" "Simulation_180" 1.927 0.013 0.058 0.03 1.544 0.517 180 0.05 12000 1000 1 500 111 1 0 1 0 1 1 -1 -1 -1 6853.9768133522 4
"181" "Simulation_181" 2.933 0.058 0.183 0.103 2.799 0.97 181 0.05 12000 1000 1 500 111 1 0 1 0 1 1 -1 -1 -1 4863.83812998851 2
"182" "Simulation_182" 2.43 0.035 0.119 0.067 2.172 0.291 182 0.05 12000 1000 1 500 111 1 0 1 0 1 1 -1 -1 -1 5151.08237216938 4
"183" "Simulation_183" 1.424 0.081 0.247 0.139 0.917 0.744 183 0.05 12000 1000 1 500 111 1 0 1 0 1 1 -1 -1 -1 8794.15025024957 5
"184" "Simulation_184" 1.299 0.03 0.106 0.112 0.76 0.687 184 0.05 12000 1000 1 500 111 1 0 1 0 1 1 -1 -1 -1 5318.17211890596 4
"185" "Simulation_185" 2.305 0.075 0.231 0.039 2.015 0.234 185 0.05 12000 1000 1 500 111 1 0 1 0 1 1 -1 -1 -1 7343.76248281744 5
"186" "Simulation_186" 2.807 0.052 0.167 0.149 2.642 0.913 186 0.05 12000 1000 1 500 111 1 0 1 24 24 0 1 0.6487747957993 3 3135.56022446859 3
"187" "Simulation_187" 1.802 0.098 0.294 0.076 1.387 0.461 187 0.05 12000 1000 1 500 111 1 0 1 0 1 1 -1 -1 -1 6776.31225181587 4
"188" "Simulation_188" 1.55 0.041 0.136 0.094 2.956 0.348 188 0.05 12000 1000 1 500 111 1 0 1 0 1 1 -1 -1 -1 5573.84720028238 3
"189" "Simulation_189" 2.556 0.086 0.261 0.021 1.701 0.8 189 0.05 12000 1000 1 500 111 1 0 1 13 13 0 0 -1 -1 5446.50203771985 3
"190" "Simulation_190" 2.053 0.018 0.072 0.13 1.074 0.121 190 0.05 12000 1000 1 500 111 1 0 1 79 85 6 1 0.00116686114352392 54 1483.12134366345 1
"191" "Simulation_191" 1.047 0.064 0.2 0.058 2.328 0.574 191 0.05 12000 1000 1 500 111 0 129 1 2374 2564 190 0 -1 -1 9137.21873101511 4
"192" "Simulation_192" 1.031 0.028 0.1 0.041 1.132 0.737 192 0.05 12000 1000 1 500 111 1 0 1 166 168 2 0 -1 -1 7886.1123196055 4
"193" "Simulation_193" 2.037 0.073 0.225 0.113 2.387 0.284 193 0.05 12000 1000 1 500 111 1 0 1 0 1 1 -1 -1 -1 7912.48824604287 4
"194" "Simulation_194" 2.54 0.05 0.161 0.077 1.76 0.963 194 0.05 12000 1000 1 500 111 1 0 1 0 1 1 -1 -1 -1 5488.39403049539 4
"195" "Simulation_195" 1.534 0.096 0.289 0.15 0.505 0.51 195 0.05 12000 1000 1 500 111 1 0 1 1 1 0 1 -1 -1 6587.49237476384 4
"196" "Simulation_196" 1.786 0.039 0.131 0.022 2.074 0.397 196 0.05 12000 1000 1 500 111 1 0 1 1324 1325 1 1 0.640023337222871 269 5343.03884893186 3
"197" "Simulation_197" 2.792 0.084 0.256 0.095 0.819 0.85 197 0.05 12000 1000 1 500 111 1 0 1 1 1 0 0 -1 -1 7177.29745905322 4
"198" "Simulation_198" 2.289 0.016 0.067 0.059 1.446 0.171 198 0.05 12000 1000 1 500 111 1 0 1 0 1 1 -1 -1 -1 4252.61006046464 2
"199" "Simulation_199" 1.283 0.062 0.194 0.132 2.701 0.623 199 0.05 12000 1000 1 500 111 1 0 1 0 1 1 -1 -1 -1 7001.86326496609 4
"200" "Simulation_200" 1.409 0.045 0.147 0.086 2.544 0.567 200 0.05 12000 1000 1 500 111 0 45 1 2356 2486 130 0 -1 -1 9183.55936576675 5
"201" "Simulation_201" 2.415 0.09 0.272 0.013 1.289 0.114 201 0.05 12000 1000 1 500 111 1 0 1 8 8 0 1 0.789381563593932 8 4454.74171112534 2
"202" "Simulation_202" 2.917 0.022 0.083 0.122 0.662 0.793 202 0.05 12000 1000 1 500 111 1 0 1 0 1 1 -1 -1 -1 7313.51779685732 5
"203" "Simulation_203" 1.912 0.067 0.208 0.05 1.917 0.34 203 0.05 12000 1000 1 500 111 1 0 1 256 257 1 0 -1 -1 4434.3719868197 2
"204" "Simulation_204" 1.66 0.011 0.053 0.104 0.975 0.454 204 0.05 12000 1000 1 500 111 1 0 1 0 1 1 -1 -1 -1 4452.92480202082 4
"205" "Simulation_205" 2.666 0.056 0.178 0.031 2.23 0.906 205 0.05 12000 1000 1 500 111 1 0 1 0 1 1 -1 -1 -1 6988.45503997363 4
"206" "Simulation_206" 2.163 0.033 0.114 0.141 2.858 0.227 206 0.05 12000 1000 1 500 111 1 0 1 0 1 1 -1 -1 -1 5250.75014688454 4
"207" "Simulation_207" 1.157 0.079 0.242 0.068 1.603 0.68 207 0.05 12000 1000 1 500 111 1 0 1 860 863 3 1 0.77071178529755 5 7785.21491489508 4
"208" "Simulation_208" 1.22 0.036 0.122 0.054 0.583 0.935 208 0.05 12000 1000 1 500 111 1 0 1 0 1 1 -1 -1 -1 5924.50594874793 4
"209" "Simulation_209" 2.226 0.081 0.247 0.127 1.838 0.482 209 0.05 12000 1000 1 500 111 1 0 1 128 134 6 1 0.721120186697783 4 3209.58452967885 3
"210" "Simulation_210" 2.729 0.014 0.061 0.018 2.466 0.708 210 0.05 12000 1000 1 500 111 1 0 1 0 1 1 -1 -1 -1 6650.35014004076 4
"211" "Simulation_211" 1.723 0.059 0.186 0.091 1.211 0.256 211 0.05 12000 1000 1 500 111 1 0 1 0 1 1 -1 -1 -1 4671.67014043287 4
"212" "Simulation_212" 1.974 0.025 0.092 0.072 2.779 0.142 212 0.05 12000 1000 1 500 111 1 0 1 0 1 1 -1 -1 -1 8886.1216601506 4
"213" "Simulation_213" 2.98 0.07 0.217 0.145 1.525 0.595 213 0.05 12000 1000 1 500 111 1 0 1 48 48 0 1 0.426487747957993 -1 3690.24158862001 3
"214" "Simulation_214" 2.477 0.047 0.153 0.036 0.897 0.369 214 0.05 12000 1000 1 500 111 1 0 1 0 1 1 -1 -1 -1 6930.89132331863 4
"215" "Simulation_215" 1.472 0.093 0.281 0.109 2.152 0.821 215 0.05 12000 1000 1 500 111 1 0 1 0 1 1 -1 -1 -1 6595.18789989823 4
"216" "Simulation_216" 1.346 0.019 0.075 0.136 1.995 0.878 216 0.05 12000 1000 1 500 111 1 0 1 0 1 1 -1 -1 -1 7845.31990890732 4
"217" "Simulation_217" 2.352 0.064 0.2 0.063 0.74 0.425 217 0.05 12000 1000 1 500 111 1 0 1 1 1 0 0 -1 -1 6981.54328223822 4
"218" "Simulation_218" 2.855 0.042 0.139 0.1 1.368 0.652 218 0.05 12000 1000 1 500 111 1 0 1 0 1 1 -1 -1 -1 6976.46658557552 4
"219" "Simulation_219" 1.849 0.087 0.264 0.027 2.623 0.199 219 0.05 12000 1000 1 500 111 1 0 1 1 1 0 0 -1 -1 6992.46661681643 5
"220" "Simulation_220" 1.597 0.053 0.169 0.118 1.681 0.312 220 0.05 12000 1000 1 500 111 1 0 1 4 4 0 0 -1 -1 3062.8825878134 2
"221" "Simulation_221" 2.603 0.098 0.294 0.045 2.936 0.765 221 0.05 12000 1000 1 500 111 1 0 1 171 171 0 0 -1 -1 7612.74894366891 5
"222" "Simulation_222" 2.1 0.031 0.108 0.081 2.309 0.539 222 0.05 12000 1000 1 500 111 1 0 1 455 459 4 1 0.503500583430572 14 3062.8825878134 2
"223" "Simulation_223" 1.094 0.076 0.233 0.009 1.054 0.991 223 0.05 12000 1000 1 500 111 1 0 1 0 1 1 -1 -1 -1 7278.77314366829 4
"224" "Simulation_224" 1.063 0.052 0.167 0.102 2.897 0.157 224 0.05 12000 1000 1 500 111 1 0 1 0 1 1 -1 -1 -1 7180.83230678593 5
"225" "Simulation_225" 2.069 0.097 0.292 0.029 1.642 0.609 225 0.05 12000 1000 1 500 111 1 0 1 271 273 2 0 -1 -1 3647.80256600951 3
"226" "Simulation_226" 2.572 0.029 0.103 0.138 1.015 0.383 226 0.05 12000 1000 1 500 111 1 0 1 236 237 1 1 0.546674445740957 10 5049.03547473719 4
"227" "Simulation_227" 1.566 0.074 0.228 0.066 2.27 0.836 227 0.05 12000 1000 1 500 111 1 0 1 0 1 1 -1 -1 -1 6496.55457097068 4
"228" "Simulation_228" 1.817 0.018 0.072 0.084 0.701 0.949 228 0.05 12000 1000 1 500 111 1 0 1 1 1 0 0 -1 -1 3753.41737034906 3
"229" "Simulation_229" 2.823 0.063 0.197 0.011 1.956 0.496 229 0.05 12000 1000 1 500 111 1 0 1 0 1 1 -1 -1 -1 7007.97257623309 4
"230" "Simulation_230" 2.32 0.04 0.133 0.12 2.583 0.722 230 0.05 12000 1000 1 500 111 1 0 1 143 148 5 0 -1 -1 8835.58257524151 4
"231" "Simulation_231" 1.314 0.086 0.261 0.047 1.328 0.27 231 0.05 12000 1000 1 500 111 1 0 1 0 1 1 -1 -1 -1 5345.14109312398 4
"232" "Simulation_232" 1.44 0.023 0.086 0.02 1.485 0.213 232 0.05 12000 1000 1 500 111 1 0 1 484 491 7 0 -1 -1 4115.35834828071 3
"233" "Simulation_233" 2.446 0.069 0.214 0.093 2.74 0.666 233 0.05 12000 1000 1 500 111 1 0 1 0 1 1 -1 -1 -1 8638.3866040427 4
"234" "Simulation_234" 2.949 0.046 0.15 0.056 2.113 0.439 234 0.05 12000 1000 1 500 111 1 0 1 81 81 0 1 0.653442240373396 41 444.780404709936 1
"235" "Simulation_235" 1.943 0.091 0.275 0.129 0.858 0.892 235 0.05 12000 1000 1 500 111 1 0 1 1 1 0 0 -1 -1 3575.08075462478 3
"236" "Simulation_236" 1.692 0.035 0.119 0.038 1.799 0.779 236 0.05 12000 1000 1 500 111 1 0 1 0 1 1 -1 -1 -1 4672.20351783656 4
"237" "Simulation_237" 2.697 0.08 0.244 0.111 0.544 0.326 237 0.05 12000 1000 1 500 111 1 0 1 1 1 0 0 -1 -1 2639.32896132445 3
"238" "Simulation_238" 2.194 0.012 0.056 0.075 1.172 0.553 238 0.05 12000 1000 1 500 111 1 0 1 0 1 1 -1 -1 -1 5212.15468436656 4
"239" "Simulation_239" 1.189 0.057 0.181 0.147 2.426 0.1 239 0.05 12000 1000 1 500 111 1 0 1 0 1 1 -1 -1 -1 5520.57528721111 4
"240" "Simulation_240" 1.126 0.015 0.064 0.116 2.348 0.355 240 0.05 12000 1000 1 500 111 0 87 1 1391 1465 74 1 0.00175029171528588 66 1304.25927246545 1
"241" "Simulation_241" 2.132 0.06 0.189 0.043 1.093 0.807 241 0.05 12000 1000 1 500 111 1 0 1 1 1 0 0 -1 -1 5215.89488884417 2
"242" "Simulation_242" 2.635 0.038 0.128 0.079 1.721 0.128 242 0.05 12000 1000 1 500 111 1 0 1 0 1 1 -1 -1 -1 7860.67671085068 5
"243" "Simulation_243" 1.629 0.083 0.253 0.006 2.975 0.581 243 0.05 12000 1000 1 500 111 0 55 1 2457 2459 2 1 0.997666277712952 2386 2072.12332360469 3
"244" "Simulation_244" 1.88 0.049 0.158 0.134 1.407 0.694 244 0.05 12000 1000 1 500 111 1 0 1 166 169 3 1 0.634189031505251 4 5263.50047585186 4
"245" "Simulation_245" 2.886 0.094 0.283 0.061 2.662 0.241 245 0.05 12000 1000 1 500 111 1 0 1 0 1 1 -1 -1 -1 6385.97856661874 4
"246" "Simulation_246" 2.383 0.026 0.094 0.097 2.034 0.92 246 0.05 12000 1000 1 500 111 1 0 1 0 1 1 -1 -1 -1 5639.19981645085 4
"247" "Simulation_247" 1.377 0.072 0.222 0.025 0.779 0.468 247 0.05 12000 1000 1 500 111 1 0 1 5 6 1 0 -1 -1 7983.6670484006 4
"248" "Simulation_248" 1.251 0.043 0.142 0.07 0.936 0.524 248 0.05 12000 1000 1 500 111 1 0 1 3 3 0 0 -1 -1 7605.51318351312 4
"249" "Simulation_249" 2.257 0.089 0.269 0.143 2.191 0.977 249 0.05 12000 1000 1 500 111 1 0 1 3 3 0 0 -1 -1 6205.29709561791 4
"250" "Simulation_250" 2.76 0.021 0.081 0.034 2.819 0.298 250 0.05 12000 1000 1 500 111 1 0 1 0 1 1 -1 -1 -1 5267.81306868873 4
"251" "Simulation_251" 1.754 0.066 0.206 0.106 1.564 0.751 251 0.05 12000 1000 1 500 111 1 0 1 0 1 1 -1 -1 -1 6106.10250832712 4
"252" "Simulation_252" 1.503 0.032 0.111 0.052 2.505 0.638 252 0.05 12000 1000 1 500 111 0 77 1 1765 1771 6 1 0.554842473745624 143 4478.72435586031 3
"253" "Simulation_253" 2.509 0.077 0.236 0.125 1.25 0.185 253 0.05 12000 1000 1 500 111 1 0 1 6 7 1 0 -1 -1 7436.12143709874 4
"254" "Simulation_254" 2.006 0.055 0.175 0.016 0.623 0.864 254 0.05 12000 1000 1 500 111 1 0 1 1 1 0 0 -1 -1 4219.80633261572 3
"255" "Simulation_255" 1 0.1 0.3 0.088 1.877 0.411 255 0.05 12000 1000 1 500 111 0 130 1 3268 3284 16 1 0.966161026837806 1626 3113.8588736223 2
"256" "Simulation_256" 1.004 0.055 0.175 0.046 2.588 0.979 256 0.05 12000 1000 1 500 111 1 0 1 7 7 0 0 -1 -1 9009.23027999538 4
"257" "Simulation_257" 2.01 0.1 0.3 0.119 1.333 0.526 257 0.05 12000 1000 1 500 111 1 0 1 0 1 1 -1 -1 -1 4739.04776808766 4
"258" "Simulation_258" 2.513 0.032 0.111 0.01 0.706 0.752 258 0.05 12000 1000 1 500 111 1 0 1 0 1 1 -1 -1 -1 7211.08239574778 4
"259" "Simulation_259" 1.507 0.077 0.236 0.082 1.961 0.3 259 0.05 12000 1000 1 500 111 1 0 1 0 1 1 -1 -1 -1 7268.3044104681 4
"260" "Simulation_260" 1.758 0.021 0.081 0.064 1.02 0.187 260 0.05 12000 1000 1 500 111 1 0 1 0 1 1 -1 -1 -1 7815.3578790485 4
"261" "Simulation_261" 2.764 0.066 0.206 0.137 2.275 0.639 261 0.05 12000 1000 1 500 111 1 0 1 0 1 1 -1 -1 -1 5848.5093186785 4
"262" "Simulation_262" 2.261 0.043 0.142 0.028 2.902 0.413 262 0.05 12000 1000 1 500 111 1 0 1 0 1 1 -1 -1 -1 5459.0951510171 4
"263" "Simulation_263" 1.255 0.089 0.269 0.101 1.647 0.866 263 0.05 12000 1000 1 500 111 1 0 1 68 68 0 1 0.952158693115519 40 2222.71617445298 3
"264" "Simulation_264" 1.381 0.026 0.094 0.146 1.176 0.809 264 0.05 12000 1000 1 500 111 1 0 1 0 1 1 -1 -1 -1 5564.76470566351 2
"265" "Simulation_265" 2.387 0.072 0.222 0.073 2.431 0.356 265 0.05 12000 1000 1 500 111 1 0 1 0 1 1 -1 -1 -1 8648.08835627931 4
"266" "Simulation_266" 2.89 0.049 0.158 0.11 1.804 0.583 266 0.05 12000 1000 1 500 111 1 0 1 0 1 1 -1 -1 -1 6560.47685419999 4
"267" "Simulation_267" 1.884 0.094 0.283 0.037 0.549 0.13 267 0.05 12000 1000 1 500 111 1 0 1 418 421 3 1 0.76487747957993 4 4883.4624465717 3
"268" "Simulation_268" 1.633 0.038 0.128 0.128 2.118 0.243 268 0.05 12000 1000 1 500 111 1 0 1 0 1 1 -1 -1 -1 6318.31454222615 4
"269" "Simulation_269" 2.639 0.083 0.253 0.055 0.863 0.696 269 0.05 12000 1000 1 500 111 1 0 1 0 1 1 -1 -1 -1 5890.0560568283 4
"270" "Simulation_270" 2.136 0.015 0.064 0.091 1.49 0.47 270 0.05 12000 1000 1 500 111 1 0 1 0 1 1 -1 -1 -1 7630.40911363395 5
"271" "Simulation_271" 1.13 0.06 0.189 0.019 2.745 0.922 271 0.05 12000 1000 1 500 111 1 0 1 0 1 1 -1 -1 -1 6965.25541947854 4
"272" "Simulation_272" 1.193 0.012 0.056 0.023 2.039 0.668 272 0.05 12000 1000 1 500 111 1 0 1 0 1 1 -1 -1 -1 4637.2799523033 4
"273" "Simulation_273" 2.198 0.058 0.183 0.096 0.784 0.215 273 0.05 12000 1000 1 500 111 1 0 1 0 1 1 -1 -1 -1 6737.24716030422 4
"274" "Simulation_274" 2.701 0.035 0.119 0.06 1.412 0.894 274 0.05 12000 1000 1 500 111 1 0 1 0 1 1 -1 -1 -1 6005.17832494488 4
"275" "Simulation_275" 1.695 0.08 0.244 0.132 2.667 0.441 275 0.05 12000 1000 1 500 111 1 0 1 0 1 1 -1 -1 -1 7422.95258127641 5
"276" "Simulation_276" 1.947 0.046 0.15 0.005 1.725 0.328 276 0.05 12000 1000 1 500 111 1 0 1 0 1 1 -1 -1 -1 5110.6332316308 4
"277" "Simulation_277" 2.953 0.092 0.278 0.078 2.98 0.781 277 0.05 12000 1000 1 500 111 1 0 1 8 8 0 0 -1 -1 6399.4040218793 4
"278" "Simulation_278" 2.45 0.024 0.089 0.041 2.353 0.102 278 0.05 12000 1000 1 500 111 1 0 1 0 1 1 -1 -1 -1 6021.4349409846 4
"279" "Simulation_279" 1.444 0.069 0.214 0.114 1.098 0.554 279 0.05 12000 1000 1 500 111 1 0 1 270 274 4 1 0.253208868144691 -1 7661.56924047161 4
"280" "Simulation_280" 1.318 0.041 0.136 0.087 0.627 0.611 280 0.05 12000 1000 1 500 111 1 0 1 0 1 1 -1 -1 -1 6972.71516051102 5
"281" "Simulation_281" 2.324 0.086 0.261 0.014 1.882 0.158 281 0.05 12000 1000 1 500 111 1 0 1 1 1 0 0 -1 -1 4362.8718932974 2
"282" "Simulation_282" 2.827 0.018 0.072 0.123 2.51 0.837 282 0.05 12000 1000 1 500 111 1 0 1 0 1 1 -1 -1 -1 4670.52110620269 2
"283" "Simulation_283" 1.821 0.063 0.197 0.05 1.255 0.385 283 0.05 12000 1000 1 500 111 1 0 1 0 1 1 -1 -1 -1 4645.64126494622 4
"284" "Simulation_284" 1.57 0.029 0.103 0.105 2.824 0.498 284 0.05 12000 1000 1 500 111 1 0 1 828 828 0 1 0.525670945157526 60 4204.14452497115 3
"285" "Simulation_285" 2.576 0.075 0.231 0.032 1.569 0.95 285 0.05 12000 1000 1 500 111 1 0 1 0 1 1 -1 -1 -1 4947.96292867723 4
"286" "Simulation_286" 2.073 0.052 0.167 0.141 0.941 0.272 286 0.05 12000 1000 1 500 111 1 0 1 658 674 16 1 0.668611435239207 64 5432.60640709706 3
"287" "Simulation_287" 1.067 0.097 0.292 0.069 2.196 0.724 287 0.05 12000 1000 1 500 111 0 13 1 2286 2291 5 0 -1 -1 4388.60230801034 3
"288" "Simulation_288" 1.098 0.031 0.108 0.13 1.451 0.427 288 0.05 12000 1000 1 500 111 1 0 1 0 1 1 -1 -1 -1 5582.14034039396 4
"289" "Simulation_289" 2.104 0.076 0.233 0.057 2.706 0.88 289 0.05 12000 1000 1 500 111 1 0 1 11 12 1 0 -1 -1 3975.51566463332 3
"290" "Simulation_290" 2.607 0.053 0.169 0.094 2.078 0.201 290 0.05 12000 1000 1 500 111 1 0 1 0 1 1 -1 -1 -1 6804.93790822473 4
"291" "Simulation_291" 1.601 0.099 0.297 0.021 0.824 0.653 291 0.05 12000 1000 1 500 111 1 0 1 4 4 0 0 -1 -1 3898.24214132225 3
"292" "Simulation_292" 1.853 0.042 0.139 0.148 1.765 0.767 292 0.05 12000 1000 1 500 111 1 0 1 0 1 1 -1 -1 -1 6955.32747325461 4
"293" "Simulation_293" 2.859 0.087 0.264 0.076 0.51 0.314 293 0.05 12000 1000 1 500 111 1 0 1 1 1 0 0 -1 -1 7967.41330742916 4
"294" "Simulation_294" 2.356 0.019 0.075 0.112 1.137 0.993 294 0.05 12000 1000 1 500 111 1 0 1 0 1 1 -1 -1 -1 5366.02912300653 4
"295" "Simulation_295" 1.35 0.065 0.203 0.039 2.392 0.54 295 0.05 12000 1000 1 500 111 0 150 1 1744 1744 0 1 0.981913652275379 1702 1552.92738212813 1
"296" "Simulation_296" 1.475 0.048 0.156 0.066 2.863 0.484 296 0.05 12000 1000 1 500 111 1 0 1 10 10 0 1 0.124270711785298 2 4221.30387551302 2
"297" "Simulation_297" 2.481 0.093 0.281 0.139 1.608 0.936 297 0.05 12000 1000 1 500 111 1 0 1 1 1 0 1 -1 -1 533.184327998067 1
"298" "Simulation_298" 2.984 0.025 0.092 0.03 0.98 0.257 298 0.05 12000 1000 1 500 111 1 0 1 91 92 1 1 0.518669778296383 7 4972.84699010762 3
"299" "Simulation_299" 1.978 0.07 0.217 0.103 2.235 0.71 299 0.05 12000 1000 1 500 111 1 0 1 124 125 1 1 0.688448074679113 2 2953.92608991268 3
"300" "Simulation_300" 1.727 0.014 0.061 0.048 0.667 0.597 300 0.05 12000 1000 1 500 111 1 0 1 0 1 1 -1 -1 -1 5584.94781851817 2
"301" "Simulation_301" 2.733 0.059 0.186 0.121 1.922 0.144 301 0.05 12000 1000 1 500 111 1 0 1 0 1 1 -1 -1 -1 6806.57481341959 4
"302" "Simulation_302" 2.23 0.036 0.122 0.012 2.549 0.823 302 0.05 12000 1000 1 500 111 1 0 1 271 271 0 1 0.648191365227538 91 599.714889737456 1
"303" "Simulation_303" 1.224 0.082 0.25 0.085 1.294 0.371 303 0.05 12000 1000 1 500 111 1 0 1 1158 1169 11 1 0.728704784130688 15 3500.50139391878 3
"304" "Simulation_304" 1.161 0.034 0.117 0.107 0.902 0.116 304 0.05 12000 1000 1 500 111 1 0 1 0 1 1 -1 -1 -1 4959.91767498739 2
"305" "Simulation_305" 2.167 0.079 0.242 0.035 2.157 0.569 305 0.05 12000 1000 1 500 111 1 0 1 307 307 0 1 0.992998833138857 192 4760.3598713639 2
"306" "Simulation_306" 2.67 0.011 0.053 0.144 2.784 0.342 306 0.05 12000 1000 1 500 111 1 0 1 0 1 1 -1 -1 -1 3327.02847780015 2
"307" "Simulation_307" 1.664 0.056 0.178 0.071 1.529 0.795 307 0.05 12000 1000 1 500 111 1 0 1 0 1 1 -1 -1 -1 6114.00972018484 4
"308" "Simulation_308" 1.916 0.022 0.083 0.089 2.471 0.908 308 0.05 12000 1000 1 500 111 1 0 1 0 1 1 -1 -1 -1 7935.39521497441 4
"309" "Simulation_309" 2.921 0.067 0.208 0.016 1.216 0.455 309 0.05 12000 1000 1 500 111 1 0 1 42 43 1 0 -1 -1 8654.52252178753 4
"310" "Simulation_310" 2.418 0.045 0.147 0.126 0.588 0.682 310 0.05 12000 1000 1 500 111 1 0 1 1 1 0 0 -1 -1 7978.07993739852 5
"311" "Simulation_311" 1.413 0.09 0.272 0.053 1.843 0.229 311 0.05 12000 1000 1 500 111 1 0 1 1 1 0 1 -1 -1 3830.93110583904 3
"312" "Simulation_312" 1.287 0.017 0.069 0.007 2.314 0.286 312 0.05 12000 1000 1 500 111 1 0 1 0 1 1 -1 -1 -1 6753.42823119129 4
"313" "Simulation_313" 2.293 0.062 0.194 0.08 1.059 0.738 313 0.05 12000 1000 1 500 111 1 0 1 1 1 0 0 -1 -1 4372.89185062569 4
"314" "Simulation_314" 2.796 0.039 0.131 0.044 1.686 0.512 314 0.05 12000 1000 1 500 111 1 0 1 0 1 1 -1 -1 -1 6440.62918853522 4
"315" "Simulation_315" 1.79 0.084 0.256 0.116 2.941 0.965 315 0.05 12000 1000 1 500 111 1 0 1 11 11 0 0 -1 -1 3651.6495545647 3
"316" "Simulation_316" 1.538 0.05 0.161 0.025 1.373 0.851 316 0.05 12000 1000 1 500 111 1 0 1 0 1 1 -1 -1 -1 5827.86393208061 4
"317" "Simulation_317" 2.544 0.096 0.289 0.098 2.627 0.399 317 0.05 12000 1000 1 500 111 1 0 1 1 1 0 0 -1 -1 5517.15937271966 3
"318" "Simulation_318" 2.041 0.028 0.1 0.062 2 0.625 318 0.05 12000 1000 1 500 111 1 0 1 0 1 1 -1 -1 -1 5896.39470663527 4
"319" "Simulation_319" 1.035 0.073 0.225 0.135 0.745 0.172 319 0.05 12000 1000 1 500 111 1 0 1 0 1 1 -1 -1 -1 5739.2787958693 4
"320" "Simulation_320" 1.051 0.019 0.075 0.081 2.725 0.236 320 0.05 12000 1000 1 500 111 1 0 1 0 1 1 -1 -1 -1 5664.87928265123 3
"321" "Simulation_321" 2.057 0.064 0.2 0.008 1.471 0.689 321 0.05 12000 1000 1 500 111 1 0 1 22 22 0 0 -1 -1 4998.78882387969 2
"322" "Simulation_322" 2.56 0.041 0.136 0.118 0.843 0.462 322 0.05 12000 1000 1 500 111 1 0 1 28 29 1 0 -1 -1 3937.76170486617 2
"323" "Simulation_323" 1.554 0.087 0.264 0.045 2.098 0.915 323 0.05 12000 1000 1 500 111 1 0 1 0 1 1 -1 -1 -1 5424.98362055549 4
"324" "Simulation_324" 1.806 0.053 0.169 0.099 0.529 0.802 324 0.05 12000 1000 1 500 111 1 0 1 10 10 0 1 0.329638273045508 5 7812.77787300933 4
"325" "Simulation_325" 2.811 0.098 0.294 0.027 1.784 0.349 325 0.05 12000 1000 1 500 111 1 0 1 0 1 1 -1 -1 -1 7023.23507673291 4
"326" "Simulation_326" 2.308 0.03 0.106 0.136 2.412 0.576 326 0.05 12000 1000 1 500 111 1 0 1 0 1 1 -1 -1 -1 4619.55632318253 4
"327" "Simulation_327" 1.303 0.075 0.231 0.063 1.157 0.123 327 0.05 12000 1000 1 500 111 1 0 1 0 1 1 -1 -1 -1 6325.7244431547 4
"328" "Simulation_328" 1.428 0.036 0.122 0.036 1.627 0.18 328 0.05 12000 1000 1 500 111 0 127 1 1381 1381 0 1 0.672112018669778 136 4074.00270342228 4
"329" "Simulation_329" 2.434 0.081 0.247 0.108 2.882 0.632 329 0.05 12000 1000 1 500 111 1 0 1 289 302 13 1 0.0787631271878646 -1 7512.89399039767 5
"330" "Simulation_330" 2.937 0.013 0.058 0.072 2.255 0.406 330 0.05 12000 1000 1 500 111 1 0 1 0 1 1 -1 -1 -1 8890.11160652965 4
"331" "Simulation_331" 1.931 0.058 0.183 0.145 1 0.859 331 0.05 12000 1000 1 500 111 1 0 1 0 1 1 -1 -1 -1 5985.53455018493 4
"332" "Simulation_332" 1.68 0.024 0.089 0.018 1.941 0.972 332 0.05 12000 1000 1 500 111 1 0 1 0 1 1 -1 -1 -1 5413.49327467193 4
"333" "Simulation_333" 2.686 0.07 0.217 0.09 0.686 0.519 333 0.05 12000 1000 1 500 111 1 0 1 1 1 0 0 -1 -1 3572.92960560808 3
"334" "Simulation_334" 2.183 0.047 0.153 0.054 1.314 0.745 334 0.05 12000 1000 1 500 111 1 0 1 19 20 1 1 0.634772462077013 -1 3833.24988566339 3
"335" "Simulation_335" 1.177 0.092 0.278 0.127 2.569 0.293 335 0.05 12000 1000 1 500 111 1 0 1 0 1 1 -1 -1 -1 7827.70958756303 4
"336" "Simulation_336" 1.24 0.044 0.144 0.14 2.176 0.547 336 0.05 12000 1000 1 500 111 1 0 1 0 1 1 -1 -1 -1 4728.31754405638 4
"337" "Simulation_337" 2.246 0.089 0.269 0.068 0.922 1 337 0.05 12000 1000 1 500 111 1 0 1 0 1 1 -1 -1 -1 5239.49501736561 4
"338" "Simulation_338" 2.749 0.021 0.081 0.104 1.549 0.321 338 0.05 12000 1000 1 500 111 1 0 1 4 5 1 0 -1 -1 4507.23221787189 3
"339" "Simulation_339" 1.743 0.067 0.208 0.031 2.804 0.774 339 0.05 12000 1000 1 500 111 1 0 1 543 546 3 0 -1 -1 4377.8350543889 2
"340" "Simulation_340" 1.994 0.01 0.05 0.122 1.235 0.661 340 0.05 12000 1000 1 500 111 1 0 1 0 1 1 -1 -1 -1 5957.32654953171 4
"341" "Simulation_341" 3 0.055 0.175 0.049 2.49 0.208 341 0.05 12000 1000 1 500 111 1 0 1 0 1 1 -1 -1 -1 5659.43673405766 4
"342" "Simulation_342" 2.497 0.033 0.114 0.086 1.863 0.887 342 0.05 12000 1000 1 500 111 1 0 1 7 7 0 0 -1 -1 7819.40336501004 4
"343" "Simulation_343" 1.491 0.078 0.239 0.013 0.608 0.434 343 0.05 12000 1000 1 500 111 1 0 1 2 2 0 0 -1 -1 5472.61717745239 3
"344" "Simulation_344" 1.365 0.027 0.097 0.058 1.078 0.378 344 0.05 12000 1000 1 500 111 0 101 1 3066 3119 53 1 0.682030338389732 177 3896.44296693562 2
"345" "Simulation_345" 2.371 0.072 0.222 0.131 2.333 0.83 345 0.05 12000 1000 1 500 111 1 0 1 13 13 0 0 -1 -1 2915.61477082575 2
"346" "Simulation_346" 2.874 0.05 0.161 0.022 2.961 0.151 346 0.05 12000 1000 1 500 111 1 0 1 2 2 0 0 -1 -1 4377.8350543889 4
"347" "Simulation_347" 1.868 0.095 0.286 0.095 1.706 0.604 347 0.05 12000 1000 1 500 111 1 0 1 253 257 4 1 0.00175029171528588 -1 5178.94751022926 3
"348" "Simulation_348" 1.617 0.038 0.128 0.077 2.647 0.717 348 0.05 12000 1000 1 500 111 1 0 1 0 1 1 -1 -1 -1 5462.65166740175 4
"349" "Simulation_349" 2.623 0.084 0.256 0.149 1.392 0.264 349 0.05 12000 1000 1 500 111 1 0 1 27 27 0 0 -1 -1 3647.80256600951 3
"350" "Simulation_350" 2.12 0.016 0.067 0.04 0.765 0.943 350 0.05 12000 1000 1 500 111 1 0 1 0 1 1 -1 -1 -1 5561.6494513336 4
"351" "Simulation_351" 1.114 0.061 0.192 0.113 2.02 0.491 351 0.05 12000 1000 1 500 111 0 181 1 2685 2941 256 0 -1 -1 7793.11010891422 4
"352" "Simulation_352" 1.083 0.043 0.142 0.015 1.353 0.561 352 0.05 12000 1000 1 500 111 0 116 1 2930 2955 25 1 0.772462077012835 1401 1982.63366672089 1
"353" "Simulation_353" 2.088 0.088 0.267 0.088 2.608 0.109 353 0.05 12000 1000 1 500 111 1 0 1 0 1 1 -1 -1 -1 4562.57091397598 4
"354" "Simulation_354" 2.591 0.02 0.078 0.052 1.98 0.788 354 0.05 12000 1000 1 500 111 1 0 1 0 1 1 -1 -1 -1 5985.53455018493 4
"355" "Simulation_355" 1.585 0.065 0.203 0.124 0.725 0.335 355 0.05 12000 1000 1 500 111 1 0 1 523 536 13 1 0.762543757292882 6 6995.64981384238 4
"356" "Simulation_356" 1.837 0.031 0.108 0.033 2.294 0.448 356 0.05 12000 1000 1 500 111 1 0 1 954 955 1 1 0.581680280046674 93 1910.25658429938 1
"357" "Simulation_357" 2.843 0.077 0.236 0.106 1.039 0.901 357 0.05 12000 1000 1 500 111 1 0 1 1 1 0 0 -1 -1 4183.57005867341 4
"358" "Simulation_358" 2.34 0.054 0.172 0.07 1.667 0.222 358 0.05 12000 1000 1 500 111 1 0 1 1 1 0 0 -1 -1 7279.59025822286 4
"359" "Simulation_359" 1.334 0.099 0.297 0.143 2.922 0.675 359 0.05 12000 1000 1 500 111 1 0 1 0 1 1 -1 -1 -1 7084.60722398837 4
"360" "Simulation_360" 1.46 0.014 0.061 0.097 2.451 0.731 360 0.05 12000 1000 1 500 111 1 0 1 0 1 1 -1 -1 -1 5614.36213515407 4
"361" "Simulation_361" 2.466 0.06 0.189 0.024 1.196 0.279 361 0.05 12000 1000 1 500 111 1 0 1 0 1 1 -1 -1 -1 4999.22665946651 4
"362" "Simulation_362" 2.969 0.037 0.125 0.134 0.569 0.958 362 0.05 12000 1000 1 500 111 1 0 1 1 1 0 0 -1 -1 3260.30876219794 2
"363" "Simulation_363" 1.963 0.082 0.25 0.061 1.824 0.505 363 0.05 12000 1000 1 500 111 1 0 1 0 1 1 -1 -1 -1 7249.04110238543 4
"364" "Simulation_364" 1.711 0.048 0.156 0.079 0.882 0.392 364 0.05 12000 1000 1 500 111 1 0 1 928 943 15 1 0.661610268378063 5 6806.88131891664 4
"365" "Simulation_365" 2.717 0.094 0.283 0.006 2.137 0.844 365 0.05 12000 1000 1 500 111 1 0 1 12 12 0 0 -1 -1 5124.00766474821 3
"366" "Simulation_366" 2.214 0.026 0.094 0.115 2.765 0.165 366 0.05 12000 1000 1 500 111 1 0 1 14 15 1 1 0.00116686114352392 -1 3319.15188492997 3
"367" "Simulation_367" 1.208 0.071 0.219 0.043 1.51 0.618 367 0.05 12000 1000 1 500 111 0 55 1 1372 1372 0 1 1 1365 377.933990179994 1
"368" "Simulation_368" 1.145 0.023 0.086 0.074 0.804 0.873 368 0.05 12000 1000 1 500 111 1 0 1 1 1 0 0 -1 -1 3717.36586068496 2
"369" "Simulation_369" 2.151 0.068 0.211 0.147 2.059 0.42 369 0.05 12000 1000 1 500 111 1 0 1 0 1 1 -1 -1 -1 6201.27327014718 4
"370" "Simulation_370" 2.654 0.046 0.15 0.038 2.686 0.646 370 0.05 12000 1000 1 500 111 1 0 1 0 1 1 -1 -1 -1 5287.03403632897 4
"371" "Simulation_371" 1.648 0.091 0.275 0.111 1.431 0.194 371 0.05 12000 1000 1 500 111 0 21 1 1108 1108 0 1 0.900233372228705 1108 1261.5992817761 1
"372" "Simulation_372" 1.9 0.034 0.117 0.056 3 0.307 372 0.05 12000 1000 1 500 111 1 0 1 0 1 1 -1 -1 -1 6001.45683811936 4
"373" "Simulation_373" 2.906 0.079 0.242 0.129 1.745 0.76 373 0.05 12000 1000 1 500 111 1 0 1 11 11 0 0 -1 -1 6976.78025068192 5
"374" "Simulation_374" 2.403 0.012 0.056 0.02 1.118 0.533 374 0.05 12000 1000 1 500 111 1 0 1 0 1 1 -1 -1 -1 8173.51066591469 4
"375" "Simulation_375" 1.397 0.057 0.181 0.093 2.373 0.986 375 0.05 12000 1000 1 500 111 1 0 1 177 177 0 1 0.991831971995333 145 1414.62782886732 1
"376" "Simulation_376" 1.271 0.051 0.164 0.12 1.902 0.929 376 0.05 12000 1000 1 500 111 1 0 1 0 1 1 -1 -1 -1 5573.84720028238 3
"377" "Simulation_377" 2.277 0.096 0.289 0.047 0.647 0.477 377 0.05 12000 1000 1 500 111 1 0 1 0 1 1 -1 -1 -1 5890.0560568283 4
"378" "Simulation_378" 2.78 0.029 0.103 0.083 1.275 0.703 378 0.05 12000 1000 1 500 111 1 0 1 0 1 1 -1 -1 -1 4534.26747022865 3
"379" "Simulation_379" 1.774 0.074 0.228 0.011 2.529 0.25 379 0.05 12000 1000 1 500 111 1 0 1 0 1 1 -1 -1 -1 7262.16251110698 4
"380" "Simulation_380" 1.523 0.017 0.069 0.138 1.588 0.137 380 0.05 12000 1000 1 500 111 1 0 1 0 1 1 -1 -1 -1 6409.71588185469 4
"381" "Simulation_381" 2.528 0.063 0.197 0.065 2.843 0.59 381 0.05 12000 1000 1 500 111 1 0 1 94 95 1 1 0.639439906651109 8 4907.93002319331 2
"382" "Simulation_382" 2.026 0.04 0.133 0.102 2.216 0.363 382 0.05 12000 1000 1 500 111 1 0 1 0 1 1 -1 -1 -1 8092.87339077891 4
"383" "Simulation_383" 1.02 0.085 0.258 0.029 0.961 0.816 383 0.05 12000 1000 1 500 111 1 0 1 7 7 0 0 -1 -1 7693.663607467 5
"384" "Simulation_384" 1.012 0.025 0.092 0.11 2.088 0.615 384 0.05 12000 1000 1 500 111 1 0 1 0 1 1 -1 -1 -1 6503.96016081309 4
"385" "Simulation_385" 2.018 0.07 0.217 0.037 0.833 0.162 385 0.05 12000 1000 1 500 111 1 0 1 669 685 16 0 -1 -1 8090.7678077329 5
"386" "Simulation_386" 2.521 0.047 0.153 0.147 1.461 0.841 386 0.05 12000 1000 1 500 111 1 0 1 0 1 1 -1 -1 -1 6271.08028541529 4
"387" "Simulation_387" 1.515 0.093 0.281 0.074 2.716 0.388 387 0.05 12000 1000 1 500 111 1 0 1 1 1 0 0 -1 -1 7570.46078859008 4
"388" "Simulation_388" 1.766 0.036 0.122 0.092 1.147 0.501 388 0.05 12000 1000 1 500 111 1 0 1 163 169 6 0 -1 -1 7060.89199313487 5
"389" "Simulation_389" 2.772 0.081 0.247 0.019 2.402 0.954 389 0.05 12000 1000 1 500 111 1 0 1 2 2 0 0 -1 -1 7928.54215853685 4
"390" "Simulation_390" 2.269 0.013 0.058 0.128 1.775 0.275 390 0.05 12000 1000 1 500 111 1 0 1 0 1 1 -1 -1 -1 3541.15357138862 3
"391" "Simulation_391" 1.263 0.059 0.186 0.056 0.52 0.728 391 0.05 12000 1000 1 500 111 1 0 1 1 1 0 0 -1 -1 6904.36081425899 5
"392" "Simulation_392" 1.389 0.053 0.169 0.01 0.99 0.671 392 0.05 12000 1000 1 500 111 1 0 1 2 2 0 0 -1 -1 4298.48634349225 2
"393" "Simulation_393" 2.395 0.098 0.294 0.083 2.245 0.218 393 0.05 12000 1000 1 500 111 1 0 1 0 1 1 -1 -1 -1 5404.74126903718 3
"394" "Simulation_394" 2.898 0.03 0.106 0.047 2.873 0.897 394 0.05 12000 1000 1 500 111 1 0 1 67 68 1 0 -1 -1 3887.21265792509 2
"395" "Simulation_395" 1.892 0.076 0.233 0.119 1.618 0.445 395 0.05 12000 1000 1 500 111 1 0 1 1002 1039 37 1 0.76487747957993 19 4959.91767498739 2
"396" "Simulation_396" 1.64 0.019 0.075 0.028 2.559 0.332 396 0.05 12000 1000 1 500 111 1 0 1 0 1 1 -1 -1 -1 5199.46963692579 4
"397" "Simulation_397" 2.646 0.064 0.2 0.101 1.304 0.784 397 0.05 12000 1000 1 500 111 1 0 1 0 1 1 -1 -1 -1 5686.71563430253 4
"398" "Simulation_398" 2.143 0.042 0.139 0.065 0.676 0.105 398 0.05 12000 1000 1 500 111 1 0 1 0 1 1 -1 -1 -1 6106.10250832712 4
"399" "Simulation_399" 1.138 0.087 0.264 0.137 1.931 0.558 399 0.05 12000 1000 1 500 111 0 50 1 3274 3379 105 1 0.858809801633606 57 5430.17439650655 4
"400" "Simulation_400" 1.2 0.039 0.131 0.124 2.794 0.813 400 0.05 12000 1000 1 500 111 0 13 1 2541 2554 13 1 0.701866977829638 318 2915.61477082575 3
"401" "Simulation_401" 2.206 0.084 0.256 0.051 1.539 0.36 401 0.05 12000 1000 1 500 111 1 0 1 16 16 0 0 -1 -1 3511.90713528612 2
"402" "Simulation_402" 2.709 0.016 0.067 0.087 0.912 0.586 402 0.05 12000 1000 1 500 111 1 0 1 0 1 1 -1 -1 -1 NA NA
"403" "Simulation_403" 1.703 0.061 0.192 0.015 2.167 0.134 403 0.05 12000 1000 1 500 111 1 0 1 2 2 0 0 -1 -1 4065.3642026683 3
"404" "Simulation_404" 1.955 0.028 0.1 0.142 0.598 0.247 404 0.05 12000 1000 1 500 111 1 0 1 0 1 1 -1 -1 -1 3784.02224213208 3
"405" "Simulation_405" 2.961 0.073 0.225 0.069 1.853 0.699 405 0.05 12000 1000 1 500 111 1 0 1 0 1 1 -1 -1 -1 6721.80222644619 4
"406" "Simulation_406" 2.458 0.05 0.161 0.106 2.48 0.473 406 0.05 12000 1000 1 500 111 1 0 1 0 1 1 -1 -1 -1 7206.06554818662 5
"407" "Simulation_407" 1.452 0.095 0.286 0.033 1.225 0.926 407 0.05 12000 1000 1 500 111 1 0 1 1 1 0 0 -1 -1 5679.68099048235 4
"408" "Simulation_408" 1.326 0.011 0.053 0.06 1.696 0.982 408 0.05 12000 1000 1 500 111 1 0 1 0 1 1 -1 -1 -1 6900.34181223033 5
"409" "Simulation_409" 2.332 0.056 0.178 0.133 2.951 0.53 409 0.05 12000 1000 1 500 111 1 0 1 0 1 1 -1 -1 -1 6872.62865614524 4
"410" "Simulation_410" 2.835 0.033 0.114 0.024 2.324 0.756 410 0.05 12000 1000 1 500 111 1 0 1 0 1 1 -1 -1 -1 6201.27327014718 4
"411" "Simulation_411" 1.829 0.078 0.239 0.097 1.069 0.303 411 0.05 12000 1000 1 500 111 1 0 1 0 1 1 -1 -1 -1 6044.48856772335 4
"412" "Simulation_412" 1.578 0.044 0.144 0.042 2.01 0.19 412 0.05 12000 1000 1 500 111 1 0 1 2 2 0 0 -1 -1 7291.7597869819 4
"413" "Simulation_413" 2.583 0.09 0.272 0.115 0.755 0.643 413 0.05 12000 1000 1 500 111 1 0 1 0 1 1 -1 -1 -1 6435.67926037934 4
"414" "Simulation_414" 2.081 0.022 0.083 0.006 1.382 0.417 414 0.05 12000 1000 1 500 111 1 0 1 0 1 1 -1 -1 -1 6331.73190400665 4
"415" "Simulation_415" 1.075 0.067 0.208 0.078 2.637 0.869 415 0.05 12000 1000 1 500 111 1 0 1 0 1 1 -1 -1 -1 5354.9555694667 4
"416" "Simulation_416" 1.106 0.049 0.158 0.031 0.716 0.289 416 0.05 12000 1000 1 500 111 0 6 1 2662 2682 20 0 -1 -1 8527.17288482609 4
"417" "Simulation_417" 2.112 0.094 0.283 0.103 1.971 0.742 417 0.05 12000 1000 1 500 111 1 0 1 49 49 0 0 -1 -1 3976.90221221983 3
"418" "Simulation_418" 2.615 0.026 0.094 0.067 2.598 0.516 418 0.05 12000 1000 1 500 111 1 0 1 0 1 1 -1 -1 -1 4891.43499578229 4
"419" "Simulation_419" 1.609 0.071 0.219 0.14 1.343 0.968 419 0.05 12000 1000 1 500 111 1 0 1 1 1 0 0 -1 -1 7452.64858718023 5
"420" "Simulation_420" 1.861 0.015 0.064 0.012 2.912 0.855 420 0.05 12000 1000 1 500 111 1 0 1 0 5 5 0 -1 -1 7682.52757283333 4
"421" "Simulation_421" 2.866 0.06 0.189 0.085 1.657 0.402 421 0.05 12000 1000 1 500 111 1 0 1 0 1 1 -1 -1 -1 6453.72721609218 4
"422" "Simulation_422" 2.363 0.037 0.125 0.049 1.029 0.629 422 0.05 12000 1000 1 500 111 1 0 1 0 1 1 -1 -1 -1 4203.95719164802 4
"423" "Simulation_423" 1.358 0.083 0.253 0.122 2.284 0.176 423 0.05 12000 1000 1 500 111 1 0 1 0 1 1 -1 -1 -1 5483.78593256906 4
"424" "Simulation_424" 1.483 0.032 0.111 0.094 1.814 0.119 424 0.05 12000 1000 1 500 111 1 0 1 18 22 4 0 -1 -1 4786.46681246907 2
"425" "Simulation_425" 2.489 0.077 0.236 0.021 0.559 0.572 425 0.05 12000 1000 1 500 111 1 0 1 1 1 0 0 -1 -1 4325.13807645779 4
"426" "Simulation_426" 2.992 0.054 0.172 0.131 1.186 0.346 426 0.05 12000 1000 1 500 111 1 0 1 0 1 1 -1 -1 -1 6493.42008411387 4
"427" "Simulation_427" 1.986 0.1 0.3 0.058 2.441 0.798 427 0.05 12000 1000 1 500 111 1 0 1 161 161 0 0 -1 -1 7771.92053322912 4
"428" "Simulation_428" 1.735 0.043 0.142 0.112 1.5 0.912 428 0.05 12000 1000 1 500 111 1 0 1 7 7 0 0 -1 -1 3647.80256600951 3
"429" "Simulation_429" 2.741 0.088 0.267 0.04 2.755 0.459 429 0.05 12000 1000 1 500 111 1 0 1 0 1 1 -1 -1 -1 6651.30709654461 4
"430" "Simulation_430" 2.238 0.02 0.078 0.149 2.127 0.685 430 0.05 12000 1000 1 500 111 1 0 1 5 6 1 0 -1 -1 4664.79241743922 1
"431" "Simulation_431" 1.232 0.066 0.206 0.076 0.873 0.233 431 0.05 12000 1000 1 500 111 0 77 1 2437 2555 118 1 0.737456242707118 15 8514.72128451011 5
"432" "Simulation_432" 1.169 0.018 0.072 0.044 1.422 0.487 432 0.05 12000 1000 1 500 111 1 0 1 0 1 1 -1 -1 -1 5686.93870729681 4
"433" "Simulation_433" 2.175 0.063 0.197 0.117 2.676 0.94 433 0.05 12000 1000 1 500 111 1 0 1 0 1 1 -1 -1 -1 5896.36245386403 4
"434" "Simulation_434" 2.678 0.04 0.133 0.008 2.049 0.261 434 0.05 12000 1000 1 500 111 1 0 1 108 108 0 1 0.639439906651109 24 2118.56297773511 2
"435" "Simulation_435" 1.672 0.086 0.261 0.081 0.794 0.714 435 0.05 12000 1000 1 500 111 1 0 1 1 1 0 0 -1 -1 5118.57742520554 2
"436" "Simulation_436" 1.923 0.052 0.167 0.062 2.363 0.6 436 0.05 12000 1000 1 500 111 1 0 1 810 845 35 1 0.0361726954492415 2 8350.40131659319 4
"437" "Simulation_437" 2.929 0.097 0.292 0.135 1.108 0.148 437 0.05 12000 1000 1 500 111 1 0 1 0 1 1 -1 -1 -1 5621.65068362802 2
"438" "Simulation_438" 2.426 0.029 0.103 0.026 1.735 0.827 438 0.05 12000 1000 1 500 111 1 0 1 79 81 2 1 0.569428238039673 4 4627.05860059961 3
"439" "Simulation_439" 1.42 0.074 0.228 0.099 2.99 0.374 439 0.05 12000 1000 1 500 111 1 0 1 0 1 1 -1 -1 -1 7194.37602704578 5
"440" "Simulation_440" 1.295 0.035 0.119 0.144 2.52 0.431 440 0.05 12000 1000 1 500 111 0 104 1 1499 1500 1 1 0.645274212368728 174 4891.89988236799 3
"441" "Simulation_441" 2.301 0.08 0.244 0.072 1.265 0.883 441 0.05 12000 1000 1 500 111 1 0 1 1 1 0 0 -1 -1 8839.35429714295 4
"442" "Simulation_442" 2.804 0.012 0.056 0.108 0.637 0.204 442 0.05 12000 1000 1 500 111 1 0 1 0 1 1 -1 -1 -1 6425.82632342049 4
"443" "Simulation_443" 1.798 0.057 0.181 0.035 1.892 0.657 443 0.05 12000 1000 1 500 111 1 0 1 0 1 1 -1 -1 -1 6825.03612122324 4
"444" "Simulation_444" 1.546 0.023 0.086 0.126 0.951 0.77 444 0.05 12000 1000 1 500 111 1 0 1 0 1 1 -1 -1 -1 7887.90225695683 4
"445" "Simulation_445" 2.552 0.069 0.214 0.053 2.206 0.317 445 0.05 12000 1000 1 500 111 1 0 1 1 1 0 0 -1 -1 4494.59467153628 3
"446" "Simulation_446" 2.049 0.046 0.15 0.09 2.833 0.996 446 0.05 12000 1000 1 500 111 1 0 1 0 1 1 -1 -1 -1 6723.89169004205 4
"447" "Simulation_447" 1.043 0.091 0.275 0.017 1.578 0.544 447 0.05 12000 1000 1 500 111 0 89 1 2419 2453 34 1 1 1403 2976.97637267771 3
"448" "Simulation_448" 1.028 0.037 0.125 0.073 1.951 0.367 448 0.05 12000 1000 1 500 111 0 180 1 1512 1512 0 1 0.648191365227538 238 3718.58811060291 2
"449" "Simulation_449" 2.033 0.082 0.25 0.145 0.696 0.82 449 0.05 12000 1000 1 500 111 1 0 1 1 1 0 0 -1 -1 5001.03736907651 4
"450" "Simulation_450" 2.536 0.014 0.061 0.036 1.324 0.141 450 0.05 12000 1000 1 500 111 1 0 1 48 48 0 0 -1 -1 4616.98461704759 3
"451" "Simulation_451" 1.53 0.059 0.186 0.109 2.578 0.593 451 0.05 12000 1000 1 500 111 1 0 1 0 1 1 -1 -1 -1 5222.69236801178 4
"452" "Simulation_452" 1.782 0.025 0.092 0.054 1.637 0.706 452 0.05 12000 1000 1 500 111 1 0 1 0 1 1 -1 -1 -1 7780.94737760025 4
"453" "Simulation_453" 2.788 0.071 0.219 0.127 2.892 0.254 453 0.05 12000 1000 1 500 111 1 0 1 0 1 1 -1 -1 -1 6579.61872395579 4
"454" "Simulation_454" 2.285 0.048 0.156 0.018 2.265 0.933 454 0.05 12000 1000 1 500 111 1 0 1 2 2 0 0 -1 -1 5602.49852250312 4
"455" "Simulation_455" 1.279 0.093 0.281 0.091 1.01 0.48 455 0.05 12000 1000 1 500 111 1 0 1 76 77 1 0 -1 -1 8633.67782723391 4
"456" "Simulation_456" 1.405 0.02 0.078 0.118 0.539 0.537 456 0.05 12000 1000 1 500 111 1 0 1 0 1 1 -1 -1 -1 1346.34248001217 1
"457" "Simulation_457" 2.411 0.065 0.203 0.045 1.794 0.989 457 0.05 12000 1000 1 500 111 1 0 1 2 2 0 0 -1 -1 8883.4528052252 4
"458" "Simulation_458" 2.914 0.042 0.139 0.082 2.422 0.31 458 0.05 12000 1000 1 500 111 1 0 1 0 1 1 -1 -1 -1 6902.03322527788 4
"459" "Simulation_459" 1.908 0.088 0.267 0.009 1.167 0.763 459 0.05 12000 1000 1 500 111 1 0 1 3 3 0 0 -1 -1 5015.2531854344 3
"460" "Simulation_460" 1.656 0.054 0.172 0.136 2.735 0.65 460 0.05 12000 1000 1 500 111 1 0 1 0 1 1 -1 -1 -1 5320.60704125542 4
"461" "Simulation_461" 2.662 0.099 0.297 0.064 1.48 0.197 461 0.05 12000 1000 1 500 111 1 0 1 51 51 0 1 0.841306884480747 51 2625.37636668082 2
"462" "Simulation_462" 2.159 0.031 0.108 0.1 0.853 0.876 462 0.05 12000 1000 1 500 111 1 0 1 0 1 1 -1 -1 -1 5664.15416839602 2
"463" "Simulation_463" 1.153 0.076 0.233 0.027 2.108 0.424 463 0.05 12000 1000 1 500 111 0 165 1 3050 3074 24 0 -1 -1 7062.43219176124 4
"464" "Simulation_464" 1.216 0.028 0.1 0.023 2.657 0.169 464 0.05 12000 1000 1 500 111 0 35 1 1840 1849 9 1 0.00175029171528588 16 4399.78559072239 3
"465" "Simulation_465" 2.222 0.073 0.225 0.095 1.402 0.622 465 0.05 12000 1000 1 500 111 1 0 1 43 43 0 0 -1 -1 3886.44739626873 2
"466" "Simulation_466" 2.725 0.051 0.164 0.059 0.775 0.395 466 0.05 12000 1000 1 500 111 1 0 1 0 1 1 -1 -1 -1 7459.57279349413 4
"467" "Simulation_467" 1.719 0.096 0.289 0.132 2.029 0.848 467 0.05 12000 1000 1 500 111 1 0 1 24 25 1 0 -1 -1 6964.47926558829 4
"468" "Simulation_468" 1.971 0.04 0.133 0.041 1.088 0.961 468 0.05 12000 1000 1 500 111 1 0 1 0 1 1 -1 -1 -1 5850.52155572914 4
"469" "Simulation_469" 2.976 0.085 0.258 0.114 2.343 0.508 469 0.05 12000 1000 1 500 111 1 0 1 0 1 1 -1 -1 -1 6429.04755280681 4
"470" "Simulation_470" 2.473 0.017 0.069 0.077 2.971 0.735 470 0.05 12000 1000 1 500 111 1 0 1 286 299 13 0 -1 -1 4667.76282410585 3
"471" "Simulation_471" 1.468 0.062 0.194 0.15 1.716 0.282 471 0.05 12000 1000 1 500 111 1 0 1 0 1 1 -1 -1 -1 7313.75762188606 4
"472" "Simulation_472" 1.342 0.045 0.147 0.105 1.245 0.226 472 0.05 12000 1000 1 500 111 1 0 1 342 342 0 1 0.180863477246208 31 3647.80256600951 2
"473" "Simulation_473" 2.348 0.09 0.272 0.032 2.5 0.678 473 0.05 12000 1000 1 500 111 1 0 1 0 1 1 -1 -1 -1 5001.03736907651 4
"474" "Simulation_474" 2.851 0.023 0.086 0.141 1.873 0.452 474 0.05 12000 1000 1 500 111 1 0 1 50 52 2 1 0.0338389731621937 4 3975.51566463332 3
"475" "Simulation_475" 1.845 0.068 0.211 0.068 0.618 0.905 475 0.05 12000 1000 1 500 111 1 0 1 1 1 0 0 -1 -1 5467.90821334616 4
"476" "Simulation_476" 1.593 0.011 0.053 0.086 2.186 0.791 476 0.05 12000 1000 1 500 111 1 0 1 0 1 1 -1 -1 -1 4515.86349942213 3
"477" "Simulation_477" 2.599 0.057 0.181 0.014 0.931 0.339 477 0.05 12000 1000 1 500 111 1 0 1 0 1 1 -1 -1 -1 9053.56874977137 4
"478" "Simulation_478" 2.096 0.034 0.117 0.123 1.559 0.565 478 0.05 12000 1000 1 500 111 1 0 1 391 393 2 1 0.614352392065344 35 4664.79241743922 1
"479" "Simulation_479" 1.09 0.079 0.242 0.05 2.814 0.112 479 0.05 12000 1000 1 500 111 1 0 1 9 9 0 1 0.715285880980163 4 3172.69936803042 3
"480" "Simulation_480" 1.059 0.013 0.058 0.134 0.814 0.919 480 0.05 12000 1000 1 500 111 1 0 1 0 1 1 -1 -1 -1 5121.4636864265 4
"481" "Simulation_481" 2.065 0.058 0.183 0.061 2.069 0.466 481 0.05 12000 1000 1 500 111 1 0 1 0 1 1 -1 -1 -1 6525.60257204613 4
"482" "Simulation_482" 2.568 0.035 0.119 0.098 2.696 0.692 482 0.05 12000 1000 1 500 111 1 0 1 0 1 1 -1 -1 -1 5253.79958759889 2
"483" "Simulation_483" 1.562 0.081 0.247 0.025 1.441 0.24 483 0.05 12000 1000 1 500 111 1 0 1 0 1 1 -1 -1 -1 5552.40578262019 4
"484" "Simulation_484" 1.813 0.047 0.153 0.116 2.382 0.127 484 0.05 12000 1000 1 500 111 1 0 1 0 1 1 -1 -1 -1 6080.81896994182 4
"485" "Simulation_485" 2.819 0.092 0.278 0.043 1.127 0.579 485 0.05 12000 1000 1 500 111 1 0 1 0 1 1 -1 -1 -1 5816.71428506372 4
"486" "Simulation_486" 2.316 0.024 0.089 0.079 0.5 0.353 486 0.05 12000 1000 1 500 111 1 0 1 0 1 1 -1 -1 -1 5301.26941047859 3
"487" "Simulation_487" 1.31 0.069 0.214 0.007 1.755 0.806 487 0.05 12000 1000 1 500 111 1 0 1 474 475 1 1 0.988331388564761 360 3830.93110583904 3
"488" "Simulation_488" 1.436 0.041 0.136 0.052 2.225 0.862 488 0.05 12000 1000 1 500 111 1 0 1 145 147 2 0 -1 -1 4018.69720531727 3
"489" "Simulation_489" 2.442 0.086 0.261 0.125 0.971 0.409 489 0.05 12000 1000 1 500 111 1 0 1 0 1 1 -1 -1 -1 5222.69236801178 4
"490" "Simulation_490" 2.945 0.018 0.072 0.016 1.598 0.636 490 0.05 12000 1000 1 500 111 1 0 1 0 1 1 -1 -1 -1 7237.70001260968 4
"491" "Simulation_491" 1.939 0.064 0.2 0.089 2.853 0.183 491 0.05 12000 1000 1 500 111 1 0 1 1 1 0 0 -1 -1 4704.44828943885 4
"492" "Simulation_492" 1.688 0.03 0.106 0.07 1.284 0.296 492 0.05 12000 1000 1 500 111 1 0 1 1742 1760 18 1 0.58343057176196 90 3473.4809946997 2
"493" "Simulation_493" 2.694 0.075 0.231 0.143 2.539 0.749 493 0.05 12000 1000 1 500 111 1 0 1 0 1 1 -1 -1 -1 4619.86342926407 4
"494" "Simulation_494" 2.191 0.052 0.167 0.034 1.912 0.523 494 0.05 12000 1000 1 500 111 1 0 1 0 1 1 -1 -1 -1 5818.89825030655 4
"495" "Simulation_495" 1.185 0.098 0.294 0.107 0.657 0.975 495 0.05 12000 1000 1 500 111 1 0 1 1 1 0 0 -1 -1 5151.61607717946 3
"496" "Simulation_496" 1.122 0.049 0.158 0.084 1.52 0.721 496 0.05 12000 1000 1 500 111 1 0 1 0 1 1 -1 -1 -1 6672.39080605025 4
"497" "Simulation_497" 2.128 0.095 0.286 0.011 2.775 0.268 497 0.05 12000 1000 1 500 111 0 31 1 1259 1259 0 1 0.900233372228705 1259 2579.66459828706 2
"498" "Simulation_498" 2.631 0.027 0.097 0.12 2.147 0.947 498 0.05 12000 1000 1 500 111 1 0 1 59 59 0 1 0.568261376896149 7 3904.43543601787 3
"499" "Simulation_499" 1.625 0.072 0.222 0.048 0.892 0.494 499 0.05 12000 1000 1 500 111 1 0 1 15 16 1 0 -1 -1 2467.11446287283 2
"500" "Simulation_500" 1.876 0.015 0.064 0.102 1.833 0.381 500 0.05 12000 1000 1 500 111 1 0 1 0 1 1 -1 -1 -1 6496.55457097068 4
