Sim_index	S	omega_T	omega_P	sigma_e	disp_shape	disp_scale	seed	max_species	max_coex_sp	start_species	init_ab	grid_cell_distance	finished	final_timestep	initial_nb_species	final_nb_species	sp_events	ex_events
Simulation_1	1.998	0.055	0.175	0.078	1.75	0.549	1	12000	1000	1	500	111	0	4726	1	4833	4894	61
Simulation_2	2.501	0.032	0.111	0.041	2.377	0.323	2	12000	1000	1	500	111	0	4396	1	1035	1035	0
Simulation_3	1.495	0.078	0.239	0.114	1.123	0.775	3	12000	1000	1	500	111	0	4341	1	1590	1590	0
Simulation_4	1.747	0.044	0.144	0.023	2.691	0.889	4	12000	1000	1	500	111	0	3685	1	2973	3103	130
Simulation_5	2.752	0.089	0.269	0.096	1.436	0.436	5	12000	1000	1	500	111	0	4600	1	3583	3588	5
Simulation_6	2.25	0.021	0.081	0.059	0.809	0.662	6	12000	1000	1	500	111	0	4450	1	2475	2594	119
Simulation_7	1.244	0.066	0.206	0.132	2.064	0.21	7	12000	1000	1	500	111	1	0	1	0	1	1
Simulation_8	1.369	0.038	0.128	0.105	1.907	0.266	8	12000	1000	1	500	111	1	0	1	0	1	1
Simulation_9	2.375	0.083	0.253	0.032	0.652	0.719	9	12000	1000	1	500	111	1	0	1	1	1	0
Simulation_10	2.878	0.015	0.064	0.141	1.279	0.493	10	12000	1000	1	500	111	0	4617	1	3879	4151	272
Simulation_11	1.872	0.061	0.192	0.068	2.534	0.945	11	12000	1000	1	500	111	0	4119	1	2487	2496	9
Simulation_12	1.621	0.027	0.097	0.087	1.593	0.832	12	12000	1000	1	500	111	0	4668	1	3127	3207	80
Simulation_13	2.627	0.072	0.222	0.014	2.848	0.379	13	12000	1000	1	500	111	1	0	1	0	1	1
Simulation_14	2.124	0.049	0.158	0.123	2.221	0.606	14	12000	1000	1	500	111	0	4709	1	4594	4709	115
Simulation_15	1.118	0.095	0.286	0.05	0.966	0.153	15	12000	1000	1	500	111	0	4797	1	3495	3497	2
Simulation_16	1.181	0.052	0.167	0.064	1.201	0.408	16	12000	1000	1	500	111	0	4803	1	4501	4550	49
Simulation_17	2.187	0.097	0.292	0.137	2.456	0.86	17	12000	1000	1	500	111	0	4555	1	2929	2932	3
Simulation_18	2.69	0.029	0.103	0.027	1.828	0.181	18	12000	1000	1	500	111	1	0	1	2	3	1
Simulation_19	1.684	0.075	0.231	0.1	0.574	0.634	19	12000	1000	1	500	111	0	0	0	0	0	0
Simulation_20	1.935	0.018	0.072	0.046	2.142	0.747	20	12000	1000	1	500	111	0	0	0	0	0	0
Simulation_21	2.941	0.063	0.197	0.118	0.887	0.294	21	12000	1000	1	500	111	0	0	0	0	0	0
Simulation_22	2.438	0.041	0.136	0.009	1.515	0.973	22	12000	1000	1	500	111	0	0	0	0	0	0
Simulation_23	1.432	0.086	0.261	0.082	2.77	0.521	23	12000	1000	1	500	111	0	0	0	0	0	0
Simulation_24	1.306	0.024	0.089	0.128	2.613	0.464	24	12000	1000	1	500	111	0	0	0	0	0	0
Simulation_25	2.312	0.069	0.214	0.055	1.358	0.917	25	12000	1000	1	500	111	0	0	0	0	0	0
Simulation_26	2.815	0.046	0.15	0.091	0.73	0.238	26	12000	1000	1	500	111	0	0	0	0	0	0
Simulation_27	1.809	0.092	0.278	0.018	1.985	0.691	27	12000	1000	1	500	111	0	0	0	0	0	0
Simulation_28	1.558	0.035	0.119	0.146	1.044	0.577	28	12000	1000	1	500	111	0	0	0	0	0	0
Simulation_29	2.564	0.08	0.244	0.073	2.299	0.125	29	12000	1000	1	500	111	0	0	0	0	0	0
Simulation_30	2.061	0.012	0.056	0.109	2.926	0.804	30	12000	1000	1	500	111	0	0	0	0	0	0
Simulation_31	1.055	0.058	0.183	0.037	1.672	0.351	31	12000	1000	1	500	111	1	0	1	0	1	1
Simulation_32	1.086	0.034	0.117	0.089	2.26	0.676	32	12000	1000	1	500	111	0	4831	1	4885	4915	30
Simulation_33	2.092	0.079	0.242	0.016	1.005	0.224	33	12000	1000	1	500	111	0	4703	1	3455	3633	178
Simulation_34	2.595	0.011	0.053	0.125	1.632	0.903	34	12000	1000	1	500	111	0	4436	1	2612	3091	479
Simulation_35	1.589	0.056	0.178	0.052	2.887	0.45	35	12000	1000	1	500	111	0	4596	1	1291	1291	0
Simulation_36	1.841	0.022	0.083	0.107	1.319	0.337	36	12000	1000	1	500	111	0	4742	1	5103	5563	460
Simulation_37	2.847	0.068	0.211	0.034	2.574	0.79	37	12000	1000	1	500	111	0	4585	1	2045	2070	25
Simulation_38	2.344	0.045	0.147	0.143	1.946	0.111	38	12000	1000	1	500	111	1	0	1	0	1	1
Simulation_39	1.338	0.09	0.272	0.071	0.691	0.563	39	12000	1000	1	500	111	0	0	0	0	0	0
Simulation_40	1.464	0.017	0.069	0.025	0.848	0.62	40	12000	1000	1	500	111	0	0	0	0	0	0
Simulation_41	2.47	0.062	0.194	0.098	2.103	0.167	41	12000	1000	1	500	111	0	0	0	0	0	0
Simulation_42	2.972	0.039	0.131	0.062	2.73	0.846	42	12000	1000	1	500	111	0	0	0	0	0	0
Simulation_43	1.967	0.085	0.258	0.134	1.475	0.394	43	12000	1000	1	500	111	0	0	0	0	0	0
Simulation_44	1.715	0.051	0.164	0.007	2.417	0.507	44	12000	1000	1	500	111	0	0	0	0	0	0
Simulation_45	2.721	0.096	0.289	0.08	1.162	0.959	45	12000	1000	1	500	111	0	0	0	0	0	0
Simulation_46	2.218	0.028	0.1	0.043	0.534	0.28	46	12000	1000	1	500	111	0	4243	1	1604	1657	53
Simulation_47	1.212	0.073	0.225	0.116	1.789	0.733	47	12000	1000	1	500	111	0	4722	1	3790	3803	13
Simulation_48	1.149	0.031	0.108	0.148	2.966	0.988	48	12000	1000	1	500	111	0	4747	1	2250	2296	46
Simulation_49	2.155	0.076	0.233	0.075	1.711	0.535	49	12000	1000	1	500	111	0	4668	1	3508	3570	62
Simulation_50	2.658	0.053	0.169	0.112	1.083	0.761	50	12000	1000	1	500	111	0	3152	1	1396	1396	0
Simulation_51	1.652	0.099	0.297	0.039	2.338	0.309	51	12000	1000	1	500	111	1	0	1	0	1	1
Simulation_52	1.904	0.042	0.139	0.13	0.77	0.195	52	12000	1000	1	500	111	0	4706	1	1981	1998	17
Simulation_53	2.91	0.087	0.264	0.057	2.025	0.648	53	12000	1000	1	500	111	0	4591	1	2187	2195	8
Simulation_54	2.407	0.02	0.078	0.093	2.652	0.422	54	12000	1000	1	500	111	1	0	1	0	1	1
Simulation_55	1.401	0.065	0.203	0.021	1.397	0.874	55	12000	1000	1	500	111	0	4413	1	1373	1380	7
Simulation_56	1.275	0.048	0.156	0.048	1.554	0.818	56	12000	1000	1	500	111	0	4515	1	2869	2945	76
Simulation_57	2.281	0.093	0.281	0.121	2.809	0.365	57	12000	1000	1	500	111	1	0	1	1	1	0
Simulation_58	2.784	0.025	0.092	0.012	2.181	0.592	58	12000	1000	1	500	111	0	4710	1	3456	3601	145
Simulation_59	1.778	0.07	0.217	0.084	0.926	0.139	59	12000	1000	1	500	111	0	4674	1	5204	5309	105
Simulation_60	1.527	0.014	0.061	0.066	1.868	0.252	60	12000	1000	1	500	111	1	0	1	0	1	1
Simulation_61	2.532	0.059	0.186	0.139	0.613	0.705	61	12000	1000	1	500	111	1	0	1	16	16	0
Simulation_62	2.029	0.037	0.125	0.03	1.24	0.478	62	12000	1000	1	500	111	0	4689	1	2672	2766	94
Simulation_63	1.024	0.082	0.25	0.103	2.495	0.931	63	12000	1000	1	500	111	0	4624	1	2245	2246	1
Simulation_64	1.039	0.046	0.15	0.122	1.025	0.882	64	12000	1000	1	500	111	0	4729	1	1507	1540	33
Simulation_65	2.045	0.091	0.275	0.049	2.279	0.429	65	12000	1000	1	500	111	0	4620	1	4455	4455	0
Simulation_66	2.548	0.023	0.086	0.085	2.907	0.655	66	12000	1000	1	500	111	1	0	1	0	1	1
Simulation_67	1.542	0.068	0.211	0.013	1.652	0.203	67	12000	1000	1	500	111	1	0	1	3	3	0
Simulation_68	1.794	0.012	0.056	0.14	2.593	0.316	68	12000	1000	1	500	111	1	0	1	0	1	1
Simulation_69	2.8	0.057	0.181	0.067	1.338	0.768	69	12000	1000	1	500	111	0	3976	1	1743	1744	1
Simulation_70	2.297	0.034	0.117	0.104	0.711	0.542	70	12000	1000	1	500	111	0	3432	1	1217	1231	14
Simulation_71	1.291	0.08	0.244	0.031	1.966	0.995	71	12000	1000	1	500	111	0	4379	1	1734	1737	3
Simulation_72	1.417	0.029	0.103	0.076	2.123	0.938	72	12000	1000	1	500	111	0	4670	1	3655	3721	66
Simulation_73	2.422	0.074	0.228	0.149	0.868	0.485	73	12000	1000	1	500	111	0	4348	1	2333	2333	0
Simulation_74	2.925	0.051	0.164	0.04	1.495	0.712	74	12000	1000	1	500	111	0	4331	1	2037	2092	55
Simulation_75	1.919	0.097	0.292	0.113	2.75	0.259	75	12000	1000	1	500	111	0	2286	1	1423	1448	25
Simulation_76	1.668	0.04	0.133	0.058	1.181	0.146	76	12000	1000	1	500	111	0	4739	1	1632	1632	0
Simulation_77	2.674	0.085	0.258	0.131	2.436	0.599	77	12000	1000	1	500	111	0	4557	1	5347	5350	3
Simulation_78	2.171	0.017	0.069	0.022	1.809	0.372	78	12000	1000	1	500	111	1	0	1	0	1	1
Simulation_79	1.165	0.063	0.197	0.095	0.554	0.825	79	12000	1000	1	500	111	0	2862	1	1030	1030	0
Simulation_80	1.228	0.02	0.078	0.099	1.73	0.57	80	12000	1000	1	500	111	0	4813	1	5853	6195	342
Simulation_81	2.234	0.066	0.206	0.026	2.985	0.118	81	12000	1000	1	500	111	1	0	1	0	1	1
Simulation_82	2.737	0.043	0.142	0.136	2.358	0.797	82	12000	1000	1	500	111	0	4639	1	4075	4102	27
Simulation_83	1.731	0.088	0.267	0.063	1.103	0.344	83	12000	1000	1	500	111	0	4709	1	4210	4366	156
Simulation_84	1.982	0.054	0.172	0.081	2.044	0.457	84	12000	1000	1	500	111	0	4756	1	4155	4236	81
Simulation_85	2.988	0.099	0.297	0.008	0.789	0.91	85	12000	1000	1	500	111	1	0	1	1	1	0
Simulation_86	2.485	0.032	0.111	0.117	1.417	0.231	86	12000	1000	1	500	111	0	4042	1	3648	3672	24
Simulation_87	1.479	0.077	0.236	0.045	2.672	0.683	87	12000	1000	1	500	111	0	4718	1	3927	4136	209
Simulation_88	1.354	0.037	0.125	0.017	2.828	0.74	88	12000	1000	1	500	111	0	4751	1	2902	3075	173
Simulation_89	2.36	0.082	0.25	0.09	1.574	0.287	89	12000	1000	1	500	111	0	4687	1	4848	4853	5
Simulation_90	2.862	0.015	0.064	0.054	0.946	0.966	90	12000	1000	1	500	111	0	4421	1	1858	1981	123
Simulation_91	1.857	0.06	0.189	0.126	2.201	0.514	91	12000	1000	1	500	111	0	4746	1	6635	6805	170
Simulation_92	1.605	0.026	0.094	0.035	0.632	0.401	92	12000	1000	1	500	111	0	4406	1	1628	1841	213
Simulation_93	2.611	0.071	0.219	0.108	1.887	0.853	93	12000	1000	1	500	111	0	4226	1	2021	2024	3
Simulation_94	2.108	0.049	0.158	0.072	2.515	0.174	94	12000	1000	1	500	111	1	0	1	1	1	0
Simulation_95	1.102	0.094	0.283	0.145	1.26	0.627	95	12000	1000	1	500	111	0	4720	1	3063	3068	5
Simulation_96	1.071	0.022	0.083	0.056	1.77	0.528	96	12000	1000	1	500	111	1	0	1	0	1	1
Simulation_97	2.077	0.067	0.208	0.129	0.515	0.981	97	12000	1000	1	500	111	0	3034	1	1052	1053	1
Simulation_98	2.58	0.044	0.144	0.02	1.142	0.302	98	12000	1000	1	500	111	0	4673	1	2359	2421	62
Simulation_99	1.574	0.09	0.272	0.092	2.397	0.754	99	12000	1000	1	500	111	0	4656	1	3169	3188	19
Simulation_100	1.825	0.033	0.114	0.074	1.456	0.641	100	12000	1000	1	500	111	0	4682	1	4314	4446	132
Simulation_101	2.831	0.078	0.239	0.147	2.711	0.188	101	12000	1000	1	500	111	0	4249	1	1496	1509	13
Simulation_102	2.328	0.01	0.05	0.038	2.083	0.867	102	12000	1000	1	500	111	0	4539	1	3758	3950	192
Simulation_103	1.322	0.056	0.178	0.11	0.828	0.415	103	12000	1000	1	500	111	0	4715	1	4188	4254	66
Simulation_104	1.448	0.05	0.161	0.138	0.672	0.358	104	12000	1000	1	500	111	0	4498	1	3020	3044	24
Simulation_105	2.454	0.095	0.286	0.065	1.926	0.811	105	12000	1000	1	500	111	0	4366	1	1805	1815	10
Simulation_106	2.957	0.027	0.097	0.101	2.554	0.132	106	12000	1000	1	500	111	1	0	1	0	1	1
Simulation_107	1.951	0.073	0.225	0.029	1.299	0.584	107	12000	1000	1	500	111	0	4551	1	1843	1872	29
Simulation_108	1.699	0.016	0.067	0.12	2.868	0.698	108	12000	1000	1	500	111	0	4807	1	3808	4071	263
Simulation_109	2.705	0.061	0.192	0.047	1.613	0.245	109	12000	1000	1	500	111	1	0	1	0	1	1
Simulation_110	2.202	0.039	0.131	0.083	0.985	0.924	110	12000	1000	1	500	111	0	905	1	1089	1111	22
Simulation_111	1.196	0.084	0.256	0.01	2.24	0.471	111	12000	1000	1	500	111	0	4806	1	4465	4508	43
Simulation_112	1.134	0.041	0.136	0.033	2.475	0.217	112	12000	1000	1	500	111	1	0	1	1	1	0
Simulation_113	2.139	0.087	0.264	0.106	1.221	0.669	113	12000	1000	1	500	111	0	4486	1	1640	1642	2
Simulation_114	2.642	0.019	0.075	0.07	0.593	0.443	114	12000	1000	1	500	111	0	4266	1	1920	1999	79
Simulation_115	1.637	0.064	0.2	0.142	1.848	0.896	115	12000	1000	1	500	111	0	4468	1	2796	2806	10
Simulation_116	1.888	0.03	0.106	0.015	0.907	0.783	116	12000	1000	1	500	111	0	3945	1	1487	1572	85
Simulation_117	2.894	0.075	0.231	0.088	2.162	0.33	117	12000	1000	1	500	111	0	1664	1	1965	2027	62
Simulation_118	2.391	0.053	0.169	0.051	2.789	0.556	118	12000	1000	1	500	111	0	4591	1	4110	4119	9
Simulation_119	1.385	0.098	0.294	0.124	1.534	0.104	119	12000	1000	1	500	111	1	0	1	1	1	0
Simulation_120	1.259	0.013	0.058	0.079	1.377	0.16	120	12000	1000	1	500	111	1	0	1	0	1	1
Simulation_121	2.265	0.058	0.183	0.006	2.632	0.613	121	12000	1000	1	500	111	0	4622	1	2989	3059	70
Simulation_122	2.768	0.036	0.122	0.115	2.005	0.386	122	12000	1000	1	500	111	1	0	1	0	1	1
Simulation_123	1.762	0.081	0.247	0.042	0.75	0.839	123	12000	1000	1	500	111	1	0	1	1	1	0
Simulation_124	1.511	0.047	0.153	0.097	2.319	0.952	124	12000	1000	1	500	111	0	4354	1	3406	3444	38
Simulation_125	2.517	0.092	0.278	0.024	1.064	0.5	125	12000	1000	1	500	111	0	4555	1	1495	1501	6
Simulation_126	2.014	0.024	0.089	0.133	1.691	0.726	126	12000	1000	1	500	111	1	0	1	0	1	1
Simulation_127	1.008	0.07	0.217	0.06	2.946	0.273	127	12000	1000	1	500	111	0	4027	1	1066	1068	2
Simulation_128	1.016	0.04	0.133	0.142	1.662	0.475	128	12000	1000	1	500	111	0	4832	1	8011	8047	36
Simulation_129	2.022	0.085	0.258	0.069	2.917	0.928	129	12000	1000	1	500	111	0	4331	1	1867	1871	4
Simulation_130	2.525	0.017	0.069	0.105	2.289	0.249	130	12000	1000	1	500	111	1	0	1	0	1	1
Simulation_131	1.519	0.062	0.194	0.033	1.034	0.701	131	12000	1000	1	500	111	0	4003	1	1471	1475	4
Simulation_132	1.77	0.028	0.1	0.124	1.975	0.588	132	12000	1000	1	500	111	0	4802	1	3337	3409	72
Simulation_133	2.776	0.074	0.228	0.051	0.721	0.135	133	12000	1000	1	500	111	0	4571	1	5004	5072	68
Simulation_134	2.273	0.051	0.164	0.087	1.348	0.814	134	12000	1000	1	500	111	0	4281	1	2802	2814	12
Simulation_135	1.267	0.096	0.289	0.014	2.603	0.362	135	12000	1000	1	500	111	0	3412	1	1011	1011	0
Simulation_136	1.393	0.011	0.053	0.042	2.76	0.418	136	12000	1000	1	500	111	1	0	1	0	1	1
Simulation_137	2.399	0.057	0.181	0.114	1.505	0.871	137	12000	1000	1	500	111	0	3989	1	2232	2237	5
Simulation_138	2.902	0.034	0.117	0.005	0.877	0.192	138	12000	1000	1	500	111	0	4608	1	3712	3843	131
Simulation_139	1.896	0.079	0.242	0.078	2.132	0.645	139	12000	1000	1	500	111	0	4669	1	3986	4037	51
Simulation_140	1.644	0.045	0.147	0.06	0.564	0.758	140	12000	1000	1	500	111	1	0	1	1	1	0
Simulation_141	2.65	0.091	0.275	0.133	1.819	0.305	141	12000	1000	1	500	111	0	4047	1	5657	5658	1
Simulation_142	2.147	0.023	0.086	0.023	2.446	0.984	142	12000	1000	1	500	111	1	0	1	0	1	1
Simulation_143	1.141	0.068	0.211	0.096	1.191	0.531	143	12000	1000	1	500	111	0	4753	1	4982	5047	65
Simulation_144	1.204	0.026	0.094	0.092	1.113	0.277	144	12000	1000	1	500	111	1	0	1	0	1	1
Simulation_145	2.21	0.071	0.219	0.019	2.368	0.729	145	12000	1000	1	500	111	0	4634	1	2425	2523	98
Simulation_146	2.713	0.048	0.156	0.128	2.995	0.503	146	12000	1000	1	500	111	0	4314	1	6536	6744	208
Simulation_147	1.707	0.093	0.281	0.055	1.74	0.956	147	12000	1000	1	500	111	0	3965	1	1274	1276	2
Simulation_148	1.959	0.037	0.125	0.11	2.681	0.843	148	12000	1000	1	500	111	0	4691	1	4337	4453	116
Simulation_149	2.965	0.082	0.25	0.037	1.426	0.39	149	12000	1000	1	500	111	0	4570	1	4274	4426	152
Simulation_150	2.462	0.014	0.061	0.146	0.799	0.616	150	12000	1000	1	500	111	0	4340	1	4748	5401	653
Simulation_151	1.456	0.06	0.189	0.074	2.054	0.164	151	12000	1000	1	500	111	0	4447	1	1189	1190	1
Simulation_152	1.33	0.054	0.172	0.028	2.211	0.107	152	12000	1000	1	500	111	0	4605	1	1178	1179	1
Simulation_153	2.336	0.099	0.297	0.101	0.956	0.56	153	12000	1000	1	500	111	0	4181	1	1261	1261	0
Simulation_154	2.839	0.031	0.108	0.064	1.583	0.333	154	12000	1000	1	500	111	1	0	1	0	1	1
Simulation_155	1.833	0.076	0.233	0.137	2.838	0.786	155	12000	1000	1	500	111	0	4651	1	3539	3561	22
Simulation_156	1.582	0.02	0.078	0.01	1.27	0.899	156	12000	1000	1	500	111	0	4470	1	2045	2497	452
Simulation_157	2.587	0.065	0.203	0.083	2.525	0.447	157	12000	1000	1	500	111	0	4461	1	4137	4138	1
Simulation_158	2.084	0.043	0.142	0.046	1.897	0.673	158	12000	1000	1	500	111	0	4661	1	2788	2815	27
Simulation_159	1.079	0.088	0.267	0.119	0.642	0.22	159	12000	1000	1	500	111	0	4781	1	2989	2993	4
Simulation_160	1.11	0.016	0.067	0.062	2.407	0.828	160	12000	1000	1	500	111	0	4767	1	2964	3010	46
Simulation_161	2.116	0.061	0.192	0.135	1.152	0.376	161	12000	1000	1	500	111	0	4712	1	6555	6687	132
Simulation_162	2.619	0.038	0.128	0.026	0.525	0.602	162	12000	1000	1	500	111	1	0	1	312	312	0
Simulation_163	1.613	0.084	0.256	0.099	1.779	0.15	163	12000	1000	1	500	111	1	0	1	0	1	1
Simulation_164	1.864	0.05	0.161	0.044	0.838	0.263	164	12000	1000	1	500	111	0	4683	1	4400	4892	492
Simulation_165	2.87	0.095	0.286	0.117	2.093	0.715	165	12000	1000	1	500	111	0	4552	1	2447	2447	0
Simulation_166	2.367	0.027	0.097	0.008	2.721	0.489	166	12000	1000	1	500	111	0	4437	1	1761	1765	4
Simulation_167	1.361	0.072	0.222	0.08	1.466	0.942	167	12000	1000	1	500	111	0	4309	1	1191	1191	0
Simulation_168	1.487	0.033	0.114	0.126	1.309	0.998	168	12000	1000	1	500	111	0	4136	1	3292	3365	73
Simulation_169	2.493	0.078	0.239	0.053	2.564	0.546	169	12000	1000	1	500	111	0	4714	1	2866	2909	43
Simulation_170	2.996	0.01	0.05	0.089	1.936	0.772	170	12000	1000	1	500	111	0	4561	1	1960	2147	187
Simulation_171	1.99	0.055	0.175	0.017	0.681	0.319	171	12000	1000	1	500	111	0	4128	1	1322	1665	343
Simulation_172	1.739	0.021	0.081	0.144	2.25	0.206	172	12000	1000	1	500	111	0	4620	1	2462	2472	10
Simulation_173	2.745	0.067	0.208	0.071	0.995	0.659	173	12000	1000	1	500	111	0	3476	1	1233	1234	1
Simulation_174	2.242	0.044	0.144	0.108	1.623	0.432	174	12000	1000	1	500	111	0	4698	1	5038	5296	258
Simulation_175	1.236	0.089	0.269	0.035	2.877	0.885	175	12000	1000	1	500	111	0	4636	1	2050	2068	18
Simulation_176	1.173	0.047	0.153	0.012	1.858	0.63	176	12000	1000	1	500	111	0	4494	1	1458	2490	1032
Simulation_177	2.179	0.092	0.278	0.085	0.603	0.178	177	12000	1000	1	500	111	0	4617	1	1918	1919	1
Simulation_178	2.682	0.024	0.089	0.048	1.23	0.857	178	12000	1000	1	500	111	0	4481	1	2557	2816	259
Simulation_179	1.676	0.069	0.214	0.121	2.485	0.404	179	12000	1000	1	500	111	0	2249	1	5187	5188	1
Simulation_180	1.927	0.013	0.058	0.03	1.544	0.517	180	12000	1000	1	500	111	0	4656	1	1771	1822	51
Simulation_181	2.933	0.058	0.183	0.103	2.799	0.97	181	12000	1000	1	500	111	0	4006	1	2429	2433	4
Simulation_182	2.43	0.035	0.119	0.067	2.172	0.291	182	12000	1000	1	500	111	1	0	1	0	1	1
Simulation_183	1.424	0.081	0.247	0.139	0.917	0.744	183	12000	1000	1	500	111	0	3686	1	1863	1888	25
Simulation_184	1.299	0.03	0.106	0.112	0.76	0.687	184	12000	1000	1	500	111	0	4093	1	1356	1373	17
Simulation_185	2.305	0.075	0.231	0.039	2.015	0.234	185	12000	1000	1	500	111	1	0	1	1	1	0
Simulation_186	2.807	0.052	0.167	0.149	2.642	0.913	186	12000	1000	1	500	111	0	4421	1	3051	3057	6
Simulation_187	1.802	0.098	0.294	0.076	1.387	0.461	187	12000	1000	1	500	111	0	4672	1	3782	3815	33
Simulation_188	1.55	0.041	0.136	0.094	2.956	0.348	188	12000	1000	1	500	111	0	4781	1	1547	1549	2
Simulation_189	2.556	0.086	0.261	0.021	1.701	0.8	189	12000	1000	1	500	111	0	4248	1	1464	1471	7
Simulation_190	2.053	0.018	0.072	0.13	1.074	0.121	190	12000	1000	1	500	111	1	0	1	0	1	1
Simulation_191	1.047	0.064	0.2	0.058	2.328	0.574	191	12000	1000	1	500	111	0	4815	1	5602	5625	23
Simulation_192	1.031	0.028	0.1	0.041	1.132	0.737	192	12000	1000	1	500	111	0	4615	1	2852	2913	61
Simulation_193	2.037	0.073	0.225	0.113	2.387	0.284	193	12000	1000	1	500	111	0	2476	1	1334	1399	65
Simulation_194	2.54	0.05	0.161	0.077	1.76	0.963	194	12000	1000	1	500	111	0	3562	1	1882	1887	5
Simulation_195	1.534	0.096	0.289	0.15	0.505	0.51	195	12000	1000	1	500	111	0	3104	1	1051	1051	0
Simulation_196	1.786	0.039	0.131	0.022	2.074	0.397	196	12000	1000	1	500	111	1	0	1	0	1	1
Simulation_197	2.792	0.084	0.256	0.095	0.819	0.85	197	12000	1000	1	500	111	0	0	0	0	0	0
Simulation_198	2.289	0.016	0.067	0.059	1.446	0.171	198	12000	1000	1	500	111	0	4592	1	1979	1999	20
Simulation_199	1.283	0.062	0.194	0.132	2.701	0.623	199	12000	1000	1	500	111	0	4828	1	6851	6880	29
Simulation_200	1.409	0.045	0.147	0.086	2.544	0.567	200	12000	1000	1	500	111	0	4806	1	5660	5801	141
Simulation_201	2.415	0.09	0.272	0.013	1.289	0.114	201	12000	1000	1	500	111	0	4294	1	1397	1397	0
Simulation_202	2.917	0.022	0.083	0.122	0.662	0.793	202	12000	1000	1	500	111	1	0	1	13	13	0
Simulation_203	1.912	0.067	0.208	0.05	1.917	0.34	203	12000	1000	1	500	111	0	4479	1	2048	2048	0
Simulation_204	1.66	0.011	0.053	0.104	0.975	0.454	204	12000	1000	1	500	111	0	4759	1	1940	2050	110
Simulation_205	2.666	0.056	0.178	0.031	2.23	0.906	205	12000	1000	1	500	111	0	4564	1	1723	1723	0
Simulation_206	2.163	0.033	0.114	0.141	2.858	0.227	206	12000	1000	1	500	111	1	0	1	227	228	1
Simulation_207	1.157	0.079	0.242	0.068	1.603	0.68	207	12000	1000	1	500	111	0	4714	1	3197	3295	98
Simulation_208	1.22	0.036	0.122	0.054	0.583	0.935	208	12000	1000	1	500	111	0	53	1	1070	1070	0
Simulation_209	2.226	0.081	0.247	0.127	1.838	0.482	209	12000	1000	1	500	111	0	4678	1	4311	4353	42
Simulation_210	2.729	0.014	0.061	0.018	2.466	0.708	210	12000	1000	1	500	111	1	0	1	0	1	1
Simulation_211	1.723	0.059	0.186	0.091	1.211	0.256	211	12000	1000	1	500	111	0	4655	1	3879	3895	16
Simulation_212	1.974	0.025	0.092	0.072	2.779	0.142	212	12000	1000	1	500	111	1	0	1	0	1	1
Simulation_213	2.98	0.07	0.217	0.145	1.525	0.595	213	12000	1000	1	500	111	0	4579	1	3110	3113	3
Simulation_214	2.477	0.047	0.153	0.036	0.897	0.369	214	12000	1000	1	500	111	0	4607	1	2493	2518	25
Simulation_215	1.472	0.093	0.281	0.109	2.152	0.821	215	12000	1000	1	500	111	0	4655	1	2405	2414	9
Simulation_216	1.346	0.019	0.075	0.136	1.995	0.878	216	12000	1000	1	500	111	1	0	1	0	1	1
Simulation_217	2.352	0.064	0.2	0.063	0.74	0.425	217	12000	1000	1	500	111	0	3963	1	1311	1314	3
Simulation_218	2.855	0.042	0.139	0.1	1.368	0.652	218	12000	1000	1	500	111	0	4607	1	3390	3400	10
Simulation_219	1.849	0.087	0.264	0.027	2.623	0.199	219	12000	1000	1	500	111	1	0	1	1	1	0
Simulation_220	1.597	0.053	0.169	0.118	1.681	0.312	220	12000	1000	1	500	111	0	4635	1	6349	6354	5
Simulation_221	2.603	0.098	0.294	0.045	2.936	0.765	221	12000	1000	1	500	111	0	4571	1	2124	2135	11
Simulation_222	2.1	0.031	0.108	0.081	2.309	0.539	222	12000	1000	1	500	111	0	4738	1	3911	3957	46
Simulation_223	1.094	0.076	0.233	0.009	1.054	0.991	223	12000	1000	1	500	111	0	4490	1	1733	1739	6
Simulation_224	1.063	0.052	0.167	0.102	2.897	0.157	224	12000	1000	1	500	111	0	1732	1	1018	1023	5
Simulation_225	2.069	0.097	0.292	0.029	1.642	0.609	225	12000	1000	1	500	111	0	4659	1	1818	1887	69
Simulation_226	2.572	0.029	0.103	0.138	1.015	0.383	226	12000	1000	1	500	111	1	0	1	0	1	1
Simulation_227	1.566	0.074	0.228	0.066	2.27	0.836	227	12000	1000	1	500	111	0	4626	1	2518	2531	13
Simulation_228	1.817	0.018	0.072	0.084	0.701	0.949	228	12000	1000	1	500	111	0	3854	1	1191	1193	2
Simulation_229	2.823	0.063	0.197	0.011	1.956	0.496	229	12000	1000	1	500	111	0	4488	1	2835	3282	447
Simulation_230	2.32	0.04	0.133	0.12	2.583	0.722	230	12000	1000	1	500	111	0	4736	1	4385	4429	44
Simulation_231	1.314	0.086	0.261	0.047	1.328	0.27	231	12000	1000	1	500	111	0	4691	1	1901	1902	1
Simulation_232	1.44	0.023	0.086	0.02	1.485	0.213	232	12000	1000	1	500	111	1	0	1	0	1	1
Simulation_233	2.446	0.069	0.214	0.093	2.74	0.666	233	12000	1000	1	500	111	0	4647	1	4087	4156	69
Simulation_234	2.949	0.046	0.15	0.056	2.113	0.439	234	12000	1000	1	500	111	0	4601	1	4490	4511	21
Simulation_235	1.943	0.091	0.275	0.129	0.858	0.892	235	12000	1000	1	500	111	1	0	1	20	20	0
Simulation_236	1.692	0.035	0.119	0.038	1.799	0.779	236	12000	1000	1	500	111	0	4582	1	3622	3843	221
Simulation_237	2.697	0.08	0.244	0.111	0.544	0.326	237	12000	1000	1	500	111	1	0	1	1	1	0
Simulation_238	2.194	0.012	0.056	0.075	1.172	0.553	238	12000	1000	1	500	111	0	4671	1	3281	3635	354
Simulation_239	1.189	0.057	0.181	0.147	2.426	0.1	239	12000	1000	1	500	111	1	0	1	5	5	0
Simulation_240	1.126	0.015	0.064	0.116	2.348	0.355	240	12000	1000	1	500	111	1	0	1	0	1	1
Simulation_241	2.132	0.06	0.189	0.043	1.093	0.807	241	12000	1000	1	500	111	0	3127	1	1158	1160	2
Simulation_242	2.635	0.038	0.128	0.079	1.721	0.128	242	12000	1000	1	500	111	0	2104	1	1084	1189	105
Simulation_243	1.629	0.083	0.253	0.006	2.975	0.581	243	12000	1000	1	500	111	0	4750	1	3431	3458	27
Simulation_244	1.88	0.049	0.158	0.134	1.407	0.694	244	12000	1000	1	500	111	0	4683	1	4133	4172	39
Simulation_245	2.886	0.094	0.283	0.061	2.662	0.241	245	12000	1000	1	500	111	0	4571	1	1229	1229	0
Simulation_246	2.383	0.026	0.094	0.097	2.034	0.92	246	12000	1000	1	500	111	0	4645	1	3374	3447	73
Simulation_247	1.377	0.072	0.222	0.025	0.779	0.468	247	12000	1000	1	500	111	0	4352	1	1737	1765	28
Simulation_248	1.251	0.043	0.142	0.07	0.936	0.524	248	12000	1000	1	500	111	0	4684	1	3337	3449	112
Simulation_249	2.257	0.089	0.269	0.143	2.191	0.977	249	12000	1000	1	500	111	0	4096	1	1638	1639	1
Simulation_250	2.76	0.021	0.081	0.034	2.819	0.298	250	12000	1000	1	500	111	0	3543	1	1344	1381	37
Simulation_251	1.754	0.066	0.206	0.106	1.564	0.751	251	12000	1000	1	500	111	0	4533	1	2800	2801	1
Simulation_252	1.503	0.032	0.111	0.052	2.505	0.638	252	12000	1000	1	500	111	1	0	1	0	1	1
Simulation_253	2.509	0.077	0.236	0.125	1.25	0.185	253	12000	1000	1	500	111	0	4290	1	1916	1959	43
Simulation_254	2.006	0.055	0.175	0.016	0.623	0.864	254	12000	1000	1	500	111	1	0	1	1	1	0
Simulation_255	1	0.1	0.3	0.088	1.877	0.411	255	12000	1000	1	500	111	0	4823	1	7838	7888	50
Simulation_256	1.004	0.055	0.175	0.046	2.588	0.979	256	12000	1000	1	500	111	0	4496	1	2903	2934	31
Simulation_257	2.01	0.1	0.3	0.119	1.333	0.526	257	12000	1000	1	500	111	0	4629	1	2897	2897	0
Simulation_258	2.513	0.032	0.111	0.01	0.706	0.752	258	12000	1000	1	500	111	1	0	1	3	3	0
Simulation_259	1.507	0.077	0.236	0.082	1.961	0.3	259	12000	1000	1	500	111	0	1401	1	4330	4332	2
Simulation_260	1.758	0.021	0.081	0.064	1.02	0.187	260	12000	1000	1	500	111	0	4736	1	4668	4716	48
Simulation_261	2.764	0.066	0.206	0.137	2.275	0.639	261	12000	1000	1	500	111	0	4649	1	3684	3724	40
Simulation_262	2.261	0.043	0.142	0.028	2.902	0.413	262	12000	1000	1	500	111	0	4709	1	1379	1379	0
Simulation_263	1.255	0.089	0.269	0.101	1.647	0.866	263	12000	1000	1	500	111	0	4508	1	1780	1780	0
Simulation_264	1.381	0.026	0.094	0.146	1.176	0.809	264	12000	1000	1	500	111	0	4733	1	2892	2959	67
Simulation_265	2.387	0.072	0.222	0.073	2.431	0.356	265	12000	1000	1	500	111	0	2285	1	1788	1814	26
Simulation_266	2.89	0.049	0.158	0.11	1.804	0.583	266	12000	1000	1	500	111	0	4671	1	3878	3920	42
Simulation_267	1.884	0.094	0.283	0.037	0.549	0.13	267	12000	1000	1	500	111	0	4682	1	1913	1973	60
Simulation_268	1.633	0.038	0.128	0.128	2.118	0.243	268	12000	1000	1	500	111	0	4113	1	1439	1460	21
Simulation_269	2.639	0.083	0.253	0.055	0.863	0.696	269	12000	1000	1	500	111	0	0	0	0	0	0
Simulation_270	2.136	0.015	0.064	0.091	1.49	0.47	270	12000	1000	1	500	111	0	0	0	0	0	0
Simulation_271	1.13	0.06	0.189	0.019	2.745	0.922	271	12000	1000	1	500	111	0	0	0	0	0	0
Simulation_272	1.193	0.012	0.056	0.023	2.039	0.668	272	12000	1000	1	500	111	0	0	0	0	0	0
Simulation_273	2.198	0.058	0.183	0.096	0.784	0.215	273	12000	1000	1	500	111	0	0	0	0	0	0
Simulation_274	2.701	0.035	0.119	0.06	1.412	0.894	274	12000	1000	1	500	111	0	3200	1	2200	2222	22
Simulation_275	1.695	0.08	0.244	0.132	2.667	0.441	275	12000	1000	1	500	111	0	4240	1	2143	2162	19
Simulation_276	1.947	0.046	0.15	0.005	1.725	0.328	276	12000	1000	1	500	111	0	4666	1	2017	2018	1
Simulation_277	2.953	0.092	0.278	0.078	2.98	0.781	277	12000	1000	1	500	111	0	4542	1	2424	2425	1
Simulation_278	2.45	0.024	0.089	0.041	2.353	0.102	278	12000	1000	1	500	111	1	0	1	0	1	1
Simulation_279	1.444	0.069	0.214	0.114	1.098	0.554	279	12000	1000	1	500	111	0	4570	1	3784	3788	4
Simulation_280	1.318	0.041	0.136	0.087	0.627	0.611	280	12000	1000	1	500	111	1	0	1	1	1	0
Simulation_281	2.324	0.086	0.261	0.014	1.882	0.158	281	12000	1000	1	500	111	0	1148	1	1003	1007	4
Simulation_282	2.827	0.018	0.072	0.123	2.51	0.837	282	12000	1000	1	500	111	0	4617	1	5688	5853	165
Simulation_283	1.821	0.063	0.197	0.05	1.255	0.385	283	12000	1000	1	500	111	0	4656	1	4403	4612	209
Simulation_284	1.57	0.029	0.103	0.105	2.824	0.498	284	12000	1000	1	500	111	0	4641	1	2783	2794	11
Simulation_285	2.576	0.075	0.231	0.032	1.569	0.95	285	12000	1000	1	500	111	0	3602	1	1300	1306	6
Simulation_286	2.073	0.052	0.167	0.141	0.941	0.272	286	12000	1000	1	500	111	0	4715	1	6633	6818	185
Simulation_287	1.067	0.097	0.292	0.069	2.196	0.724	287	12000	1000	1	500	111	0	4703	1	4326	4403	77
Simulation_288	1.098	0.031	0.108	0.13	1.451	0.427	288	12000	1000	1	500	111	0	4785	1	6468	7637	1169
Simulation_289	2.104	0.076	0.233	0.057	2.706	0.88	289	12000	1000	1	500	111	0	4460	1	2228	2235	7
Simulation_290	2.607	0.053	0.169	0.094	2.078	0.201	290	12000	1000	1	500	111	1	0	1	161	224	63
Simulation_291	1.601	0.099	0.297	0.021	0.824	0.653	291	12000	1000	1	500	111	0	2725	1	1065	1066	1
Simulation_292	1.853	0.042	0.139	0.148	1.765	0.767	292	12000	1000	1	500	111	0	4676	1	3471	3516	45
Simulation_293	2.859	0.087	0.264	0.076	0.51	0.314	293	12000	1000	1	500	111	1	0	1	1	1	0
Simulation_294	2.356	0.019	0.075	0.112	1.137	0.993	294	12000	1000	1	500	111	0	4430	1	3883	4044	161
Simulation_295	1.35	0.065	0.203	0.039	2.392	0.54	295	12000	1000	1	500	111	0	4719	1	9405	9513	108
Simulation_296	1.475	0.048	0.156	0.066	2.863	0.484	296	12000	1000	1	500	111	0	4720	1	1403	1405	2
Simulation_297	2.481	0.093	0.281	0.139	1.608	0.936	297	12000	1000	1	500	111	0	3948	1	1374	1374	0
Simulation_298	2.984	0.025	0.092	0.03	0.98	0.257	298	12000	1000	1	500	111	0	4711	1	3213	3286	73
Simulation_299	1.978	0.07	0.217	0.103	2.235	0.71	299	12000	1000	1	500	111	0	4669	1	3463	3487	24
Simulation_300	1.727	0.014	0.061	0.048	0.667	0.597	300	12000	1000	1	500	111	0	4543	1	2926	3023	97
Simulation_301	2.733	0.059	0.186	0.121	1.922	0.144	301	12000	1000	1	500	111	0	1886	1	1180	1185	5
Simulation_302	2.23	0.036	0.122	0.012	2.549	0.823	302	12000	1000	1	500	111	1	0	1	0	1	1
Simulation_303	1.224	0.082	0.25	0.085	1.294	0.371	303	12000	1000	1	500	111	0	4768	1	4114	4205	91
Simulation_304	1.161	0.034	0.117	0.107	0.902	0.116	304	12000	1000	1	500	111	0	4716	1	4045	4060	15
Simulation_305	2.167	0.079	0.242	0.035	2.157	0.569	305	12000	1000	1	500	111	0	4650	1	3887	4338	451
Simulation_306	2.67	0.011	0.053	0.144	2.784	0.342	306	12000	1000	1	500	111	1	0	1	0	1	1
Simulation_307	1.664	0.056	0.178	0.071	1.529	0.795	307	12000	1000	1	500	111	0	4456	1	2311	2324	13
Simulation_308	1.916	0.022	0.083	0.089	2.471	0.908	308	12000	1000	1	500	111	0	4667	1	3358	3450	92
Simulation_309	2.921	0.067	0.208	0.016	1.216	0.455	309	12000	1000	1	500	111	0	4553	1	2254	2354	100
Simulation_310	2.418	0.045	0.147	0.126	0.588	0.682	310	12000	1000	1	500	111	1	0	1	1	1	0
Simulation_311	1.413	0.09	0.272	0.053	1.843	0.229	311	12000	1000	1	500	111	1	0	1	0	1	1
Simulation_312	1.287	0.017	0.069	0.007	2.314	0.286	312	12000	1000	1	500	111	0	4678	1	3096	3134	38
Simulation_313	2.293	0.062	0.194	0.08	1.059	0.738	313	12000	1000	1	500	111	0	3513	1	1343	1345	2
Simulation_314	2.796	0.039	0.131	0.044	1.686	0.512	314	12000	1000	1	500	111	0	4673	1	3682	3964	282
Simulation_315	1.79	0.084	0.256	0.116	2.941	0.965	315	12000	1000	1	500	111	0	4715	1	1336	1337	1
Simulation_316	1.538	0.05	0.161	0.025	1.373	0.851	316	12000	1000	1	500	111	0	4103	1	2120	2156	36
Simulation_317	2.544	0.096	0.289	0.098	2.627	0.399	317	12000	1000	1	500	111	1	0	1	5	5	0
Simulation_318	2.041	0.028	0.1	0.062	2	0.625	318	12000	1000	1	500	111	0	4690	1	3235	3287	52
Simulation_319	1.035	0.073	0.225	0.135	0.745	0.172	319	12000	1000	1	500	111	0	4800	1	5216	5248	32
Simulation_320	1.051	0.019	0.075	0.081	2.725	0.236	320	12000	1000	1	500	111	1	0	1	0	1	1
Simulation_321	2.057	0.064	0.2	0.008	1.471	0.689	321	12000	1000	1	500	111	0	3895	1	2003	2087	84
Simulation_322	2.56	0.041	0.136	0.118	0.843	0.462	322	12000	1000	1	500	111	0	4549	1	3771	3779	8
Simulation_323	1.554	0.087	0.264	0.045	2.098	0.915	323	12000	1000	1	500	111	0	4703	1	1495	1496	1
Simulation_324	1.806	0.053	0.169	0.099	0.529	0.802	324	12000	1000	1	500	111	0	2214	1	1061	1064	3
Simulation_325	2.811	0.098	0.294	0.027	1.784	0.349	325	12000	1000	1	500	111	0	4620	1	4106	4122	16
Simulation_326	2.308	0.03	0.106	0.136	2.412	0.576	326	12000	1000	1	500	111	1	0	1	0	1	1
Simulation_327	1.303	0.075	0.231	0.063	1.157	0.123	327	12000	1000	1	500	111	1	0	1	0	1	1
Simulation_328	1.428	0.036	0.122	0.036	1.627	0.18	328	12000	1000	1	500	111	0	4775	1	1544	1544	0
Simulation_329	2.434	0.081	0.247	0.108	2.882	0.632	329	12000	1000	1	500	111	0	4594	1	4083	4090	7
Simulation_330	2.937	0.013	0.058	0.072	2.255	0.406	330	12000	1000	1	500	111	1	0	1	0	1	1
Simulation_331	1.931	0.058	0.183	0.145	1	0.859	331	12000	1000	1	500	111	0	2184	1	1537	1580	43
Simulation_332	1.68	0.024	0.089	0.018	1.941	0.972	332	12000	1000	1	500	111	1	0	1	0	7	7
Simulation_333	2.686	0.07	0.217	0.09	0.686	0.519	333	12000	1000	1	500	111	0	0	0	0	0	0
Simulation_334	2.183	0.047	0.153	0.054	1.314	0.745	334	12000	1000	1	500	111	0	4555	1	1971	1974	3
Simulation_335	1.177	0.092	0.278	0.127	2.569	0.293	335	12000	1000	1	500	111	0	3610	1	1022	1023	1
Simulation_336	1.24	0.044	0.144	0.14	2.176	0.547	336	12000	1000	1	500	111	0	4829	1	6889	6993	104
Simulation_337	2.246	0.089	0.269	0.068	0.922	1	337	12000	1000	1	500	111	1	0	1	2	2	0
Simulation_338	2.749	0.021	0.081	0.104	1.549	0.321	338	12000	1000	1	500	111	0	4442	1	5569	5900	331
Simulation_339	1.743	0.067	0.208	0.031	2.804	0.774	339	12000	1000	1	500	111	0	4616	1	2624	2702	78
Simulation_340	1.994	0.01	0.05	0.122	1.235	0.661	340	12000	1000	1	500	111	1	0	1	0	1	1
Simulation_341	3	0.055	0.175	0.049	2.49	0.208	341	12000	1000	1	500	111	1	0	1	1	1	0
Simulation_342	2.497	0.033	0.114	0.086	1.863	0.887	342	12000	1000	1	500	111	0	4517	1	3858	3912	54
Simulation_343	1.491	0.078	0.239	0.013	0.608	0.434	343	12000	1000	1	500	111	0	1734	1	1119	1119	0
Simulation_344	1.365	0.027	0.097	0.058	1.078	0.378	344	12000	1000	1	500	111	0	4732	1	3140	3169	29
Simulation_345	2.371	0.072	0.222	0.131	2.333	0.83	345	12000	1000	1	500	111	0	4583	1	3154	3159	5
Simulation_346	2.874	0.05	0.161	0.022	2.961	0.151	346	12000	1000	1	500	111	1	0	1	0	1	1
Simulation_347	1.868	0.095	0.286	0.095	1.706	0.604	347	12000	1000	1	500	111	0	4649	1	2779	2790	11
Simulation_348	1.617	0.038	0.128	0.077	2.647	0.717	348	12000	1000	1	500	111	0	4784	1	3141	3183	42
Simulation_349	2.623	0.084	0.256	0.149	1.392	0.264	349	12000	1000	1	500	111	0	4553	1	5658	5704	46
Simulation_350	2.12	0.016	0.067	0.04	0.765	0.943	350	12000	1000	1	500	111	0	4431	1	1542	1584	42
Simulation_351	1.114	0.061	0.192	0.113	2.02	0.491	351	12000	1000	1	500	111	0	4835	1	4484	4488	4
Simulation_352	1.083	0.043	0.142	0.015	1.353	0.561	352	12000	1000	1	500	111	1	0	1	0	1	1
Simulation_353	2.088	0.088	0.267	0.088	2.608	0.109	353	12000	1000	1	500	111	0	4517	1	1409	1409	0
Simulation_354	2.591	0.02	0.078	0.052	1.98	0.788	354	12000	1000	1	500	111	0	4645	1	4059	4136	77
Simulation_355	1.585	0.065	0.203	0.124	0.725	0.335	355	12000	1000	1	500	111	0	4679	1	2846	2864	18
Simulation_356	1.837	0.031	0.108	0.033	2.294	0.448	356	12000	1000	1	500	111	0	4490	1	3805	3821	16
Simulation_357	2.843	0.077	0.236	0.106	1.039	0.901	357	12000	1000	1	500	111	0	4249	1	1101	1109	8
Simulation_358	2.34	0.054	0.172	0.07	1.667	0.222	358	12000	1000	1	500	111	1	0	1	1	1	0
Simulation_359	1.334	0.099	0.297	0.143	2.922	0.675	359	12000	1000	1	500	111	0	4754	1	5397	5419	22
Simulation_360	1.46	0.014	0.061	0.097	2.451	0.731	360	12000	1000	1	500	111	0	4758	1	3532	3906	374
Simulation_361	2.466	0.06	0.189	0.024	1.196	0.279	361	12000	1000	1	500	111	0	4650	1	4184	4271	87
Simulation_362	2.969	0.037	0.125	0.134	0.569	0.958	362	12000	1000	1	500	111	1	0	1	40	40	0
Simulation_363	1.963	0.082	0.25	0.061	1.824	0.505	363	12000	1000	1	500	111	0	4604	1	4260	4306	46
Simulation_364	1.711	0.048	0.156	0.079	0.882	0.392	364	12000	1000	1	500	111	0	4650	1	3638	3690	52
Simulation_365	2.717	0.094	0.283	0.006	2.137	0.844	365	12000	1000	1	500	111	0	4109	1	1671	1694	23
Simulation_366	2.214	0.026	0.094	0.115	2.765	0.165	366	12000	1000	1	500	111	1	0	1	0	1	1
Simulation_367	1.208	0.071	0.219	0.043	1.51	0.618	367	12000	1000	1	500	111	0	4719	1	3678	3745	67
Simulation_368	1.145	0.023	0.086	0.074	0.804	0.873	368	12000	1000	1	500	111	0	4402	1	1309	1320	11
Simulation_369	2.151	0.068	0.211	0.147	2.059	0.42	369	12000	1000	1	500	111	0	4697	1	3451	3467	16
Simulation_370	2.654	0.046	0.15	0.038	2.686	0.646	370	12000	1000	1	500	111	0	4680	1	3074	3164	90
Simulation_371	1.648	0.091	0.275	0.111	1.431	0.194	371	12000	1000	1	500	111	0	2606	1	2559	2657	98
Simulation_372	1.9	0.034	0.117	0.056	3	0.307	372	12000	1000	1	500	111	1	0	1	0	1	1
Simulation_373	2.906	0.079	0.242	0.129	1.745	0.76	373	12000	1000	1	500	111	0	4454	1	2379	2380	1
Simulation_374	2.403	0.012	0.056	0.02	1.118	0.533	374	12000	1000	1	500	111	0	4482	1	3822	4231	409
Simulation_375	1.397	0.057	0.181	0.093	2.373	0.986	375	12000	1000	1	500	111	0	4340	1	3191	3211	20
Simulation_376	1.271	0.051	0.164	0.12	1.902	0.929	376	12000	1000	1	500	111	0	4578	1	4212	4218	6
Simulation_377	2.277	0.096	0.289	0.047	0.647	0.477	377	12000	1000	1	500	111	1	0	1	3	3	0
Simulation_378	2.78	0.029	0.103	0.083	1.275	0.703	378	12000	1000	1	500	111	0	4625	1	3253	3302	49
Simulation_379	1.774	0.074	0.228	0.011	2.529	0.25	379	12000	1000	1	500	111	0	4377	1	2294	2296	2
Simulation_380	1.523	0.017	0.069	0.138	1.588	0.137	380	12000	1000	1	500	111	1	0	1	0	1	1
Simulation_381	2.528	0.063	0.197	0.065	2.843	0.59	381	12000	1000	1	500	111	0	4625	1	8433	8556	123
Simulation_382	2.026	0.04	0.133	0.102	2.216	0.363	382	12000	1000	1	500	111	0	3921	1	1646	1836	190
Simulation_383	1.02	0.085	0.258	0.029	0.961	0.816	383	12000	1000	1	500	111	0	4145	1	1682	1683	1
Simulation_384	1.012	0.025	0.092	0.11	2.088	0.615	384	12000	1000	1	500	111	0	4833	1	10938	11066	128
Simulation_385	2.018	0.07	0.217	0.037	0.833	0.162	385	12000	1000	1	500	111	0	4741	1	3328	3421	93
Simulation_386	2.521	0.047	0.153	0.147	1.461	0.841	386	12000	1000	1	500	111	0	4137	1	3725	3750	25
Simulation_387	1.515	0.093	0.281	0.074	2.716	0.388	387	12000	1000	1	500	111	1	0	1	1	1	0
Simulation_388	1.766	0.036	0.122	0.092	1.147	0.501	388	12000	1000	1	500	111	0	4742	1	4646	4723	77
Simulation_389	2.772	0.081	0.247	0.019	2.402	0.954	389	12000	1000	1	500	111	0	3940	1	1207	1213	6
Simulation_390	2.269	0.013	0.058	0.128	1.775	0.275	390	12000	1000	1	500	111	0	4684	1	1641	1688	47
Simulation_391	1.263	0.059	0.186	0.056	0.52	0.728	391	12000	1000	1	500	111	0	3365	1	1049	1049	0
Simulation_392	1.389	0.053	0.169	0.01	0.99	0.671	392	12000	1000	1	500	111	0	4469	1	1832	1862	30
Simulation_393	2.395	0.098	0.294	0.083	2.245	0.218	393	12000	1000	1	500	111	1	0	1	1	1	0
Simulation_394	2.898	0.03	0.106	0.047	2.873	0.897	394	12000	1000	1	500	111	0	4579	1	3666	3754	88
Simulation_395	1.892	0.076	0.233	0.119	1.618	0.445	395	12000	1000	1	500	111	0	4739	1	4190	4240	50
Simulation_396	1.64	0.019	0.075	0.028	2.559	0.332	396	12000	1000	1	500	111	0	4571	1	1004	1007	3
Simulation_397	2.646	0.064	0.2	0.101	1.304	0.784	397	12000	1000	1	500	111	0	3947	1	1852	1854	2
Simulation_398	2.143	0.042	0.139	0.065	0.676	0.105	398	12000	1000	1	500	111	0	4765	1	2874	2888	14
Simulation_399	1.138	0.087	0.264	0.137	1.931	0.558	399	12000	1000	1	500	111	0	4732	1	3707	3714	7
Simulation_400	1.2	0.039	0.131	0.124	2.794	0.813	400	12000	1000	1	500	111	0	4789	1	7646	7897	251
Simulation_401	2.206	0.084	0.256	0.051	1.539	0.36	401	12000	1000	1	500	111	0	4680	1	2867	2892	25
Simulation_402	2.709	0.016	0.067	0.087	0.912	0.586	402	12000	1000	1	500	111	1	0	1	0	1	1
Simulation_403	1.703	0.061	0.192	0.015	2.167	0.134	403	12000	1000	1	500	111	0	4267	1	1805	1805	0
Simulation_404	1.955	0.028	0.1	0.142	0.598	0.247	404	12000	1000	1	500	111	0	4651	1	3730	3874	144
Simulation_405	2.961	0.073	0.225	0.069	1.853	0.699	405	12000	1000	1	500	111	0	4518	1	2498	2503	5
Simulation_406	2.458	0.05	0.161	0.106	2.48	0.473	406	12000	1000	1	500	111	0	4445	1	3621	3627	6
Simulation_407	1.452	0.095	0.286	0.033	1.225	0.926	407	12000	1000	1	500	111	0	4623	1	1118	1118	0
Simulation_408	1.326	0.011	0.053	0.06	1.696	0.982	408	12000	1000	1	500	111	0	4602	1	3225	3482	257
Simulation_409	2.332	0.056	0.178	0.133	2.951	0.53	409	12000	1000	1	500	111	0	4635	1	4648	4680	32
Simulation_410	2.835	0.033	0.114	0.024	2.324	0.756	410	12000	1000	1	500	111	0	4561	1	3845	3981	136
Simulation_411	1.829	0.078	0.239	0.097	1.069	0.303	411	12000	1000	1	500	111	0	4636	1	6585	6617	32
Simulation_412	1.578	0.044	0.144	0.042	2.01	0.19	412	12000	1000	1	500	111	1	0	1	2	2	0
Simulation_413	2.583	0.09	0.272	0.115	0.755	0.643	413	12000	1000	1	500	111	1	0	1	3	3	0
Simulation_414	2.081	0.022	0.083	0.006	1.382	0.417	414	12000	1000	1	500	111	0	4755	1	3652	3780	128
Simulation_415	1.075	0.067	0.208	0.078	2.637	0.869	415	12000	1000	1	500	111	0	4693	1	4346	4439	93
Simulation_416	1.106	0.049	0.158	0.031	0.716	0.289	416	12000	1000	1	500	111	0	4731	1	3191	3388	197
Simulation_417	2.112	0.094	0.283	0.103	1.971	0.742	417	12000	1000	1	500	111	0	4555	1	2343	2343	0
Simulation_418	2.615	0.026	0.094	0.067	2.598	0.516	418	12000	1000	1	500	111	0	4434	1	3680	3704	24
Simulation_419	1.609	0.071	0.219	0.14	1.343	0.968	419	12000	1000	1	500	111	0	4517	1	1114	1120	6
Simulation_420	1.861	0.015	0.064	0.012	2.912	0.855	420	12000	1000	1	500	111	0	4571	1	3275	3293	18
Simulation_421	2.866	0.06	0.189	0.085	1.657	0.402	421	12000	1000	1	500	111	0	4608	1	4299	4314	15
Simulation_422	2.363	0.037	0.125	0.049	1.029	0.629	422	12000	1000	1	500	111	0	4462	1	4531	4754	223
Simulation_423	1.358	0.083	0.253	0.122	2.284	0.176	423	12000	1000	1	500	111	0	4634	1	1547	1553	6
Simulation_424	1.483	0.032	0.111	0.094	1.814	0.119	424	12000	1000	1	500	111	1	0	1	0	1	1
Simulation_425	2.489	0.077	0.236	0.021	0.559	0.572	425	12000	1000	1	500	111	1	0	1	50	50	0
Simulation_426	2.992	0.054	0.172	0.131	1.186	0.346	426	12000	1000	1	500	111	0	4667	1	3337	3393	56
Simulation_427	1.986	0.1	0.3	0.058	2.441	0.798	427	12000	1000	1	500	111	0	4563	1	2279	2286	7
Simulation_428	1.735	0.043	0.142	0.112	1.5	0.912	428	12000	1000	1	500	111	0	4361	1	3995	4036	41
Simulation_429	2.741	0.088	0.267	0.04	2.755	0.459	429	12000	1000	1	500	111	0	4195	1	4420	4420	0
Simulation_430	2.238	0.02	0.078	0.149	2.127	0.685	430	12000	1000	1	500	111	1	0	1	0	1	1
Simulation_431	1.232	0.066	0.206	0.076	0.873	0.233	431	12000	1000	1	500	111	0	4787	1	4187	4235	48
Simulation_432	1.169	0.018	0.072	0.044	1.422	0.487	432	12000	1000	1	500	111	0	4843	1	4698	4733	35
Simulation_433	2.175	0.063	0.197	0.117	2.676	0.94	433	12000	1000	1	500	111	0	4479	1	2394	2403	9
Simulation_434	2.678	0.04	0.133	0.008	2.049	0.261	434	12000	1000	1	500	111	1	0	1	0	1	1
Simulation_435	1.672	0.086	0.261	0.081	0.794	0.714	435	12000	1000	1	500	111	0	0	0	0	0	0
Simulation_436	1.923	0.052	0.167	0.062	2.363	0.6	436	12000	1000	1	500	111	0	0	0	0	0	0
Simulation_437	2.929	0.097	0.292	0.135	1.108	0.148	437	12000	1000	1	500	111	0	0	0	0	0	0
Simulation_438	2.426	0.029	0.103	0.026	1.735	0.827	438	12000	1000	1	500	111	0	0	0	0	0	0
Simulation_439	1.42	0.074	0.228	0.099	2.99	0.374	439	12000	1000	1	500	111	0	0	0	0	0	0
Simulation_440	1.295	0.035	0.119	0.144	2.52	0.431	440	12000	1000	1	500	111	0	4380	1	1435	1476	41
Simulation_441	2.301	0.08	0.244	0.072	1.265	0.883	441	12000	1000	1	500	111	0	3438	1	1094	1095	1
Simulation_442	2.804	0.012	0.056	0.108	0.637	0.204	442	12000	1000	1	500	111	0	4485	1	1871	2025	154
Simulation_443	1.798	0.057	0.181	0.035	1.892	0.657	443	12000	1000	1	500	111	0	4640	1	3610	3862	252
Simulation_444	1.546	0.023	0.086	0.126	0.951	0.77	444	12000	1000	1	500	111	0	4521	1	3533	3644	111
Simulation_445	2.552	0.069	0.214	0.053	2.206	0.317	445	12000	1000	1	500	111	1	0	1	5	5	0
Simulation_446	2.049	0.046	0.15	0.09	2.833	0.996	446	12000	1000	1	500	111	0	4264	1	4090	4106	16
Simulation_447	1.043	0.091	0.275	0.017	1.578	0.544	447	12000	1000	1	500	111	0	4770	1	3526	3732	206
Simulation_448	1.028	0.037	0.125	0.073	1.951	0.367	448	12000	1000	1	500	111	0	3899	1	8851	9854	1003
Simulation_449	2.033	0.082	0.25	0.145	0.696	0.82	449	12000	1000	1	500	111	1	0	1	1	1	0
Simulation_450	2.536	0.014	0.061	0.036	1.324	0.141	450	12000	1000	1	500	111	1	0	1	0	1	1
Simulation_451	1.53	0.059	0.186	0.109	2.578	0.593	451	12000	1000	1	500	111	0	4723	1	4153	4170	17
Simulation_452	1.782	0.025	0.092	0.054	1.637	0.706	452	12000	1000	1	500	111	0	4726	1	5166	5259	93
Simulation_453	2.788	0.071	0.219	0.127	2.892	0.254	453	12000	1000	1	500	111	0	4371	1	1656	1710	54
Simulation_454	2.285	0.048	0.156	0.018	2.265	0.933	454	12000	1000	1	500	111	0	3303	1	2998	3009	11
Simulation_455	1.279	0.093	0.281	0.091	1.01	0.48	455	12000	1000	1	500	111	0	4682	1	2584	2592	8
Simulation_456	1.405	0.02	0.078	0.118	0.539	0.537	456	12000	1000	1	500	111	0	4066	1	1083	1091	8
Simulation_457	2.411	0.065	0.203	0.045	1.794	0.989	457	12000	1000	1	500	111	0	3605	1	1507	1509	2
Simulation_458	2.914	0.042	0.139	0.082	2.422	0.31	458	12000	1000	1	500	111	0	4619	1	1400	1400	0
Simulation_459	1.908	0.088	0.267	0.009	1.167	0.763	459	12000	1000	1	500	111	0	4176	1	1232	1240	8
Simulation_460	1.656	0.054	0.172	0.136	2.735	0.65	460	12000	1000	1	500	111	0	4747	1	8873	9190	317
Simulation_461	2.662	0.099	0.297	0.064	1.48	0.197	461	12000	1000	1	500	111	0	616	1	4732	4732	0
Simulation_462	2.159	0.031	0.108	0.1	0.853	0.876	462	12000	1000	1	500	111	1	0	1	1	1	0
Simulation_463	1.153	0.076	0.233	0.027	2.108	0.424	463	12000	1000	1	500	111	0	4799	1	4075	4078	3
Simulation_464	1.216	0.028	0.1	0.023	2.657	0.169	464	12000	1000	1	500	111	1	0	1	0	1	1
Simulation_465	2.222	0.073	0.225	0.095	1.402	0.622	465	12000	1000	1	500	111	0	4626	1	2871	2876	5
Simulation_466	2.725	0.051	0.164	0.059	0.775	0.395	466	12000	1000	1	500	111	0	4385	1	2239	2280	41
Simulation_467	1.719	0.096	0.289	0.132	2.029	0.848	467	12000	1000	1	500	111	0	4632	1	2329	2330	1
Simulation_468	1.971	0.04	0.133	0.041	1.088	0.961	468	12000	1000	1	500	111	0	2325	1	1126	1128	2
Simulation_469	2.976	0.085	0.258	0.114	2.343	0.508	469	12000	1000	1	500	111	0	4518	1	3857	3861	4
Simulation_470	2.473	0.017	0.069	0.077	2.971	0.735	470	12000	1000	1	500	111	0	4759	1	3350	3520	170
Simulation_471	1.468	0.062	0.194	0.15	1.716	0.282	471	12000	1000	1	500	111	0	3725	1	6655	6672	17
Simulation_472	1.342	0.045	0.147	0.105	1.245	0.226	472	12000	1000	1	500	111	1	0	1	0	1	1
Simulation_473	2.348	0.09	0.272	0.032	2.5	0.678	473	12000	1000	1	500	111	0	4602	1	2533	2614	81
Simulation_474	2.851	0.023	0.086	0.141	1.873	0.452	474	12000	1000	1	500	111	1	0	1	0	1	1
Simulation_475	1.845	0.068	0.211	0.068	0.618	0.905	475	12000	1000	1	500	111	1	0	1	1	1	0
Simulation_476	1.593	0.011	0.053	0.086	2.186	0.791	476	12000	1000	1	500	111	1	0	1	0	1	1
Simulation_477	2.599	0.057	0.181	0.014	0.931	0.339	477	12000	1000	1	500	111	0	3603	1	2408	2611	203
Simulation_478	2.096	0.034	0.117	0.123	1.559	0.565	478	12000	1000	1	500	111	0	4725	1	5968	6043	75
Simulation_479	1.09	0.079	0.242	0.05	2.814	0.112	479	12000	1000	1	500	111	1	0	1	0	1	1
Simulation_480	1.059	0.013	0.058	0.134	0.814	0.919	480	12000	1000	1	500	111	1	0	1	0	1	1
Simulation_481	2.065	0.058	0.183	0.061	2.069	0.466	481	12000	1000	1	500	111	0	4675	1	3541	3581	40
Simulation_482	2.568	0.035	0.119	0.098	2.696	0.692	482	12000	1000	1	500	111	0	4722	1	6595	6649	54
Simulation_483	1.562	0.081	0.247	0.025	1.441	0.24	483	12000	1000	1	500	111	0	4633	1	3401	3421	20
Simulation_484	1.813	0.047	0.153	0.116	2.382	0.127	484	12000	1000	1	500	111	0	4034	1	1170	1249	79
Simulation_485	2.819	0.092	0.278	0.043	1.127	0.579	485	12000	1000	1	500	111	0	4422	1	1289	1289	0
Simulation_486	2.316	0.024	0.089	0.079	0.5	0.353	486	12000	1000	1	500	111	0	2537	1	1043	1048	5
Simulation_487	1.31	0.069	0.214	0.007	1.755	0.806	487	12000	1000	1	500	111	0	4610	1	1805	1845	40
Simulation_488	1.436	0.041	0.136	0.052	2.225	0.862	488	12000	1000	1	500	111	0	4552	1	4636	4681	45
Simulation_489	2.442	0.086	0.261	0.125	0.971	0.409	489	12000	1000	1	500	111	0	4594	1	2465	2469	4
Simulation_490	2.945	0.018	0.072	0.016	1.598	0.636	490	12000	1000	1	500	111	0	4603	1	4208	4248	40
Simulation_491	1.939	0.064	0.2	0.089	2.853	0.183	491	12000	1000	1	500	111	1	0	1	0	1	1
Simulation_492	1.688	0.03	0.106	0.07	1.284	0.296	492	12000	1000	1	500	111	1	0	1	0	1	1
Simulation_493	2.694	0.075	0.231	0.143	2.539	0.749	493	12000	1000	1	500	111	0	4606	1	3315	3323	8
Simulation_494	2.191	0.052	0.167	0.034	1.912	0.523	494	12000	1000	1	500	111	0	4628	1	4662	4789	127
Simulation_495	1.185	0.098	0.294	0.107	0.657	0.975	495	12000	1000	1	500	111	1	0	1	1	1	0
Simulation_496	1.122	0.049	0.158	0.084	1.52	0.721	496	12000	1000	1	500	111	0	4725	1	4113	4148	35
Simulation_497	2.128	0.095	0.286	0.011	2.775	0.268	497	12000	1000	1	500	111	1	0	1	0	1	1
Simulation_498	2.631	0.027	0.097	0.12	2.147	0.947	498	12000	1000	1	500	111	0	4529	1	1402	1452	50
Simulation_499	1.625	0.072	0.222	0.048	0.892	0.494	499	12000	1000	1	500	111	0	4459	1	1492	1498	6
Simulation_500	1.876	0.015	0.064	0.102	1.833	0.381	500	12000	1000	1	500	111	0	0	0	0	0	0
