"Sim_index" "S" "omega_T" "omega_P" "sigma_e" "disp_shape" "disp_scale" "seed" "divergence_factor" "max_species" "max_coex_sp" "start_species" "init_ab" "grid_cell_distance" "finished" "final_timestep" "initial_nb_species" "final_nb_species" "sp_events" "ex_events" "exchanged" "prop_col_area" "div_col" "dist_to_isthmus"
"1" "Simulation_1" 1.998 0.055 0.175 0.078 1.75 0.549 1 0.05 12000 1000 1 500 111 1 0 1 33 33 0 1 0.950625200384739 29 5808.47378010653
"2" "Simulation_2" 2.501 0.032 0.111 0.041 2.377 0.323 2 0.05 12000 1000 1 500 111 1 0 1 2 2 0 0 -1 -1 5512.41661330011
"3" "Simulation_3" 1.495 0.078 0.239 0.114 1.123 0.775 3 0.05 12000 1000 1 500 111 1 0 1 17 17 0 1 0.103558832959282 15 5082.95239809102
"4" "Simulation_4" 1.747 0.044 0.144 0.023 2.691 0.889 4 0.05 12000 1000 1 500 111 1 0 1 77 77 0 1 0.974671369028535 70 2648.40247485212
"5" "Simulation_5" 2.752 0.089 0.269 0.096 1.436 0.436 5 0.05 12000 1000 1 500 111 1 0 1 2 2 0 1 0.115421609490221 -1 4747.68563688686
"6" "Simulation_6" 2.25 0.021 0.081 0.059 0.809 0.662 6 0.05 12000 1000 1 500 111 1 0 1 8 8 0 1 0.352997755690927 8 4810.72406920188
"7" "Simulation_7" 1.244 0.066 0.206 0.132 2.064 0.21 7 0.05 12000 1000 1 500 111 0 92 1 1389 1390 1 1 0.205514588008977 390 6014.88820067733
"8" "Simulation_8" 1.369 0.038 0.128 0.105 1.907 0.266 8 0.05 12000 1000 1 500 111 1 0 1 1 1 0 0 -1 -1 6191.79000009073
"9" "Simulation_9" 2.375 0.083 0.253 0.032 0.652 0.719 9 0.05 12000 1000 1 500 111 1 0 1 1 1 0 1 -1 -1 3840.79924000324
"10" "Simulation_10" 2.878 0.015 0.064 0.141 1.279 0.493 10 0.05 12000 1000 1 500 111 1 0 1 14 17 3 0 -1 -1 2365.99284164379
"11" "Simulation_11" 1.872 0.061 0.192 0.068 2.534 0.945 11 0.05 12000 1000 1 500 111 1 0 1 74 75 1 1 0.388586085283745 42 3510.16854057275
"12" "Simulation_12" 1.621 0.027 0.097 0.087 1.593 0.832 12 0.05 12000 1000 1 500 111 1 0 1 218 221 3 1 0.862135299775569 216 3905.10636021508
"13" "Simulation_13" 2.627 0.072 0.222 0.014 2.848 0.379 13 0.05 12000 1000 1 500 111 1 0 1 66 66 0 1 0.101635139467778 25 6202.1890176121
"14" "Simulation_14" 2.124 0.049 0.158 0.123 2.221 0.606 14 0.05 12000 1000 1 500 111 1 0 1 0 1 1 -1 -1 -1 5956.62327970235
"15" "Simulation_15" 1.118 0.095 0.286 0.05 0.966 0.153 15 0.05 12000 1000 1 500 111 0 182 1 1325 1325 0 1 0.167361333760821 415 3857.44471818042
"16" "Simulation_16" 1.181 0.052 0.167 0.064 1.201 0.408 16 0.05 12000 1000 1 500 111 0 72 1 2091 2097 6 1 1 1247 4258.29703543473
"17" "Simulation_17" 2.187 0.097 0.292 0.137 2.456 0.86 17 0.05 12000 1000 1 500 111 1 0 1 70 70 0 1 0.141712087207438 52 1511.25257799716
"18" "Simulation_18" 2.69 0.029 0.103 0.027 1.828 0.181 18 0.05 12000 1000 1 500 111 1 0 1 1 1 0 0 -1 -1 5015.65124437301
"19" "Simulation_19" 1.684 0.075 0.231 0.1 0.574 0.634 19 0.05 12000 1000 1 500 111 1 0 1 1 1 0 1 -1 -1 5306.55496922642
"20" "Simulation_20" 1.935 0.018 0.072 0.046 2.142 0.747 20 0.05 12000 1000 1 500 111 1 0 1 282 290 8 1 0.0737415838409747 111 5393.7384871926
"21" "Simulation_21" 2.941 0.063 0.197 0.118 0.887 0.294 21 0.05 12000 1000 1 500 111 1 0 1 2 2 0 1 0.12504007694774 2 6028.28697022839
"22" "Simulation_22" 2.438 0.041 0.136 0.009 1.515 0.973 22 0.05 12000 1000 1 500 111 1 0 1 26 26 0 1 0.185315806348189 10 1802.98175010402
"23" "Simulation_23" 1.432 0.086 0.261 0.082 2.77 0.521 23 0.05 12000 1000 1 500 111 0 101 1 1354 1354 0 1 0.156460403975633 461 5066.41552566714
"24" "Simulation_24" 1.306 0.024 0.089 0.128 2.613 0.464 24 0.05 12000 1000 1 500 111 1 0 1 20 20 0 0 -1 -1 2381.00422023643
"25" "Simulation_25" 2.312 0.069 0.214 0.055 1.358 0.917 25 0.05 12000 1000 1 500 111 1 0 1 4 4 0 1 0.0965052901571016 3 4211.66483578997
"26" "Simulation_26" 2.815 0.046 0.15 0.091 0.73 0.238 26 0.05 12000 1000 1 500 111 1 0 1 96 96 0 1 0.849951907662712 37 5145.8419511955
"27" "Simulation_27" 1.809 0.092 0.278 0.018 1.985 0.691 27 0.05 12000 1000 1 500 111 0 23 1 1247 1248 1 1 0.352035908945175 548 4296.31191195208
"28" "Simulation_28" 1.558 0.035 0.119 0.146 1.044 0.577 28 0.05 12000 1000 1 500 111 1 0 1 0 1 1 -1 -1 -1 2969.56103706809
"29" "Simulation_29" 2.564 0.08 0.244 0.073 2.299 0.125 29 0.05 12000 1000 1 500 111 1 0 1 38 38 0 1 0.107085604360372 24 2434.68323554629
"30" "Simulation_30" 2.061 0.012 0.056 0.109 2.926 0.804 30 0.05 12000 1000 1 500 111 1 0 1 0 1 1 -1 -1 -1 5852.09454971076
"31" "Simulation_31" 1.055 0.058 0.183 0.037 1.672 0.351 31 0.05 12000 1000 1 500 111 0 138 1 3379 3379 0 0 -1 -1 7702.0338354608
"32" "Simulation_32" 1.086 0.034 0.117 0.089 2.26 0.676 32 0.05 12000 1000 1 500 111 1 0 1 0 1 1 -1 -1 -1 2277.622043322
"33" "Simulation_33" 2.092 0.079 0.242 0.016 1.005 0.224 33 0.05 12000 1000 1 500 111 1 0 1 200 200 0 1 0.54248156460404 89 3437.72573452939
"34" "Simulation_34" 2.595 0.011 0.053 0.125 1.632 0.903 34 0.05 12000 1000 1 500 111 1 0 1 0 1 1 -1 -1 -1 3842.82737377281
"35" "Simulation_35" 1.589 0.056 0.178 0.052 2.887 0.45 35 0.05 12000 1000 1 500 111 1 0 1 157 157 0 1 0.201025969862135 107 4488.84804616083
"36" "Simulation_36" 1.841 0.022 0.083 0.107 1.319 0.337 36 0.05 12000 1000 1 500 111 1 0 1 31 36 5 0 -1 -1 5706.90148346518
"37" "Simulation_37" 2.847 0.068 0.211 0.034 2.574 0.79 37 0.05 12000 1000 1 500 111 1 0 1 221 221 0 1 0.12151330554665 113 4322.02761595036
"38" "Simulation_38" 2.344 0.045 0.147 0.143 1.946 0.111 38 0.05 12000 1000 1 500 111 1 0 1 1 1 0 0 -1 -1 6405.65477285516
"39" "Simulation_39" 1.338 0.09 0.272 0.071 0.691 0.563 39 0.05 12000 1000 1 500 111 1 0 1 1 1 0 1 -1 -1 6199.04816619277
"40" "Simulation_40" 1.464 0.017 0.069 0.025 0.848 0.62 40 0.05 12000 1000 1 500 111 1 0 1 0 1 1 -1 -1 -1 4767.47168308272
"41" "Simulation_41" 2.47 0.062 0.194 0.098 2.103 0.167 41 0.05 12000 1000 1 500 111 1 0 1 12 12 0 1 0.10965052901571 8 5144.44452983953
"42" "Simulation_42" 2.972 0.039 0.131 0.062 2.73 0.846 42 0.05 12000 1000 1 500 111 1 0 1 27 27 0 1 0.922411029176018 26 3161.51358023528
"43" "Simulation_43" 1.967 0.085 0.258 0.134 1.475 0.394 43 0.05 12000 1000 1 500 111 1 0 1 428 428 0 1 0.477396601474832 211 5763.11346156042
"44" "Simulation_44" 1.715 0.051 0.164 0.007 2.417 0.507 44 0.05 12000 1000 1 500 111 1 0 1 106 106 0 1 0.201346585444053 8 1289.10111549156
"45" "Simulation_45" 2.721 0.096 0.289 0.08 1.162 0.959 45 0.05 12000 1000 1 500 111 1 0 1 1 1 0 1 -1 -1 4074.37819389168
"46" "Simulation_46" 2.218 0.028 0.1 0.043 0.534 0.28 46 0.05 12000 1000 1 500 111 1 0 1 7 8 1 1 0.385700545046489 7 6909.09117869482
"47" "Simulation_47" 1.212 0.073 0.225 0.116 1.789 0.733 47 0.05 12000 1000 1 500 111 1 0 1 762 767 5 1 0.847066367425457 302 3501.31010158289
"48" "Simulation_48" 1.149 0.031 0.108 0.148 2.966 0.988 48 0.05 12000 1000 1 500 111 1 0 1 2892 2947 55 1 0.481243988457839 1200 5158.22072448712
"49" "Simulation_49" 2.155 0.076 0.233 0.075 1.711 0.535 49 0.05 12000 1000 1 500 111 1 0 1 377 377 0 1 0.356845142673934 182 7396.66435277874
"50" "Simulation_50" 2.658 0.053 0.169 0.112 1.083 0.761 50 0.05 12000 1000 1 500 111 1 0 1 1 1 0 1 -1 -1 7702.0338354608
"51" "Simulation_51" 1.652 0.099 0.297 0.039 2.338 0.309 51 0.05 12000 1000 1 500 111 1 0 1 12 12 0 1 0.134658544405258 5 5188.13359146233
"52" "Simulation_52" 1.904 0.042 0.139 0.13 0.77 0.195 52 0.05 12000 1000 1 500 111 1 0 1 0 1 1 -1 -1 -1 3310.00678986023
"53" "Simulation_53" 2.91 0.087 0.264 0.057 2.025 0.648 53 0.05 12000 1000 1 500 111 1 0 1 169 169 0 1 0.130490541840333 111 5076.85641735285
"54" "Simulation_54" 2.407 0.02 0.078 0.093 2.652 0.422 54 0.05 12000 1000 1 500 111 1 0 1 10 10 0 0 -1 -1 1445.81605961912
"55" "Simulation_55" 1.401 0.065 0.203 0.021 1.397 0.874 55 0.05 12000 1000 1 500 111 1 0 1 75 75 0 1 0.500160307790959 43 5601.37338327069
"56" "Simulation_56" 1.275 0.048 0.156 0.048 1.554 0.818 56 0.05 12000 1000 1 500 111 1 0 1 48 50 2 1 0.91984610452068 33 5190.63182271654
"57" "Simulation_57" 2.281 0.093 0.281 0.121 2.809 0.365 57 0.05 12000 1000 1 500 111 1 0 1 26 26 0 1 0.123436999038153 14 5082.95239809102
"58" "Simulation_58" 2.784 0.025 0.092 0.012 2.181 0.592 58 0.05 12000 1000 1 500 111 1 0 1 0 1 1 -1 -1 -1 5355.9891813182
"59" "Simulation_59" 1.778 0.07 0.217 0.084 0.926 0.139 59 0.05 12000 1000 1 500 111 0 44 1 1488 1488 0 1 0.228278294325104 454 3416.11284780093
"60" "Simulation_60" 1.527 0.014 0.061 0.066 1.868 0.252 60 0.05 12000 1000 1 500 111 1 0 1 25 26 1 0 -1 -1 6001.19662328113
"61" "Simulation_61" 2.532 0.059 0.186 0.139 0.613 0.705 61 0.05 12000 1000 1 500 111 1 0 1 1 1 0 1 -1 -1 2932.73620108889
"62" "Simulation_62" 2.029 0.037 0.125 0.03 1.24 0.478 62 0.05 12000 1000 1 500 111 1 0 1 140 140 0 1 0.977236293683873 134 4046.93342079138
"63" "Simulation_63" 1.024 0.082 0.25 0.103 2.495 0.931 63 0.05 12000 1000 1 500 111 0 122 1 1210 1210 0 1 0.75120230843219 525 2208.93164941949
"64" "Simulation_64" 1.039 0.046 0.15 0.122 1.025 0.882 64 0.05 12000 1000 1 500 111 1 0 1 7 8 1 1 0.478037832638666 7 4672.62335173109
"65" "Simulation_65" 2.045 0.091 0.275 0.049 2.279 0.429 65 0.05 12000 1000 1 500 111 1 0 1 434 434 0 0 -1 -1 7350.67495512194
"66" "Simulation_66" 2.548 0.023 0.086 0.085 2.907 0.655 66 0.05 12000 1000 1 500 111 0 22 1 2209 2236 27 0 -1 -1 7636.83064495958
"67" "Simulation_67" 1.542 0.068 0.211 0.013 1.652 0.203 67 0.05 12000 1000 1 500 111 1 0 1 162 162 0 1 0.19814042962488 120 5036.14133650795
"68" "Simulation_68" 1.794 0.012 0.056 0.14 2.593 0.316 68 0.05 12000 1000 1 500 111 1 0 1 0 1 1 -1 -1 -1 5018.28767375138
"69" "Simulation_69" 2.8 0.057 0.181 0.067 1.338 0.768 69 0.05 12000 1000 1 500 111 1 0 1 5 5 0 1 0.067329272202629 3 5729.2153957535
"70" "Simulation_70" 2.297 0.034 0.117 0.104 0.711 0.542 70 0.05 12000 1000 1 500 111 1 0 1 1 1 0 1 -1 -1 6256.54466696557
"71" "Simulation_71" 1.291 0.08 0.244 0.031 1.966 0.995 71 0.05 12000 1000 1 500 111 1 0 1 128 128 0 1 0.117986534145559 81 6825.24823022708
"72" "Simulation_72" 1.417 0.029 0.103 0.076 2.123 0.938 72 0.05 12000 1000 1 500 111 1 0 1 551 553 2 1 0.856364219301058 534 3702.5102331529
"73" "Simulation_73" 2.422 0.074 0.228 0.149 0.868 0.485 73 0.05 12000 1000 1 500 111 1 0 1 25 25 0 1 0.916639948701507 18 6072.58212537549
"74" "Simulation_74" 2.925 0.051 0.164 0.04 1.495 0.712 74 0.05 12000 1000 1 500 111 1 0 1 125 125 0 1 0.984289836486053 65 5618.28869058723
"75" "Simulation_75" 1.919 0.097 0.292 0.113 2.75 0.259 75 0.05 12000 1000 1 500 111 1 0 1 1 1 0 1 -1 -1 4351.46478951512
"76" "Simulation_76" 1.668 0.04 0.133 0.058 1.181 0.146 76 0.05 12000 1000 1 500 111 1 0 1 736 736 0 1 0.185315806348189 110 4079.4835619875
"77" "Simulation_77" 2.674 0.085 0.258 0.131 2.436 0.599 77 0.05 12000 1000 1 500 111 1 0 1 80 80 0 1 0.119589612055146 49 4196.15154089103
"78" "Simulation_78" 2.171 0.017 0.069 0.022 1.809 0.372 78 0.05 12000 1000 1 500 111 1 0 1 9 9 0 0 -1 -1 5678.77376808138
"79" "Simulation_79" 1.165 0.063 0.197 0.095 0.554 0.825 79 0.05 12000 1000 1 500 111 1 0 1 7 7 0 1 0.64507855081757 7 7884.85915342942
"80" "Simulation_80" 1.228 0.02 0.078 0.099 1.73 0.57 80 0.05 12000 1000 1 500 111 1 0 1 0 1 1 -1 -1 -1 1020.84482208978
"81" "Simulation_81" 2.234 0.066 0.206 0.026 2.985 0.118 81 0.05 12000 1000 1 500 111 1 0 1 48 48 0 1 0.192369349150369 25 5284.06839785932
"82" "Simulation_82" 2.737 0.043 0.142 0.136 2.358 0.797 82 0.05 12000 1000 1 500 111 1 0 1 210 210 0 1 0.678422571336967 55 4061.7090432809
"83" "Simulation_83" 1.731 0.088 0.267 0.063 1.103 0.344 83 0.05 12000 1000 1 500 111 1 0 1 656 656 0 1 0.141070856043604 291 4351.46478951512
"84" "Simulation_84" 1.982 0.054 0.172 0.081 2.044 0.457 84 0.05 12000 1000 1 500 111 1 0 1 146 146 0 1 0.533183712728439 96 4868.44633210864
"85" "Simulation_85" 2.988 0.099 0.297 0.008 0.789 0.91 85 0.05 12000 1000 1 500 111 1 0 1 1 1 0 1 -1 -1 3290.82836190618
"86" "Simulation_86" 2.485 0.032 0.111 0.117 1.417 0.231 86 0.05 12000 1000 1 500 111 1 0 1 70 71 1 1 0.174735492144918 68 2400.65853296772
"87" "Simulation_87" 1.479 0.077 0.236 0.045 2.672 0.683 87 0.05 12000 1000 1 500 111 0 77 1 1428 1428 0 1 0.488938762423854 482 5772.32028691652
"88" "Simulation_88" 1.354 0.037 0.125 0.017 2.828 0.74 88 0.05 12000 1000 1 500 111 1 0 1 0 1 1 -1 -1 -1 4328.79132574959
"89" "Simulation_89" 2.36 0.082 0.25 0.09 1.574 0.287 89 0.05 12000 1000 1 500 111 1 0 1 357 357 0 1 0.127925617184995 163 2355.18603621959
"90" "Simulation_90" 2.862 0.015 0.064 0.054 0.946 0.966 90 0.05 12000 1000 1 500 111 1 0 1 0 1 1 -1 -1 -1 4104.06045043984
"91" "Simulation_91" 1.857 0.06 0.189 0.126 2.201 0.514 91 0.05 12000 1000 1 500 111 1 0 1 987 987 0 1 0.531260019236935 513 4776.91311256284
"92" "Simulation_92" 1.605 0.026 0.094 0.035 0.632 0.401 92 0.05 12000 1000 1 500 111 1 0 1 17 17 0 1 0.495992305226034 17 3764.92066138386
"93" "Simulation_93" 2.611 0.071 0.219 0.108 1.887 0.853 93 0.05 12000 1000 1 500 111 1 0 1 10 10 0 1 0.464251362616223 6 2813.07179757856
"94" "Simulation_94" 2.108 0.049 0.158 0.072 2.515 0.174 94 0.05 12000 1000 1 500 111 1 0 1 53 53 0 1 0.178262263546008 43 3573.17404002522
"95" "Simulation_95" 1.102 0.094 0.283 0.145 1.26 0.627 95 0.05 12000 1000 1 500 111 0 35 1 1190 1191 1 1 0.81372234690606 568 6009.76823525392
"96" "Simulation_96" 1.071 0.022 0.083 0.056 1.77 0.528 96 0.05 12000 1000 1 500 111 0 64 1 2162 2304 142 1 0.0426418723949984 93 3305.63254275232
"97" "Simulation_97" 2.077 0.067 0.208 0.129 0.515 0.981 97 0.05 12000 1000 1 500 111 1 0 1 2 2 0 1 0.301378647002244 2 4537.34264201239
"98" "Simulation_98" 2.58 0.044 0.144 0.02 1.142 0.302 98 0.05 12000 1000 1 500 111 1 0 1 113 113 0 1 0.4174414876563 41 3510.16854057275
"99" "Simulation_99" 1.574 0.09 0.272 0.092 2.397 0.754 99 0.05 12000 1000 1 500 111 0 64 1 1142 1142 0 1 0.623276691247195 514 7884.85915342942
"100" "Simulation_100" 1.825 0.033 0.114 0.074 1.456 0.641 100 0.05 12000 1000 1 500 111 1 0 1 735 735 0 1 0.995831997435075 704 2695.00310964363
"101" "Simulation_101" 2.831 0.078 0.239 0.147 2.711 0.188 101 0.05 12000 1000 1 500 111 1 0 1 6 6 0 1 0.0987495992305226 3 4871.21714264097
"102" "Simulation_102" 2.328 0.01 0.05 0.038 2.083 0.867 102 0.05 12000 1000 1 500 111 1 0 1 0 1 1 -1 -1 -1 3299.81652000594
"103" "Simulation_103" 1.322 0.056 0.178 0.11 0.828 0.415 103 0.05 12000 1000 1 500 111 1 0 1 510 511 1 1 0.98589291439564 233 2523.1377365732
"104" "Simulation_104" 1.448 0.05 0.161 0.138 0.672 0.358 104 0.05 12000 1000 1 500 111 1 0 1 15 15 0 1 0.468739980763065 11 6386.63021972606
"105" "Simulation_105" 2.454 0.095 0.286 0.065 1.926 0.811 105 0.05 12000 1000 1 500 111 1 0 1 25 25 0 1 0.140750240461686 14 4156.60351012466
"106" "Simulation_106" 2.957 0.027 0.097 0.101 2.554 0.132 106 0.05 12000 1000 1 500 111 1 0 1 6 6 0 0 -1 -1 6232.04626713894
"107" "Simulation_107" 1.951 0.073 0.225 0.029 1.299 0.584 107 0.05 12000 1000 1 500 111 1 0 1 155 155 0 1 0.204873356845143 71 3733.15728443952
"108" "Simulation_108" 1.699 0.016 0.067 0.12 2.868 0.698 108 0.05 12000 1000 1 500 111 1 0 1 7 8 1 0 -1 -1 4016.41490496886
"109" "Simulation_109" 2.705 0.061 0.192 0.047 1.613 0.245 109 0.05 12000 1000 1 500 111 1 0 1 109 109 0 1 0.195254889387624 67 4559.11121000745
"110" "Simulation_110" 2.202 0.039 0.131 0.083 0.985 0.924 110 0.05 12000 1000 1 500 111 1 0 1 1 1 0 1 -1 -1 5994.5424334122
"111" "Simulation_111" 1.196 0.084 0.256 0.01 2.24 0.471 111 0.05 12000 1000 1 500 111 0 19 1 1472 1473 1 1 0.373517152933633 589 2585.33302031035
"112" "Simulation_112" 1.134 0.041 0.136 0.033 2.475 0.217 112 0.05 12000 1000 1 500 111 1 0 1 1 1 0 0 -1 -1 3358.77556507903
"113" "Simulation_113" 2.139 0.087 0.264 0.106 1.221 0.669 113 0.05 12000 1000 1 500 111 1 0 1 19 19 0 1 0.602757294004489 16 7571.45763287579
"114" "Simulation_114" 2.642 0.019 0.075 0.07 0.593 0.443 114 0.05 12000 1000 1 500 111 1 0 1 3 4 1 1 0.176979801218339 3 5613.07866585917
"115" "Simulation_115" 1.637 0.064 0.2 0.142 1.848 0.896 115 0.05 12000 1000 1 500 111 1 0 1 108 109 1 1 0.756652773324784 68 3530.17942816772
"116" "Simulation_116" 1.888 0.03 0.106 0.015 0.907 0.783 116 0.05 12000 1000 1 500 111 1 0 1 127 129 2 1 0.183712728438602 59 7681.85005248198
"117" "Simulation_117" 2.894 0.075 0.231 0.088 2.162 0.33 117 0.05 12000 1000 1 500 111 1 0 1 64 64 0 1 0.10965052901571 38 4914.65066317811
"118" "Simulation_118" 2.391 0.053 0.169 0.051 2.789 0.556 118 0.05 12000 1000 1 500 111 1 0 1 86 86 0 1 0.221224751522924 30 5216.38240528338
"119" "Simulation_119" 1.385 0.098 0.294 0.124 1.534 0.104 119 0.05 12000 1000 1 500 111 1 0 1 176 176 0 1 0.14267393395319 94 5254.69372437031
"120" "Simulation_120" 1.259 0.013 0.058 0.079 1.377 0.16 120 0.05 12000 1000 1 500 111 1 0 1 0 1 1 -1 -1 -1 6090.02218430637
"121" "Simulation_121" 2.265 0.058 0.183 0.006 2.632 0.613 121 0.05 12000 1000 1 500 111 1 0 1 283 283 0 1 0.993267072779737 120 4703.75304311219
"122" "Simulation_122" 2.768 0.036 0.122 0.115 2.005 0.386 122 0.05 12000 1000 1 500 111 1 0 1 20 20 0 1 0.156139788393716 11 2318.60173875278
"123" "Simulation_123" 1.762 0.081 0.247 0.042 0.75 0.839 123 0.05 12000 1000 1 500 111 1 0 1 1 1 0 1 -1 -1 2564.44477888143
"124" "Simulation_124" 1.511 0.047 0.153 0.097 2.319 0.952 124 0.05 12000 1000 1 500 111 0 10 1 1784 1786 2 1 0.822058352035909 511 6357.00190403854
"125" "Simulation_125" 2.517 0.092 0.278 0.024 1.064 0.5 125 0.05 12000 1000 1 500 111 1 0 1 81 81 0 1 0.132734850913754 51 5128.96202511062
"126" "Simulation_126" 2.014 0.024 0.089 0.133 1.691 0.726 126 0.05 12000 1000 1 500 111 1 0 1 63 65 2 1 0.0897723629368387 35 4987.62739868842
"127" "Simulation_127" 1.008 0.07 0.217 0.06 2.946 0.273 127 0.05 12000 1000 1 500 111 0 69 1 1605 1605 0 1 0.203911510099391 328 5122.02776444089
"128" "Simulation_128" 1.016 0.04 0.133 0.142 1.662 0.475 128 0.05 12000 1000 1 500 111 1 0 1 0 1 1 -1 -1 -1 2120.47714839258
"129" "Simulation_129" 2.022 0.085 0.258 0.069 2.917 0.928 129 0.05 12000 1000 1 500 111 1 0 1 289 289 0 1 0.661429945495351 166 2022.32192877058
"130" "Simulation_130" 2.525 0.017 0.069 0.105 2.289 0.249 130 0.05 12000 1000 1 500 111 1 0 1 0 1 1 -1 -1 -1 4839.41781898048
"131" "Simulation_131" 1.519 0.062 0.194 0.033 1.034 0.701 131 0.05 12000 1000 1 500 111 1 0 1 91 91 0 1 0.811798653414556 53 6311.02103196987
"132" "Simulation_132" 1.77 0.028 0.1 0.124 1.975 0.588 132 0.05 12000 1000 1 500 111 1 0 1 0 1 1 -1 -1 -1 5096.31770666359
"133" "Simulation_133" 2.776 0.074 0.228 0.051 0.721 0.135 133 0.05 12000 1000 1 500 111 1 0 1 164 164 0 1 0.249118307149727 107 4778.06636208747
"134" "Simulation_134" 2.273 0.051 0.164 0.087 1.348 0.814 134 0.05 12000 1000 1 500 111 1 0 1 1 1 0 1 -1 -1 4656.16847128797
"135" "Simulation_135" 1.267 0.096 0.289 0.014 2.603 0.362 135 0.05 12000 1000 1 500 111 0 203 1 1377 1380 3 1 0.168002564924655 407 5141.50944488196
"136" "Simulation_136" 1.393 0.011 0.053 0.042 2.76 0.418 136 0.05 12000 1000 1 500 111 1 0 1 0 1 1 -1 -1 -1 4136.50110366489
"137" "Simulation_137" 2.399 0.057 0.181 0.114 1.505 0.871 137 0.05 12000 1000 1 500 111 1 0 1 1 1 0 1 -1 -1 2139.55724405721
"138" "Simulation_138" 2.902 0.034 0.117 0.005 0.877 0.192 138 0.05 12000 1000 1 500 111 1 0 1 81 82 1 1 0.0391151009939083 23 2739.91964045102
"139" "Simulation_139" 1.896 0.079 0.242 0.078 2.132 0.645 139 0.05 12000 1000 1 500 111 0 3 1 1185 1186 1 1 0.468419365181148 540 3857.63155461895
"140" "Simulation_140" 1.644 0.045 0.147 0.06 0.564 0.758 140 0.05 12000 1000 1 500 111 1 0 1 0 1 1 -1 -1 -1 4767.47168308272
"141" "Simulation_141" 2.65 0.091 0.275 0.133 1.819 0.305 141 0.05 12000 1000 1 500 111 1 0 1 143 143 0 1 0.136582237896762 75 2739.91964045102
"142" "Simulation_142" 2.147 0.023 0.086 0.023 2.446 0.984 142 0.05 12000 1000 1 500 111 1 0 1 20 20 0 0 -1 -1 5870.41057307548
"143" "Simulation_143" 1.141 0.068 0.211 0.096 1.191 0.531 143 0.05 12000 1000 1 500 111 0 76 1 1379 1380 1 1 0.998717537672331 499 3310.00678986023
"144" "Simulation_144" 1.204 0.026 0.094 0.092 1.113 0.277 144 0.05 12000 1000 1 500 111 1 0 1 411 415 4 1 0.03302340493748 24 4458.42160220797
"145" "Simulation_145" 2.21 0.071 0.219 0.019 2.368 0.729 145 0.05 12000 1000 1 500 111 1 0 1 162 162 0 1 0.25713369669766 68 5338.27315822199
"146" "Simulation_146" 2.713 0.048 0.156 0.128 2.995 0.503 146 0.05 12000 1000 1 500 111 1 0 1 0 1 1 -1 -1 -1 3466.06936796795
"147" "Simulation_147" 1.707 0.093 0.281 0.055 1.74 0.956 147 0.05 12000 1000 1 500 111 1 0 1 6 6 0 1 0.124719461365822 4 1865.11720057351
"148" "Simulation_148" 1.959 0.037 0.125 0.11 2.681 0.843 148 0.05 12000 1000 1 500 111 1 0 1 744 747 3 1 0.682590573901892 258 7811.62563024889
"149" "Simulation_149" 2.965 0.082 0.25 0.037 1.426 0.39 149 0.05 12000 1000 1 500 111 1 0 1 5 5 0 1 0.117345302981725 4 1576.8203279772
"150" "Simulation_150" 2.462 0.014 0.061 0.146 0.799 0.616 150 0.05 12000 1000 1 500 111 1 0 1 2 2 0 0 -1 -1 5980.96101744117
"151" "Simulation_151" 1.456 0.06 0.189 0.074 2.054 0.164 151 0.05 12000 1000 1 500 111 1 0 1 134 134 0 1 0.193972427059955 104 1714.75356704513
"152" "Simulation_152" 1.33 0.054 0.172 0.028 2.211 0.107 152 0.05 12000 1000 1 500 111 1 0 1 1 1 0 0 -1 -1 6743.72686847916
"153" "Simulation_153" 2.336 0.099 0.297 0.101 0.956 0.56 153 0.05 12000 1000 1 500 111 1 0 1 6 6 0 1 0.910868868226996 6 5893.62047999654
"154" "Simulation_154" 2.839 0.031 0.108 0.064 1.583 0.333 154 0.05 12000 1000 1 500 111 1 0 1 14 14 0 0 -1 -1 5330.93021390016
"155" "Simulation_155" 1.833 0.076 0.233 0.137 2.838 0.786 155 0.05 12000 1000 1 500 111 1 0 1 5 5 0 1 0.0904135941006733 2 3543.18618001879
"156" "Simulation_156" 1.582 0.02 0.078 0.01 1.27 0.899 156 0.05 12000 1000 1 500 111 1 0 1 167 173 6 1 0.603077909586406 149 6001.19662328113
"157" "Simulation_157" 2.587 0.065 0.203 0.083 2.525 0.447 157 0.05 12000 1000 1 500 111 1 0 1 30 30 0 1 0.20166720102597 20 6226.91057017567
"158" "Simulation_158" 2.084 0.043 0.142 0.046 1.897 0.673 158 0.05 12000 1000 1 500 111 0 25 1 2443 2444 1 1 0.981724911830715 368 4778.42107907134
"159" "Simulation_159" 1.079 0.088 0.267 0.119 0.642 0.22 159 0.05 12000 1000 1 500 111 0 107 1 1337 1339 2 1 1 648 6661.7130404771
"160" "Simulation_160" 1.11 0.016 0.067 0.062 2.407 0.828 160 0.05 12000 1000 1 500 111 1 0 1 0 1 1 -1 -1 -1 5355.9891813182
"161" "Simulation_161" 2.116 0.061 0.192 0.135 1.152 0.376 161 0.05 12000 1000 1 500 111 1 0 1 230 230 0 1 0.350432831035588 115 7124.16012974436
"162" "Simulation_162" 2.619 0.038 0.128 0.026 0.525 0.602 162 0.05 12000 1000 1 500 111 1 0 1 1 1 0 1 -1 -1 3747.96146528567
"163" "Simulation_163" 1.613 0.084 0.256 0.099 1.779 0.15 163 0.05 12000 1000 1 500 111 0 59 1 1160 1160 0 1 0.151971785828791 407 5678.77376808138
"164" "Simulation_164" 1.864 0.05 0.161 0.044 0.838 0.263 164 0.05 12000 1000 1 500 111 1 0 1 1872 1873 1 1 0.999679384418083 677 5113.51895081156
"165" "Simulation_165" 2.87 0.095 0.286 0.117 2.093 0.715 165 0.05 12000 1000 1 500 111 1 0 1 89 89 0 1 0.139788393715935 52 7702.0338354608
"166" "Simulation_166" 2.367 0.027 0.097 0.008 2.721 0.489 166 0.05 12000 1000 1 500 111 1 0 1 8 8 0 0 -1 -1 3152.07637975546
"167" "Simulation_167" 1.361 0.072 0.222 0.08 1.466 0.942 167 0.05 12000 1000 1 500 111 1 0 1 44 44 0 1 0.249759538313562 26 4532.61128671684
"168" "Simulation_168" 1.487 0.033 0.114 0.126 1.309 0.998 168 0.05 12000 1000 1 500 111 1 0 1 0 1 1 -1 -1 -1 6111.42238255193
"169" "Simulation_169" 2.493 0.078 0.239 0.053 2.564 0.546 169 0.05 12000 1000 1 500 111 1 0 1 392 392 0 1 0.26066046809875 196 3824.61391517291
"170" "Simulation_170" 2.996 0.01 0.05 0.089 1.936 0.772 170 0.05 12000 1000 1 500 111 1 0 1 0 1 1 -1 -1 -1 5762.84642890909
"171" "Simulation_171" 1.99 0.055 0.175 0.017 0.681 0.319 171 0.05 12000 1000 1 500 111 1 0 1 113 113 0 1 0.975953831356204 56 2570.672375437
"172" "Simulation_172" 1.739 0.021 0.081 0.144 2.25 0.206 172 0.05 12000 1000 1 500 111 1 0 1 0 1 1 -1 -1 -1 3409.49421678416
"173" "Simulation_173" 2.745 0.067 0.208 0.071 0.995 0.659 173 0.05 12000 1000 1 500 111 1 0 1 12 12 0 1 0.455915357486374 7 4242.20906189256
"174" "Simulation_174" 2.242 0.044 0.144 0.108 1.623 0.432 174 0.05 12000 1000 1 500 111 1 0 1 201 201 0 1 0.570375120230843 85 4046.93342079138
"175" "Simulation_175" 1.236 0.089 0.269 0.035 2.877 0.885 175 0.05 12000 1000 1 500 111 0 168 1 1193 1194 1 1 0.152292401410709 492 2665.82546535253
"176" "Simulation_176" 1.173 0.047 0.153 0.012 1.858 0.63 176 0.05 12000 1000 1 500 111 0 27 1 2200 2202 2 1 0.999679384418083 1566 5801.13940708525
"177" "Simulation_177" 2.179 0.092 0.278 0.085 0.603 0.178 177 0.05 12000 1000 1 500 111 1 0 1 104 104 0 1 1 80 2511.67527570911
"178" "Simulation_178" 2.682 0.024 0.089 0.048 1.23 0.857 178 0.05 12000 1000 1 500 111 1 0 1 28 28 0 1 0.609810836806669 28 4602.5489183393
"179" "Simulation_179" 1.676 0.069 0.214 0.121 2.485 0.404 179 0.05 12000 1000 1 500 111 1 0 1 30 30 0 1 0.200384738698301 15 2950.23252745855
"180" "Simulation_180" 1.927 0.013 0.058 0.03 1.544 0.517 180 0.05 12000 1000 1 500 111 1 0 1 0 1 1 -1 -1 -1 3600.16506206127
"181" "Simulation_181" 2.933 0.058 0.183 0.103 2.799 0.97 181 0.05 12000 1000 1 500 111 1 0 1 4 4 0 1 0.244950304584803 4 5804.69426695522
"182" "Simulation_182" 2.43 0.035 0.119 0.067 2.172 0.291 182 0.05 12000 1000 1 500 111 1 0 1 1 1 0 0 -1 -1 5941.71949846165
"183" "Simulation_183" 1.424 0.081 0.247 0.139 0.917 0.744 183 0.05 12000 1000 1 500 111 1 0 1 1 1 0 1 -1 -1 5321.8253442473
"184" "Simulation_184" 1.299 0.03 0.106 0.112 0.76 0.687 184 0.05 12000 1000 1 500 111 1 0 1 2 2 0 1 0.127284386021161 2 6057.48014840839
"185" "Simulation_185" 2.305 0.075 0.231 0.039 2.015 0.234 185 0.05 12000 1000 1 500 111 1 0 1 506 506 0 1 0.197819814042962 184 3323.84600135222
"186" "Simulation_186" 2.807 0.052 0.167 0.149 2.642 0.913 186 0.05 12000 1000 1 500 111 1 0 1 2 2 0 1 0.151651170246874 2 3169.57270612512
"187" "Simulation_187" 1.802 0.098 0.294 0.076 1.387 0.461 187 0.05 12000 1000 1 500 111 1 0 1 857 857 0 1 0.347547290798333 459 4924.29413545764
"188" "Simulation_188" 1.55 0.041 0.136 0.094 2.956 0.348 188 0.05 12000 1000 1 500 111 1 0 1 1 1 0 0 -1 -1 6664.47199719274
"189" "Simulation_189" 2.556 0.086 0.261 0.021 1.701 0.8 189 0.05 12000 1000 1 500 111 1 0 1 71 71 0 1 0.135941006732927 46 3862.96260061095
"190" "Simulation_190" 2.053 0.018 0.072 0.13 1.074 0.121 190 0.05 12000 1000 1 500 111 1 0 1 0 1 1 -1 -1 -1 5495.4102741795
"191" "Simulation_191" 1.047 0.064 0.2 0.058 2.328 0.574 191 0.05 12000 1000 1 500 111 0 189 1 1508 1508 0 1 0.418082718820135 615 1602.87725184341
"192" "Simulation_192" 1.031 0.028 0.1 0.041 1.132 0.737 192 0.05 12000 1000 1 500 111 1 0 1 0 1 1 -1 -1 -1 5852.09454971076
"193" "Simulation_193" 2.037 0.073 0.225 0.113 2.387 0.284 193 0.05 12000 1000 1 500 111 1 0 1 57 57 0 1 0.197499198461045 22 3810.09691575515
"194" "Simulation_194" 2.54 0.05 0.161 0.077 1.76 0.963 194 0.05 12000 1000 1 500 111 1 0 1 2 3 1 1 0.10965052901571 2 6772.60103557305
"195" "Simulation_195" 1.534 0.096 0.289 0.15 0.505 0.51 195 0.05 12000 1000 1 500 111 1 0 1 1 1 0 1 -1 -1 3984.26084005043
"196" "Simulation_196" 1.786 0.039 0.131 0.022 2.074 0.397 196 0.05 12000 1000 1 500 111 1 0 1 8 8 0 0 -1 -1 3554.87092374923
"197" "Simulation_197" 2.792 0.084 0.256 0.095 0.819 0.85 197 0.05 12000 1000 1 500 111 1 0 1 2 2 0 1 0.518114780378326 2 4150.10599566544
"198" "Simulation_198" 2.289 0.016 0.067 0.059 1.446 0.171 198 0.05 12000 1000 1 500 111 1 0 1 0 1 1 -1 -1 -1 4563.6617277319
"199" "Simulation_199" 1.283 0.062 0.194 0.132 2.701 0.623 199 0.05 12000 1000 1 500 111 0 88 1 1447 1450 3 1 0.897082398204553 696 2570.672375437
"200" "Simulation_200" 1.409 0.045 0.147 0.086 2.544 0.567 200 0.05 12000 1000 1 500 111 0 5 1 2422 2424 2 1 0.610452067970503 1547 5237.45097287278
"201" "Simulation_201" 2.415 0.09 0.272 0.013 1.289 0.114 201 0.05 12000 1000 1 500 111 1 0 1 8 8 0 1 0.134337928823341 8 5852.69606329147
"202" "Simulation_202" 2.917 0.022 0.083 0.122 0.662 0.793 202 0.05 12000 1000 1 500 111 1 0 1 0 1 1 -1 -1 -1 5405.81679193886
"203" "Simulation_203" 1.912 0.067 0.208 0.05 1.917 0.34 203 0.05 12000 1000 1 500 111 1 0 1 26 26 0 1 0.136261622314845 15 4656.3492698724
"204" "Simulation_204" 1.66 0.011 0.053 0.104 0.975 0.454 204 0.05 12000 1000 1 500 111 1 0 1 0 1 1 -1 -1 -1 4412.15212730156
"205" "Simulation_205" 2.666 0.056 0.178 0.031 2.23 0.906 205 0.05 12000 1000 1 500 111 1 0 1 29 30 1 1 0.843860211606284 21 5787.243105942
"206" "Simulation_206" 2.163 0.033 0.114 0.141 2.858 0.227 206 0.05 12000 1000 1 500 111 1 0 1 1 1 0 0 -1 -1 5509.9304141601
"207" "Simulation_207" 1.157 0.079 0.242 0.068 1.603 0.68 207 0.05 12000 1000 1 500 111 0 77 1 1264 1264 0 1 0.536389868547611 510 1576.8203279772
"208" "Simulation_208" 1.22 0.036 0.122 0.054 0.583 0.935 208 0.05 12000 1000 1 500 111 1 0 1 2 2 0 1 0.211285668483488 2 3104.50582268566
"209" "Simulation_209" 2.226 0.081 0.247 0.127 1.838 0.482 209 0.05 12000 1000 1 500 111 1 0 1 479 479 0 1 0.463930747034306 227 3903.45434520001
"210" "Simulation_210" 2.729 0.014 0.061 0.018 2.466 0.708 210 0.05 12000 1000 1 500 111 1 0 1 44 44 0 0 -1 -1 5592.36439417297
"211" "Simulation_211" 1.723 0.059 0.186 0.091 1.211 0.256 211 0.05 12000 1000 1 500 111 1 0 1 1580 1580 0 1 0.297531260019237 93 5332.97769821351
"212" "Simulation_212" 1.974 0.025 0.092 0.072 2.779 0.142 212 0.05 12000 1000 1 500 111 1 0 1 25 25 0 0 -1 -1 1536.10693257366
"213" "Simulation_213" 2.98 0.07 0.217 0.145 1.525 0.595 213 0.05 12000 1000 1 500 111 1 0 1 1 1 0 1 -1 -1 2526.78630177341
"214" "Simulation_214" 2.477 0.047 0.153 0.036 0.897 0.369 214 0.05 12000 1000 1 500 111 1 0 1 11 11 0 1 0.806027572940045 11 2318.60173875278
"215" "Simulation_215" 1.472 0.093 0.281 0.109 2.152 0.821 215 0.05 12000 1000 1 500 111 1 0 1 620 620 0 1 0.90798332798974 363 3702.06972220682
"216" "Simulation_216" 1.346 0.019 0.075 0.136 1.995 0.878 216 0.05 12000 1000 1 500 111 1 0 1 0 1 1 -1 -1 -1 4410.57215116957
"217" "Simulation_217" 2.352 0.064 0.2 0.063 0.74 0.425 217 0.05 12000 1000 1 500 111 1 0 1 5 5 0 1 0.0782302019878166 4 2002.22151630839
"218" "Simulation_218" 2.855 0.042 0.139 0.1 1.368 0.652 218 0.05 12000 1000 1 500 111 1 0 1 1 1 0 1 -1 -1 1937.09587541816
"219" "Simulation_219" 1.849 0.087 0.264 0.027 2.623 0.199 219 0.05 12000 1000 1 500 111 0 94 1 1239 1239 0 1 0.151971785828791 508 2112.98666668402
"220" "Simulation_220" 1.597 0.053 0.169 0.118 1.681 0.312 220 0.05 12000 1000 1 500 111 1 0 1 51 52 1 1 0.255210003206156 42 3794.52948719209
"221" "Simulation_221" 2.603 0.098 0.294 0.045 2.936 0.765 221 0.05 12000 1000 1 500 111 1 0 1 77 77 0 1 0.137223469060596 52 5069.38220574913
"222" "Simulation_222" 2.1 0.031 0.108 0.081 2.309 0.539 222 0.05 12000 1000 1 500 111 1 0 1 68 68 0 0 -1 -1 5405.81679193886
"223" "Simulation_223" 1.094 0.076 0.233 0.009 1.054 0.991 223 0.05 12000 1000 1 500 111 1 0 1 9 10 1 1 0.115421609490221 7 5724.04301212979
"224" "Simulation_224" 1.063 0.052 0.167 0.102 2.897 0.157 224 0.05 12000 1000 1 500 111 1 0 1 607 609 2 1 0.193331195896121 536 5420.8688366368
"225" "Simulation_225" 2.069 0.097 0.292 0.029 1.642 0.609 225 0.05 12000 1000 1 500 111 1 0 1 915 916 1 1 0.919525488938762 487 6374.34858790354
"226" "Simulation_226" 2.572 0.029 0.103 0.138 1.015 0.383 226 0.05 12000 1000 1 500 111 1 0 1 294 301 7 1 0.0320615581917281 9 4968.36738976495
"227" "Simulation_227" 1.566 0.074 0.228 0.066 2.27 0.836 227 0.05 12000 1000 1 500 111 1 0 1 738 738 0 1 0.672010259698621 341 4313.27110805027
"228" "Simulation_228" 1.817 0.018 0.072 0.084 0.701 0.949 228 0.05 12000 1000 1 500 111 1 0 1 3 3 0 1 0.203270278935556 3 5272.38784733745
"229" "Simulation_229" 2.823 0.063 0.197 0.011 1.956 0.496 229 0.05 12000 1000 1 500 111 1 0 1 144 144 0 1 0.938441808271882 82 2303.79755790664
"230" "Simulation_230" 2.32 0.04 0.133 0.12 2.583 0.722 230 0.05 12000 1000 1 500 111 1 0 1 214 214 0 1 0.975953831356204 168 2099.26156008621
"231" "Simulation_231" 1.314 0.086 0.261 0.047 1.328 0.27 231 0.05 12000 1000 1 500 111 0 172 1 1575 1575 0 1 0.158704713049054 464 5030.92566637666
"232" "Simulation_232" 1.44 0.023 0.086 0.02 1.485 0.213 232 0.05 12000 1000 1 500 111 1 0 1 25 25 0 0 -1 -1 3135.56022446859
"233" "Simulation_233" 2.446 0.069 0.214 0.093 2.74 0.666 233 0.05 12000 1000 1 500 111 1 0 1 94 94 0 1 0.104520679705034 50 5339.02597955705
"234" "Simulation_234" 2.949 0.046 0.15 0.056 2.113 0.439 234 0.05 12000 1000 1 500 111 1 0 1 39 39 0 1 0.276370631612696 24 2914.3432883102
"235" "Simulation_235" 1.943 0.091 0.275 0.129 0.858 0.892 235 0.05 12000 1000 1 500 111 1 0 1 1 1 0 1 -1 -1 5259.60862621605
"236" "Simulation_236" 1.692 0.035 0.119 0.038 1.799 0.779 236 0.05 12000 1000 1 500 111 1 0 1 575 576 1 1 0.995831997435075 570 4899.32062849354
"237" "Simulation_237" 2.697 0.08 0.244 0.111 0.544 0.326 237 0.05 12000 1000 1 500 111 1 0 1 2 2 0 1 0.513626162231484 2 5524.35687178181
"238" "Simulation_238" 2.194 0.012 0.056 0.075 1.172 0.553 238 0.05 12000 1000 1 500 111 1 0 1 99 113 14 0 -1 -1 5077.587288761
"239" "Simulation_239" 1.189 0.057 0.181 0.147 2.426 0.1 239 0.05 12000 1000 1 500 111 1 0 1 20 20 0 1 0.182430266110933 20 2903.08016441691
"240" "Simulation_240" 1.126 0.015 0.064 0.116 2.348 0.355 240 0.05 12000 1000 1 500 111 1 0 1 0 1 1 -1 -1 -1 7204.84785301193
"241" "Simulation_241" 2.132 0.06 0.189 0.043 1.093 0.807 241 0.05 12000 1000 1 500 111 1 0 1 13 13 0 1 0.527733247835845 9 5077.587288761
"242" "Simulation_242" 2.635 0.038 0.128 0.079 1.721 0.128 242 0.05 12000 1000 1 500 111 1 0 1 104 104 0 1 0.180506572619429 93 2819.66859077554
"243" "Simulation_243" 1.629 0.083 0.253 0.006 2.975 0.581 243 0.05 12000 1000 1 500 111 1 0 1 240 240 0 1 0.241102917601795 100 4565.60443165947
"244" "Simulation_244" 1.88 0.049 0.158 0.134 1.407 0.694 244 0.05 12000 1000 1 500 111 0 29 1 1601 1608 7 1 0.91631933311959 516 4124.35103891773
"245" "Simulation_245" 2.886 0.094 0.283 0.061 2.662 0.241 245 0.05 12000 1000 1 500 111 1 0 1 1 1 0 0 -1 -1 6417.00313633296
"246" "Simulation_246" 2.383 0.026 0.094 0.097 2.034 0.92 246 0.05 12000 1000 1 500 111 1 0 1 0 1 1 -1 -1 -1 3699.65135090095
"247" "Simulation_247" 1.377 0.072 0.222 0.025 0.779 0.468 247 0.05 12000 1000 1 500 111 1 0 1 112 112 0 1 0.700224430907342 68 1400.05747681967
"248" "Simulation_248" 1.251 0.043 0.142 0.07 0.936 0.524 248 0.05 12000 1000 1 500 111 1 0 1 143 147 4 1 0.921769798012183 143 3575.40245081125
"249" "Simulation_249" 2.257 0.089 0.269 0.143 2.191 0.977 249 0.05 12000 1000 1 500 111 1 0 1 2 2 0 1 0.27476755370311 2 2869.49786488479
"250" "Simulation_250" 2.76 0.021 0.081 0.034 2.819 0.298 250 0.05 12000 1000 1 500 111 1 0 1 4 4 0 0 -1 -1 5376.0226270425
"251" "Simulation_251" 1.754 0.066 0.206 0.106 1.564 0.751 251 0.05 12000 1000 1 500 111 1 0 1 0 1 1 -1 -1 -1 2585.33302031035
"252" "Simulation_252" 1.503 0.032 0.111 0.052 2.505 0.638 252 0.05 12000 1000 1 500 111 1 0 1 129 131 2 1 0.0310997114459763 3 4958.93445001789
"253" "Simulation_253" 2.509 0.077 0.236 0.125 1.25 0.185 253 0.05 12000 1000 1 500 111 1 0 1 230 230 0 1 0.13209361974992 109 1890.59646432906
"254" "Simulation_254" 2.006 0.055 0.175 0.016 0.623 0.864 254 0.05 12000 1000 1 500 111 1 0 1 3 3 0 1 0.371272843860212 2 3104.50582268566
"255" "Simulation_255" 1 0.1 0.3 0.088 1.877 0.411 255 0.05 12000 1000 1 500 111 0 141 1 1596 1596 0 1 0.173132414235332 479 3545.5804827173
"256" "Simulation_256" 1.004 0.055 0.175 0.046 2.588 0.979 256 0.05 12000 1000 1 500 111 0 172 1 1862 1862 0 1 0.928502725232446 367 1380.48704948844
"257" "Simulation_257" 2.01 0.1 0.3 0.119 1.333 0.526 257 0.05 12000 1000 1 500 111 1 0 1 177 177 0 1 0.60019236934915 109 5413.35347458846
"258" "Simulation_258" 2.513 0.032 0.111 0.01 0.706 0.752 258 0.05 12000 1000 1 500 111 1 0 1 3 3 0 1 0.288554023725553 3 5770.1683965891
"259" "Simulation_259" 1.507 0.077 0.236 0.082 1.961 0.3 259 0.05 12000 1000 1 500 111 0 84 1 1436 1436 0 1 0.151971785828791 448 3886.62057764328
"260" "Simulation_260" 1.758 0.021 0.081 0.064 1.02 0.187 260 0.05 12000 1000 1 500 111 1 0 1 0 1 1 -1 -1 -1 3934.28400450619
"261" "Simulation_261" 2.764 0.066 0.206 0.137 2.275 0.639 261 0.05 12000 1000 1 500 111 1 0 1 4 4 0 1 0.0766271240782302 4 3217.90372363311
"262" "Simulation_262" 2.261 0.043 0.142 0.028 2.902 0.413 262 0.05 12000 1000 1 500 111 1 0 1 35 35 0 0 -1 -1 4407.98022288421
"263" "Simulation_263" 1.255 0.089 0.269 0.101 1.647 0.866 263 0.05 12000 1000 1 500 111 1 0 1 57 57 0 1 0.218980442449503 38 4987.62207746461
"264" "Simulation_264" 1.381 0.026 0.094 0.146 1.176 0.809 264 0.05 12000 1000 1 500 111 1 0 1 17 17 0 1 0.16864379608849 17 5032.49487561865
"265" "Simulation_265" 2.387 0.072 0.222 0.073 2.431 0.356 265 0.05 12000 1000 1 500 111 1 0 1 200 200 0 1 0.105803142032703 78 2084.45737924007
"266" "Simulation_266" 2.89 0.049 0.158 0.11 1.804 0.583 266 0.05 12000 1000 1 500 111 1 0 1 14 14 0 1 0.948380891311318 13 3593.26952235442
"267" "Simulation_267" 1.884 0.094 0.283 0.037 0.549 0.13 267 0.05 12000 1000 1 500 111 1 0 1 944 944 0 1 1 520 6194.31245029934
"268" "Simulation_268" 1.633 0.038 0.128 0.128 2.118 0.243 268 0.05 12000 1000 1 500 111 1 0 1 0 1 1 -1 -1 -1 5122.02776444089
"269" "Simulation_269" 2.639 0.083 0.253 0.055 0.863 0.696 269 0.05 12000 1000 1 500 111 1 0 1 1 1 0 1 -1 -1 3235.90150247604
"270" "Simulation_270" 2.136 0.015 0.064 0.091 1.49 0.47 270 0.05 12000 1000 1 500 111 1 0 1 0 1 1 -1 -1 -1 2675.16258305511
"271" "Simulation_271" 1.13 0.06 0.189 0.019 2.745 0.922 271 0.05 12000 1000 1 500 111 0 155 1 2074 2074 0 1 0.816287271561398 384 4438.46141508287
"272" "Simulation_272" 1.193 0.012 0.056 0.023 2.039 0.668 272 0.05 12000 1000 1 500 111 1 0 1 0 1 1 -1 -1 -1 5066.41552566714
"273" "Simulation_273" 2.198 0.058 0.183 0.096 0.784 0.215 273 0.05 12000 1000 1 500 111 1 0 1 122 122 0 1 0.332798974030138 70 4453.4568068815
"274" "Simulation_274" 2.701 0.035 0.119 0.06 1.412 0.894 274 0.05 12000 1000 1 500 111 1 0 1 6 6 0 1 0.421609490221225 6 5917.80666517979
"275" "Simulation_275" 1.695 0.08 0.244 0.132 2.667 0.441 275 0.05 12000 1000 1 500 111 0 57 1 1254 1254 0 1 0.173453029817249 439 2165.04557575591
"276" "Simulation_276" 1.947 0.046 0.15 0.005 1.725 0.328 276 0.05 12000 1000 1 500 111 1 0 1 1 1 0 0 -1 -1 7671.91040875226
"277" "Simulation_277" 2.953 0.092 0.278 0.078 2.98 0.781 277 0.05 12000 1000 1 500 111 1 0 1 253 253 0 1 0.14267393395319 153 6605.96951441133
"278" "Simulation_278" 2.45 0.024 0.089 0.041 2.353 0.102 278 0.05 12000 1000 1 500 111 1 0 1 0 1 1 -1 -1 -1 2923.5514100485
"279" "Simulation_279" 1.444 0.069 0.214 0.114 1.098 0.554 279 0.05 12000 1000 1 500 111 1 0 1 199 200 1 1 0.982366142994549 87 4195.26577283808
"280" "Simulation_280" 1.318 0.041 0.136 0.087 0.627 0.611 280 0.05 12000 1000 1 500 111 1 0 1 4 4 0 1 0.297531260019237 4 5528.01972524991
"281" "Simulation_281" 2.324 0.086 0.261 0.014 1.882 0.158 281 0.05 12000 1000 1 500 111 1 0 1 35 35 0 1 0.130811157422251 27 4971.57971697563
"282" "Simulation_282" 2.827 0.018 0.072 0.123 2.51 0.837 282 0.05 12000 1000 1 500 111 1 0 1 0 1 1 -1 -1 -1 5125.54828324403
"283" "Simulation_283" 1.821 0.063 0.197 0.05 1.255 0.385 283 0.05 12000 1000 1 500 111 1 0 1 217 217 0 1 0.71112536069253 116 5430.70093836223
"284" "Simulation_284" 1.57 0.029 0.103 0.105 2.824 0.498 284 0.05 12000 1000 1 500 111 1 0 1 5 5 0 0 -1 -1 2166.52269361818
"285" "Simulation_285" 2.576 0.075 0.231 0.032 1.569 0.95 285 0.05 12000 1000 1 500 111 1 0 1 13 13 0 1 0.105161910868868 10 5626.52570709022
"286" "Simulation_286" 2.073 0.052 0.167 0.141 0.941 0.272 286 0.05 12000 1000 1 500 111 0 6 1 1680 1681 1 1 0.930105803142033 688 4187.44822202151
"287" "Simulation_287" 1.067 0.097 0.292 0.069 2.196 0.724 287 0.05 12000 1000 1 500 111 0 172 1 1249 1249 0 1 0.17569733889067 455 6014.88820067733
"288" "Simulation_288" 1.098 0.031 0.108 0.13 1.451 0.427 288 0.05 12000 1000 1 500 111 1 0 1 0 1 1 -1 -1 -1 NA
"289" "Simulation_289" 2.104 0.076 0.233 0.057 2.706 0.88 289 0.05 12000 1000 1 500 111 1 0 1 135 135 0 1 0.121192689964732 70 5842.59132783663
"290" "Simulation_290" 2.607 0.053 0.169 0.094 2.078 0.201 290 0.05 12000 1000 1 500 111 1 0 1 10 10 0 1 0.176338570054505 8 4391.17782043922
"291" "Simulation_291" 1.601 0.099 0.297 0.021 0.824 0.653 291 0.05 12000 1000 1 500 111 1 0 1 3 3 0 1 0.60019236934915 3 3166.59337917321
"292" "Simulation_292" 1.853 0.042 0.139 0.148 1.765 0.767 292 0.05 12000 1000 1 500 111 1 0 1 4 4 0 1 0.0375120230843219 3 2047.65765655335
"293" "Simulation_293" 2.859 0.087 0.264 0.076 0.51 0.314 293 0.05 12000 1000 1 500 111 1 0 1 5 5 0 1 0.625200384738698 5 4423.68810388369
"294" "Simulation_294" 2.356 0.019 0.075 0.112 1.137 0.993 294 0.05 12000 1000 1 500 111 1 0 1 2 2 0 0 -1 -1 5980.96101744117
"295" "Simulation_295" 1.35 0.065 0.203 0.039 2.392 0.54 295 0.05 12000 1000 1 500 111 0 206 1 1892 1892 0 1 0.0868868226995832 11 7551.27384989697
"296" "Simulation_296" 1.475 0.048 0.156 0.066 2.863 0.484 296 0.05 12000 1000 1 500 111 1 0 1 180 180 0 1 0.213529977556909 139 4948.83809699831
"297" "Simulation_297" 2.481 0.093 0.281 0.139 1.608 0.936 297 0.05 12000 1000 1 500 111 1 0 1 1 1 0 1 -1 -1 3619.14761867154
"298" "Simulation_298" 2.984 0.025 0.092 0.03 0.98 0.257 298 0.05 12000 1000 1 500 111 1 0 1 1596 1597 1 0 -1 -1 6357.00190403854
"299" "Simulation_299" 1.978 0.07 0.217 0.103 2.235 0.71 299 0.05 12000 1000 1 500 111 1 0 1 293 293 0 1 0.859570375120231 147 5976.84298862308
"300" "Simulation_300" 1.727 0.014 0.061 0.048 0.667 0.597 300 0.05 12000 1000 1 500 111 1 0 1 15 19 4 1 0.25713369669766 15 2850.4485719714
"301" "Simulation_301" 2.733 0.059 0.186 0.121 1.922 0.144 301 0.05 12000 1000 1 500 111 1 0 1 1 1 0 1 -1 -1 5474.25109197272
"302" "Simulation_302" 2.23 0.036 0.122 0.012 2.549 0.823 302 0.05 12000 1000 1 500 111 1 0 1 917 918 1 1 0.412632253927541 135 7070.25754385497
"303" "Simulation_303" 1.224 0.082 0.25 0.085 1.294 0.371 303 0.05 12000 1000 1 500 111 0 103 1 1337 1337 0 1 0.162872715613979 479 7831.80941322771
"304" "Simulation_304" 1.161 0.034 0.117 0.107 0.902 0.116 304 0.05 12000 1000 1 500 111 0 52 1 1601 1692 91 0 -1 -1 4535.82223536702
"305" "Simulation_305" 2.167 0.079 0.242 0.035 2.157 0.569 305 0.05 12000 1000 1 500 111 1 0 1 709 709 0 1 0.433472266752164 318 6270.35758622587
"306" "Simulation_306" 2.67 0.011 0.053 0.144 2.784 0.342 306 0.05 12000 1000 1 500 111 1 0 1 0 1 1 -1 -1 -1 5265.63055252135
"307" "Simulation_307" 1.664 0.056 0.178 0.071 1.529 0.795 307 0.05 12000 1000 1 500 111 1 0 1 74 74 0 1 0.894196857967297 35 5896.98950468707
"308" "Simulation_308" 1.916 0.022 0.083 0.089 2.471 0.908 308 0.05 12000 1000 1 500 111 1 0 1 0 1 1 -1 -1 -1 3872.19644801864
"309" "Simulation_309" 2.921 0.067 0.208 0.016 1.216 0.455 309 0.05 12000 1000 1 500 111 1 0 1 38 38 0 1 0.0929785187560115 12 1960.2223965071
"310" "Simulation_310" 2.418 0.045 0.147 0.126 0.588 0.682 310 0.05 12000 1000 1 500 111 1 0 1 1 1 0 1 -1 -1 3039.00876944211
"311" "Simulation_311" 1.413 0.09 0.272 0.053 1.843 0.229 311 0.05 12000 1000 1 500 111 0 120 1 1180 1180 0 1 0.161269637704392 416 5171.232493399
"312" "Simulation_312" 1.287 0.017 0.069 0.007 2.314 0.286 312 0.05 12000 1000 1 500 111 1 0 1 0 1 1 -1 -1 -1 5229.88122015012
"313" "Simulation_313" 2.293 0.062 0.194 0.08 1.059 0.738 313 0.05 12000 1000 1 500 111 1 0 1 3 3 0 1 0.0811157422250721 3 4565.60443165947
"314" "Simulation_314" 2.796 0.039 0.131 0.044 1.686 0.512 314 0.05 12000 1000 1 500 111 1 0 1 27 27 0 1 0.53895479320295 20 3153.71927554041
"315" "Simulation_315" 1.79 0.084 0.256 0.116 2.941 0.965 315 0.05 12000 1000 1 500 111 1 0 1 25 25 0 1 0.109971144597627 14 5168.35392382117
"316" "Simulation_316" 1.538 0.05 0.161 0.025 1.373 0.851 316 0.05 12000 1000 1 500 111 1 0 1 688 688 0 1 0.753767233087528 289 7614.23645528226
"317" "Simulation_317" 2.544 0.096 0.289 0.098 2.627 0.399 317 0.05 12000 1000 1 500 111 1 0 1 199 199 0 1 0.144918243026611 128 3754.40164705616
"318" "Simulation_318" 2.041 0.028 0.1 0.062 2 0.625 318 0.05 12000 1000 1 500 111 1 0 1 665 671 6 1 0.357806989419686 272 3137.4157348821
"319" "Simulation_319" 1.035 0.073 0.225 0.135 0.745 0.172 319 0.05 12000 1000 1 500 111 0 165 1 1417 1419 2 1 0.426098108368067 467 3169.57270612512
"320" "Simulation_320" 1.051 0.019 0.075 0.081 2.725 0.236 320 0.05 12000 1000 1 500 111 1 0 1 3 3 0 0 -1 -1 6142.25460278199
"321" "Simulation_321" 2.057 0.064 0.2 0.008 1.471 0.689 321 0.05 12000 1000 1 500 111 1 0 1 746 746 0 1 0.839050977877525 257 4169.44345206007
"322" "Simulation_322" 2.56 0.041 0.136 0.118 0.843 0.462 322 0.05 12000 1000 1 500 111 1 0 1 51 51 0 1 0.411670407181789 26 6725.95213338675
"323" "Simulation_323" 1.554 0.087 0.264 0.045 2.098 0.915 323 0.05 12000 1000 1 500 111 1 0 1 131 131 0 1 0.466495671689644 80 5068.65948321627
"324" "Simulation_324" 1.806 0.053 0.169 0.099 0.529 0.802 324 0.05 12000 1000 1 500 111 1 0 1 12 12 0 1 0.558191728117987 12 4349.35995050567
"325" "Simulation_325" 2.811 0.098 0.294 0.027 1.784 0.349 325 0.05 12000 1000 1 500 111 1 0 1 75 75 0 1 0.149086245591536 38 4548.13150441615
"326" "Simulation_326" 2.308 0.03 0.106 0.136 2.412 0.576 326 0.05 12000 1000 1 500 111 1 0 1 0 1 1 -1 -1 -1 4611.64997688507
"327" "Simulation_327" 1.303 0.075 0.231 0.063 1.157 0.123 327 0.05 12000 1000 1 500 111 0 161 1 1512 1512 0 1 0.157101635139468 347 6105.73753458968
"328" "Simulation_328" 1.428 0.036 0.122 0.036 1.627 0.18 328 0.05 12000 1000 1 500 111 1 0 1 2 2 0 0 -1 -1 4518.22534033532
"329" "Simulation_329" 2.434 0.081 0.247 0.108 2.882 0.632 329 0.05 12000 1000 1 500 111 1 0 1 281 281 0 1 0.121192689964732 159 2859.08142459816
"330" "Simulation_330" 2.937 0.013 0.058 0.072 2.255 0.406 330 0.05 12000 1000 1 500 111 1 0 1 4 5 1 0 -1 -1 1108.14697741819
"331" "Simulation_331" 1.931 0.058 0.183 0.145 1 0.859 331 0.05 12000 1000 1 500 111 1 0 1 3 3 0 1 0.0692529656941327 2 2702.41382667255
"332" "Simulation_332" 1.68 0.024 0.089 0.018 1.941 0.972 332 0.05 12000 1000 1 500 111 1 0 1 61 63 2 0 -1 -1 5725.9743179986
"333" "Simulation_333" 2.686 0.07 0.217 0.09 0.686 0.519 333 0.05 12000 1000 1 500 111 1 0 1 1 1 0 1 -1 -1 7996.05425460691
"334" "Simulation_334" 2.183 0.047 0.153 0.054 1.314 0.745 334 0.05 12000 1000 1 500 111 1 0 1 6 6 0 1 0.630009618467458 6 5842.59132783663
"335" "Simulation_335" 1.177 0.092 0.278 0.127 2.569 0.293 335 0.05 12000 1000 1 500 111 0 66 1 1203 1203 0 1 0.164155177941648 416 3981.86653735192
"336" "Simulation_336" 1.24 0.044 0.144 0.14 2.176 0.547 336 0.05 12000 1000 1 500 111 0 176 1 2439 2442 3 1 0.193010580314203 71 6439.58195609131
"337" "Simulation_337" 2.246 0.089 0.269 0.068 0.922 1 337 0.05 12000 1000 1 500 111 1 0 1 2 2 0 1 0.554344341134979 2 5347.94403193922
"338" "Simulation_338" 2.749 0.021 0.081 0.104 1.549 0.321 338 0.05 12000 1000 1 500 111 1 0 1 20 20 0 0 -1 -1 3195.96245341904
"339" "Simulation_339" 1.743 0.067 0.208 0.031 2.804 0.774 339 0.05 12000 1000 1 500 111 1 0 1 154 154 0 1 0.801538954793203 55 5774.08287268374
"340" "Simulation_340" 1.994 0.01 0.05 0.122 1.235 0.661 340 0.05 12000 1000 1 500 111 1 0 1 0 1 1 -1 -1 -1 2112.98666668402
"341" "Simulation_341" 3 0.055 0.175 0.049 2.49 0.208 341 0.05 12000 1000 1 500 111 1 0 1 10 10 0 1 0.188201346585444 7 6333.35801787511
"342" "Simulation_342" 2.497 0.033 0.114 0.086 1.863 0.887 342 0.05 12000 1000 1 500 111 1 0 1 50 50 0 1 0.608207758897082 50 1426.43684324037
"343" "Simulation_343" 1.491 0.078 0.239 0.013 0.608 0.434 343 0.05 12000 1000 1 500 111 1 0 1 1 1 0 1 -1 -1 5893.62047999654
"344" "Simulation_344" 1.365 0.027 0.097 0.058 1.078 0.378 344 0.05 12000 1000 1 500 111 0 32 1 1829 1860 31 1 0.176979801218339 537 5965.62780272564
"345" "Simulation_345" 2.371 0.072 0.222 0.131 2.333 0.83 345 0.05 12000 1000 1 500 111 1 0 1 4 4 0 1 0.0791920487335685 3 4913.30709882045
"346" "Simulation_346" 2.874 0.05 0.161 0.022 2.961 0.151 346 0.05 12000 1000 1 500 111 1 0 1 1 1 0 0 -1 -1 5729.2153957535
"347" "Simulation_347" 1.868 0.095 0.286 0.095 1.706 0.604 347 0.05 12000 1000 1 500 111 1 0 1 478 478 0 1 0.482205835203591 250 3536.66843178661
"348" "Simulation_348" 1.617 0.038 0.128 0.077 2.647 0.717 348 0.05 12000 1000 1 500 111 0 24 1 3448 3452 4 1 0.645719781981404 299 7767.40684754458
"349" "Simulation_349" 2.623 0.084 0.256 0.149 1.392 0.264 349 0.05 12000 1000 1 500 111 1 0 1 81 81 0 1 0.125681308111574 46 4422.94119738356
"350" "Simulation_350" 2.12 0.016 0.067 0.04 0.765 0.943 350 0.05 12000 1000 1 500 111 1 0 1 7 7 0 1 0.250400769477397 7 3279.2427954584
"351" "Simulation_351" 1.114 0.061 0.192 0.113 2.02 0.491 351 0.05 12000 1000 1 500 111 0 110 1 1618 1618 0 1 0.429304264187239 598 4029.43709442172
"352" "Simulation_352" 1.083 0.043 0.142 0.015 1.353 0.561 352 0.05 12000 1000 1 500 111 0 132 1 2821 2834 13 1 0.648925937800577 1395 2969.56103706809
"353" "Simulation_353" 2.088 0.088 0.267 0.088 2.608 0.109 353 0.05 12000 1000 1 500 111 1 0 1 580 580 0 1 0.132734850913754 287 4641.43221005111
"354" "Simulation_354" 2.591 0.02 0.078 0.052 1.98 0.788 354 0.05 12000 1000 1 500 111 1 0 1 0 1 1 -1 -1 -1 4266.27359945795
"355" "Simulation_355" 1.585 0.065 0.203 0.124 0.725 0.335 355 0.05 12000 1000 1 500 111 1 0 1 122 123 1 1 0.999358768836165 78 3098.13582392537
"356" "Simulation_356" 1.837 0.031 0.108 0.033 2.294 0.448 356 0.05 12000 1000 1 500 111 1 0 1 181 182 1 0 -1 -1 5870.41057307548
"357" "Simulation_357" 2.843 0.077 0.236 0.106 1.039 0.901 357 0.05 12000 1000 1 500 111 1 0 1 1 1 0 1 -1 -1 5485.6833965946
"358" "Simulation_358" 2.34 0.054 0.172 0.07 1.667 0.222 358 0.05 12000 1000 1 500 111 1 0 1 67 67 0 1 0.185315806348189 54 2622.6686517169
"359" "Simulation_359" 1.334 0.099 0.297 0.143 2.922 0.675 359 0.05 12000 1000 1 500 111 0 48 1 1200 1201 1 1 0.256813081115742 539 1898.13484001955
"360" "Simulation_360" 1.46 0.014 0.061 0.097 2.451 0.731 360 0.05 12000 1000 1 500 111 1 0 1 0 1 1 -1 -1 -1 6515.91660568792
"361" "Simulation_361" 2.466 0.06 0.189 0.024 1.196 0.279 361 0.05 12000 1000 1 500 111 1 0 1 231 231 0 1 0.679705033664636 76 5288.60493685911
"362" "Simulation_362" 2.969 0.037 0.125 0.134 0.569 0.958 362 0.05 12000 1000 1 500 111 1 0 1 1 1 0 1 -1 -1 5127.7808835395
"363" "Simulation_363" 1.963 0.082 0.25 0.061 1.824 0.505 363 0.05 12000 1000 1 500 111 0 51 1 1165 1165 0 1 0.152613016992626 516 2021.60073268714
"364" "Simulation_364" 1.711 0.048 0.156 0.079 0.882 0.392 364 0.05 12000 1000 1 500 111 1 0 1 11 11 0 1 0.731644757935236 11 3052.26973287857
"365" "Simulation_365" 2.717 0.094 0.283 0.006 2.137 0.844 365 0.05 12000 1000 1 500 111 1 0 1 158 158 0 1 0.575825585123437 93 3486.44004431769
"366" "Simulation_366" 2.214 0.026 0.094 0.115 2.765 0.165 366 0.05 12000 1000 1 500 111 1 0 1 0 1 1 -1 -1 -1 7287.87137232183
"367" "Simulation_367" 1.208 0.071 0.219 0.043 1.51 0.618 367 0.05 12000 1000 1 500 111 0 124 1 1378 1378 0 1 0.757935235652453 437 6852.58856322613
"368" "Simulation_368" 1.145 0.023 0.086 0.074 0.804 0.873 368 0.05 12000 1000 1 500 111 1 0 1 2 2 0 1 0.159987175376723 2 6211.45225382322
"369" "Simulation_369" 2.151 0.068 0.211 0.147 2.059 0.42 369 0.05 12000 1000 1 500 111 1 0 1 54 54 0 1 0.0965052901571016 26 2757.28209608591
"370" "Simulation_370" 2.654 0.046 0.15 0.038 2.686 0.646 370 0.05 12000 1000 1 500 111 1 0 1 101 101 0 1 0.961846745751844 34 5241.44323311365
"371" "Simulation_371" 1.648 0.091 0.275 0.111 1.431 0.194 371 0.05 12000 1000 1 500 111 1 0 1 881 881 0 1 0.134979159987175 384 5006.06289561002
"372" "Simulation_372" 1.9 0.034 0.117 0.056 3 0.307 372 0.05 12000 1000 1 500 111 1 0 1 2 2 0 0 -1 -1 4266.27359945795
"373" "Simulation_373" 2.906 0.079 0.242 0.129 1.745 0.76 373 0.05 12000 1000 1 500 111 1 0 1 4 4 0 1 0.0993908303943572 3 5487.10404282705
"374" "Simulation_374" 2.403 0.012 0.056 0.02 1.118 0.533 374 0.05 12000 1000 1 500 111 1 0 1 0 1 1 -1 -1 -1 4186.6418226188
"375" "Simulation_375" 1.397 0.057 0.181 0.093 2.373 0.986 375 0.05 12000 1000 1 500 111 1 0 1 50 51 1 1 0.851875601154216 27 5064.72821919276
"376" "Simulation_376" 1.271 0.051 0.164 0.12 1.902 0.929 376 0.05 12000 1000 1 500 111 0 8 1 1551 1555 4 1 0.940686117345303 520 6664.47199719274
"377" "Simulation_377" 2.277 0.096 0.289 0.047 0.647 0.477 377 0.05 12000 1000 1 500 111 1 0 1 2 2 0 1 0.58961205514588 2 7571.45763287579
"378" "Simulation_378" 2.78 0.029 0.103 0.083 1.275 0.703 378 0.05 12000 1000 1 500 111 1 0 1 28 28 0 1 0.687399807630651 28 5188.69825445724
"379" "Simulation_379" 1.774 0.074 0.228 0.011 2.529 0.25 379 0.05 12000 1000 1 500 111 1 0 1 159 159 0 1 0.111253606925297 68 2243.9909350421
"380" "Simulation_380" 1.523 0.017 0.069 0.138 1.588 0.137 380 0.05 12000 1000 1 500 111 1 0 1 0 1 1 -1 -1 -1 4595.28386745779
"381" "Simulation_381" 2.528 0.063 0.197 0.065 2.843 0.59 381 0.05 12000 1000 1 500 111 1 0 1 280 280 0 1 0.328951587047131 137 5684.59589189723
"382" "Simulation_382" 2.026 0.04 0.133 0.102 2.216 0.363 382 0.05 12000 1000 1 500 111 1 0 1 0 1 1 -1 -1 -1 4971.29164404997
"383" "Simulation_383" 1.02 0.085 0.258 0.029 0.961 0.816 383 0.05 12000 1000 1 500 111 1 0 1 45 46 1 1 0.134658544405258 32 3024.01337764348
"384" "Simulation_384" 1.012 0.025 0.092 0.11 2.088 0.615 384 0.05 12000 1000 1 500 111 0 225 1 2432 2447 15 0 -1 -1 6308.0410876487
"385" "Simulation_385" 2.018 0.07 0.217 0.037 0.833 0.162 385 0.05 12000 1000 1 500 111 1 0 1 992 992 0 1 0.141391471625521 438 3243.35355631005
"386" "Simulation_386" 2.521 0.047 0.153 0.147 1.461 0.841 386 0.05 12000 1000 1 500 111 1 0 1 0 1 1 -1 -1 -1 4469.7603475398
"387" "Simulation_387" 1.515 0.093 0.281 0.074 2.716 0.388 387 0.05 12000 1000 1 500 111 0 87 1 1164 1164 0 1 0.167361333760821 466 3545.5804827173
"388" "Simulation_388" 1.766 0.036 0.122 0.092 1.147 0.501 388 0.05 12000 1000 1 500 111 1 0 1 711 714 3 1 0.995831997435075 678 1910.40563150965
"389" "Simulation_389" 2.772 0.081 0.247 0.019 2.402 0.954 389 0.05 12000 1000 1 500 111 1 0 1 11 11 0 1 0.116062840654056 7 3919.76700508844
"390" "Simulation_390" 2.269 0.013 0.058 0.128 1.775 0.275 390 0.05 12000 1000 1 500 111 1 0 1 0 1 1 -1 -1 -1 5935.5773506813
"391" "Simulation_391" 1.263 0.059 0.186 0.056 0.52 0.728 391 0.05 12000 1000 1 500 111 1 0 1 26 26 0 1 0.663353638986855 25 3006.51115007912
"392" "Simulation_392" 1.389 0.053 0.169 0.01 0.99 0.671 392 0.05 12000 1000 1 500 111 1 0 1 806 806 0 1 0.783584482205835 323 5875.66791265306
"393" "Simulation_393" 2.395 0.098 0.294 0.083 2.245 0.218 393 0.05 12000 1000 1 500 111 1 0 1 1 1 0 0 -1 -1 6587.41669921022
"394" "Simulation_394" 2.898 0.03 0.106 0.047 2.873 0.897 394 0.05 12000 1000 1 500 111 1 0 1 22 22 0 1 0.020519397242706 -1 6934.86901437697
"395" "Simulation_395" 1.892 0.076 0.233 0.119 1.618 0.445 395 0.05 12000 1000 1 500 111 0 23 1 1275 1279 4 1 0.94934273805707 579 4429.05472069057
"396" "Simulation_396" 1.64 0.019 0.075 0.028 2.559 0.332 396 0.05 12000 1000 1 500 111 1 0 1 6 6 0 0 -1 -1 6090.02218430637
"397" "Simulation_397" 2.646 0.064 0.2 0.101 1.304 0.784 397 0.05 12000 1000 1 500 111 1 0 1 7 7 0 1 0.087848669445335 5 3006.51115007912
"398" "Simulation_398" 2.143 0.042 0.139 0.065 0.676 0.105 398 0.05 12000 1000 1 500 111 1 0 1 0 1 1 -1 -1 -1 4820.47446174766
"399" "Simulation_399" 1.138 0.087 0.264 0.137 1.931 0.558 399 0.05 12000 1000 1 500 111 0 111 1 1237 1237 0 1 0.358127605001603 417 5018.28767375138
"400" "Simulation_400" 1.2 0.039 0.131 0.124 2.794 0.813 400 0.05 12000 1000 1 500 111 0 68 1 1962 1971 9 1 0.886181468419365 1702 5580.76718843202
"401" "Simulation_401" 2.206 0.084 0.256 0.051 1.539 0.36 401 0.05 12000 1000 1 500 111 0 12 1 1370 1370 0 1 0.14620070535428 604 6270.35758622587
"402" "Simulation_402" 2.709 0.016 0.067 0.087 0.912 0.586 402 0.05 12000 1000 1 500 111 1 0 1 21 21 0 0 -1 -1 6852.58856322613
"403" "Simulation_403" 1.703 0.061 0.192 0.015 2.167 0.134 403 0.05 12000 1000 1 500 111 1 0 1 349 349 0 1 0.194934273805707 111 2250.66864252957
"404" "Simulation_404" 1.955 0.028 0.1 0.142 0.598 0.247 404 0.05 12000 1000 1 500 111 1 0 1 0 1 1 -1 -1 -1 3872.19644801864
"405" "Simulation_405" 2.961 0.073 0.225 0.069 1.853 0.699 405 0.05 12000 1000 1 500 111 1 0 1 40 40 0 1 0.100032061558192 26 3247.08582421538
"406" "Simulation_406" 2.458 0.05 0.161 0.106 2.48 0.473 406 0.05 12000 1000 1 500 111 1 0 1 21 21 0 1 0.176017954472587 15 2361.67253275457
"407" "Simulation_407" 1.452 0.095 0.286 0.033 1.225 0.926 407 0.05 12000 1000 1 500 111 1 0 1 12 13 1 1 0.581276050016031 11 6412.65990699047
"408" "Simulation_408" 1.326 0.011 0.053 0.06 1.696 0.982 408 0.05 12000 1000 1 500 111 1 0 1 0 1 1 -1 -1 -1 2767.06217055897
"409" "Simulation_409" 2.332 0.056 0.178 0.133 2.951 0.53 409 0.05 12000 1000 1 500 111 1 0 1 12 12 0 1 0.253606925296569 11 4493.58614663513
"410" "Simulation_410" 2.835 0.033 0.114 0.024 2.324 0.756 410 0.05 12000 1000 1 500 111 1 0 1 170 170 0 1 0.977877524847708 166 2757.28209608591
"411" "Simulation_411" 1.829 0.078 0.239 0.097 1.069 0.303 411 0.05 12000 1000 1 500 111 0 7 1 1182 1182 0 1 0.236293683873036 556 2979.83997317042
"412" "Simulation_412" 1.578 0.044 0.144 0.042 2.01 0.19 412 0.05 12000 1000 1 500 111 1 0 1 191 191 0 1 0.192048733568451 164 2511.67527570911
"413" "Simulation_413" 2.583 0.09 0.272 0.115 0.755 0.643 413 0.05 12000 1000 1 500 111 1 0 1 2 2 0 1 0.425777492786149 2 3700.42682642187
"414" "Simulation_414" 2.081 0.022 0.083 0.006 1.382 0.417 414 0.05 12000 1000 1 500 111 1 0 1 0 1 1 -1 -1 -1 4516.37777252634
"415" "Simulation_415" 1.075 0.067 0.208 0.078 2.637 0.869 415 0.05 12000 1000 1 500 111 0 170 1 1420 1420 0 1 0.350432831035588 413 7129.88865316652
"416" "Simulation_416" 1.106 0.049 0.158 0.031 0.716 0.289 416 0.05 12000 1000 1 500 111 0 157 1 2260 2263 3 1 0.922090413594101 414 4516.46230633397
"417" "Simulation_417" 2.112 0.094 0.283 0.103 1.971 0.742 417 0.05 12000 1000 1 500 111 1 0 1 109 109 0 1 0.132414235331837 73 4518.22534033532
"418" "Simulation_418" 2.615 0.026 0.094 0.067 2.598 0.516 418 0.05 12000 1000 1 500 111 1 0 1 16 16 0 0 -1 -1 4565.60443165947
"419" "Simulation_419" 1.609 0.071 0.219 0.14 1.343 0.968 419 0.05 12000 1000 1 500 111 1 0 1 24 25 1 1 0.110291760179545 17 3858.35723652665
"420" "Simulation_420" 1.861 0.015 0.064 0.012 2.912 0.855 420 0.05 12000 1000 1 500 111 1 0 1 0 1 1 -1 -1 -1 5082.95239809102
"421" "Simulation_421" 2.866 0.06 0.189 0.085 1.657 0.402 421 0.05 12000 1000 1 500 111 1 0 1 47 47 0 1 0.06957358127605 24 4120.32798764361
"422" "Simulation_422" 2.363 0.037 0.125 0.049 1.029 0.629 422 0.05 12000 1000 1 500 111 1 0 1 4 4 0 1 0.44693812119269 4 4718.63297875069
"423" "Simulation_423" 1.358 0.083 0.253 0.122 2.284 0.176 423 0.05 12000 1000 1 500 111 0 119 1 1140 1140 0 1 0.149406861173453 395 5537.50039992007
"424" "Simulation_424" 1.483 0.032 0.111 0.094 1.814 0.119 424 0.05 12000 1000 1 500 111 1 0 1 13 13 0 1 0.108368066688041 12 6022.46600145614
"425" "Simulation_425" 2.489 0.077 0.236 0.021 0.559 0.572 425 0.05 12000 1000 1 500 111 1 0 1 2 2 0 1 0.499839692209041 2 4733.53171866682
"426" "Simulation_426" 2.992 0.054 0.172 0.131 1.186 0.346 426 0.05 12000 1000 1 500 111 1 0 1 0 1 1 -1 -1 -1 5147.36277686019
"427" "Simulation_427" 1.986 0.1 0.3 0.058 2.441 0.798 427 0.05 12000 1000 1 500 111 1 0 1 343 343 0 1 0.878166078871433 187 5221.01719735581
"428" "Simulation_428" 1.735 0.043 0.142 0.112 1.5 0.912 428 0.05 12000 1000 1 500 111 1 0 1 8 8 0 1 0.574222507213851 8 5355.9891813182
"429" "Simulation_429" 2.741 0.088 0.267 0.04 2.755 0.459 429 0.05 12000 1000 1 500 111 1 0 1 154 154 0 1 0.133696697659506 97 5889.06892266862
"430" "Simulation_430" 2.238 0.02 0.078 0.149 2.127 0.685 430 0.05 12000 1000 1 500 111 1 0 1 20 22 2 1 0.022763706316127 7 6183.17901948706
"431" "Simulation_431" 1.232 0.066 0.206 0.076 0.873 0.233 431 0.05 12000 1000 1 500 111 0 144 1 1414 1414 0 1 0.423533183712728 487 2351.33219677043
"432" "Simulation_432" 1.169 0.018 0.072 0.044 1.422 0.487 432 0.05 12000 1000 1 500 111 0 95 1 2587 2677 90 1 0.167040718178904 682 3075.13674843983
"433" "Simulation_433" 2.175 0.063 0.197 0.117 2.676 0.94 433 0.05 12000 1000 1 500 111 1 0 1 12 13 1 1 0.37031099711446 10 3982.64601179806
"434" "Simulation_434" 2.678 0.04 0.133 0.008 2.049 0.261 434 0.05 12000 1000 1 500 111 1 0 1 1 1 0 0 -1 -1 4328.79132574959
"435" "Simulation_435" 1.672 0.086 0.261 0.081 0.794 0.714 435 0.05 12000 1000 1 500 111 1 0 1 2 2 0 1 0.428983648605322 2 4913.30709882045
"436" "Simulation_436" 1.923 0.052 0.167 0.062 2.363 0.6 436 0.05 12000 1000 1 500 111 1 0 1 390 390 0 1 0.988778454632895 206 1064.94716144302
"437" "Simulation_437" 2.929 0.097 0.292 0.135 1.108 0.148 437 0.05 12000 1000 1 500 111 1 0 1 38 38 0 1 0.14267393395319 25 4326.61591574994
"438" "Simulation_438" 2.426 0.029 0.103 0.026 1.735 0.827 438 0.05 12000 1000 1 500 111 1 0 1 20 20 0 1 0.463289515870471 20 5082.95239809102
"439" "Simulation_439" 1.42 0.074 0.228 0.099 2.99 0.374 439 0.05 12000 1000 1 500 111 0 102 1 1417 1417 0 1 0.209041359410067 366 2296.6184362815
"440" "Simulation_440" 1.295 0.035 0.119 0.144 2.52 0.431 440 0.05 12000 1000 1 500 111 1 0 1 0 1 1 -1 -1 -1 6328.12773694465
"441" "Simulation_441" 2.301 0.08 0.244 0.072 1.265 0.883 441 0.05 12000 1000 1 500 111 1 0 1 1 1 0 1 -1 -1 1850.55230717382
"442" "Simulation_442" 2.804 0.012 0.056 0.108 0.637 0.204 442 0.05 12000 1000 1 500 111 1 0 1 0 1 1 -1 -1 -1 5770.7639457842
"443" "Simulation_443" 1.798 0.057 0.181 0.035 1.892 0.657 443 0.05 12000 1000 1 500 111 1 0 1 83 84 1 1 0.988457839050978 31 5313.12026358293
"444" "Simulation_444" 1.546 0.023 0.086 0.126 0.951 0.77 444 0.05 12000 1000 1 500 111 1 0 1 8 10 2 1 0.250080153895479 8 5221.01719735581
"445" "Simulation_445" 2.552 0.069 0.214 0.053 2.206 0.317 445 0.05 12000 1000 1 500 111 1 0 1 10 10 0 1 0.0910548252645079 6 4156.60351012466
"446" "Simulation_446" 2.049 0.046 0.15 0.09 2.833 0.996 446 0.05 12000 1000 1 500 111 1 0 1 5 5 0 1 0.469060596344982 5 4908.44070487293
"447" "Simulation_447" 1.043 0.091 0.275 0.017 1.578 0.544 447 0.05 12000 1000 1 500 111 0 152 1 1340 1343 3 1 0.167681949342738 417 5351.12579181495
"448" "Simulation_448" 1.028 0.037 0.125 0.073 1.951 0.367 448 0.05 12000 1000 1 500 111 1 0 1 34 34 0 1 0.163193331195896 32 5380.86642886273
"449" "Simulation_449" 2.033 0.082 0.25 0.145 0.696 0.82 449 0.05 12000 1000 1 500 111 1 0 1 2 2 0 1 0.391151009939083 2 5864.46942413812
"450" "Simulation_450" 2.536 0.014 0.061 0.036 1.324 0.141 450 0.05 12000 1000 1 500 111 1 0 1 0 1 1 -1 -1 -1 5168.35392382117
"451" "Simulation_451" 1.53 0.059 0.186 0.109 2.578 0.593 451 0.05 12000 1000 1 500 111 0 33 1 1507 1507 0 1 0.553382494389227 710 5495.66695400633
"452" "Simulation_452" 1.782 0.025 0.092 0.054 1.637 0.706 452 0.05 12000 1000 1 500 111 1 0 1 1031 1047 16 1 0.110932991343379 541 4257.04618931647
"453" "Simulation_453" 2.788 0.071 0.219 0.127 2.892 0.254 453 0.05 12000 1000 1 500 111 1 0 1 109 109 0 1 0.129528695094582 55 3155.3800704289
"454" "Simulation_454" 2.285 0.048 0.156 0.018 2.265 0.933 454 0.05 12000 1000 1 500 111 1 0 1 1 1 0 0 -1 -1 6080.81896994182
"455" "Simulation_455" 1.279 0.093 0.281 0.091 1.01 0.48 455 0.05 12000 1000 1 500 111 0 37 1 1236 1236 0 1 0.747354921449182 591 5684.26398167684
"456" "Simulation_456" 1.405 0.02 0.078 0.118 0.539 0.537 456 0.05 12000 1000 1 500 111 1 0 1 2 4 2 1 0.117024687399808 2 4503.06159515754
"457" "Simulation_457" 2.411 0.065 0.203 0.045 1.794 0.989 457 0.05 12000 1000 1 500 111 1 0 1 10 10 0 1 0.56364219301058 9 1879.92138141965
"458" "Simulation_458" 2.914 0.042 0.139 0.082 2.422 0.31 458 0.05 12000 1000 1 500 111 1 0 1 9 9 0 1 0.126322539275409 3 2296.6184362815
"459" "Simulation_459" 1.908 0.088 0.267 0.009 1.167 0.763 459 0.05 12000 1000 1 500 111 1 0 1 21 21 0 1 0.139467778134017 16 6439.58195609131
"460" "Simulation_460" 1.656 0.054 0.172 0.136 2.735 0.65 460 0.05 12000 1000 1 500 111 1 0 1 835 845 10 1 0.998717537672331 660 4412.79425101053
"461" "Simulation_461" 2.662 0.099 0.297 0.064 1.48 0.197 461 0.05 12000 1000 1 500 111 1 0 1 7 7 0 1 0.133055466495672 6 4500.8479097725
"462" "Simulation_462" 2.159 0.031 0.108 0.1 0.853 0.876 462 0.05 12000 1000 1 500 111 1 0 1 1 1 0 1 -1 -1 4145.61477610777
"463" "Simulation_463" 1.153 0.076 0.233 0.027 2.108 0.424 463 0.05 12000 1000 1 500 111 1 0 1 548 548 0 1 0.320615581917281 193 1890.59646432906
"464" "Simulation_464" 1.216 0.028 0.1 0.023 2.657 0.169 464 0.05 12000 1000 1 500 111 1 0 1 19 19 0 0 -1 -1 1733.64278035212
"465" "Simulation_465" 2.222 0.073 0.225 0.095 1.402 0.622 465 0.05 12000 1000 1 500 111 1 0 1 46 46 0 1 0.10259698621353 23 5567.06843919847
"466" "Simulation_466" 2.725 0.051 0.164 0.059 0.775 0.395 466 0.05 12000 1000 1 500 111 1 0 1 34 34 0 1 0.444693812119269 18 3903.45434520001
"467" "Simulation_467" 1.719 0.096 0.289 0.132 2.029 0.848 467 0.05 12000 1000 1 500 111 1 0 1 52 52 0 1 0.336966976595063 36 2120.47714839258
"468" "Simulation_468" 1.971 0.04 0.133 0.041 1.088 0.961 468 0.05 12000 1000 1 500 111 1 0 1 7 7 0 1 0.37031099711446 7 2713.39602242233
"469" "Simulation_469" 2.976 0.085 0.258 0.114 2.343 0.508 469 0.05 12000 1000 1 500 111 1 0 1 34 34 0 1 0.11670407181789 18 3890.11096841646
"470" "Simulation_470" 2.473 0.017 0.069 0.077 2.971 0.735 470 0.05 12000 1000 1 500 111 1 0 1 0 1 1 -1 -1 -1 4087.61258367233
"471" "Simulation_471" 1.468 0.062 0.194 0.15 1.716 0.282 471 0.05 12000 1000 1 500 111 1 0 1 102 102 0 1 0.190766271240782 63 4122.06786502771
"472" "Simulation_472" 1.342 0.045 0.147 0.105 1.245 0.226 472 0.05 12000 1000 1 500 111 1 0 1 1375 1376 1 1 0.378647002244309 1297 2431.92039328627
"473" "Simulation_473" 2.348 0.09 0.272 0.032 2.5 0.678 473 0.05 12000 1000 1 500 111 0 66 1 1136 1136 0 1 0.166078871433152 575 4145.61477610777
"474" "Simulation_474" 2.851 0.023 0.086 0.141 1.873 0.452 474 0.05 12000 1000 1 500 111 1 0 1 0 1 1 -1 -1 -1 5842.59132783663
"475" "Simulation_475" 1.845 0.068 0.211 0.068 0.618 0.905 475 0.05 12000 1000 1 500 111 1 0 1 5 5 0 1 0.380570695735813 4 4519.44127214496
"476" "Simulation_476" 1.593 0.011 0.053 0.086 2.186 0.791 476 0.05 12000 1000 1 500 111 1 0 1 0 1 1 -1 -1 -1 3152.07637975546
"477" "Simulation_477" 2.599 0.057 0.181 0.014 0.931 0.339 477 0.05 12000 1000 1 500 111 1 0 1 237 237 0 1 0.963770439243347 81 1491.68215066593
"478" "Simulation_478" 2.096 0.034 0.117 0.123 1.559 0.565 478 0.05 12000 1000 1 500 111 1 0 1 253 253 0 1 0.444693812119269 210 5575.31606886035
"479" "Simulation_479" 1.09 0.079 0.242 0.05 2.814 0.112 479 0.05 12000 1000 1 500 111 1 0 1 1 1 0 1 -1 -1 1963.2724201955
"480" "Simulation_480" 1.059 0.013 0.058 0.134 0.814 0.919 480 0.05 12000 1000 1 500 111 1 0 1 1 2 1 0 -1 -1 4943.00789483215
"481" "Simulation_481" 2.065 0.058 0.183 0.061 2.069 0.466 481 0.05 12000 1000 1 500 111 1 0 1 687 687 0 1 0.590894517473549 372 1845.07662137897
"482" "Simulation_482" 2.568 0.035 0.119 0.098 2.696 0.692 482 0.05 12000 1000 1 500 111 1 0 1 11 11 0 1 0.030779095864059 -1 5117.29630778204
"483" "Simulation_483" 1.562 0.081 0.247 0.025 1.441 0.24 483 0.05 12000 1000 1 500 111 0 3 1 1421 1421 0 1 0.23116383456236 473 2903.08016441691
"484" "Simulation_484" 1.813 0.047 0.153 0.116 2.382 0.127 484 0.05 12000 1000 1 500 111 1 0 1 56 56 0 1 0.176659185636422 44 6051.7590231923
"485" "Simulation_485" 2.819 0.092 0.278 0.043 1.127 0.579 485 0.05 12000 1000 1 500 111 1 0 1 3 3 0 1 0.121833921128567 2 3655.25057205058
"486" "Simulation_486" 2.316 0.024 0.089 0.079 0.5 0.353 486 0.05 12000 1000 1 500 111 1 0 1 1 1 0 1 -1 -1 6544.59748925751
"487" "Simulation_487" 1.31 0.069 0.214 0.007 1.755 0.806 487 0.05 12000 1000 1 500 111 0 57 1 1648 1651 3 1 0.830394357165758 448 8030.82668966512
"488" "Simulation_488" 1.436 0.041 0.136 0.052 2.225 0.862 488 0.05 12000 1000 1 500 111 1 0 1 29 30 1 1 0.918884257774928 29 4328.79132574959
"489" "Simulation_489" 2.442 0.086 0.261 0.125 0.971 0.409 489 0.05 12000 1000 1 500 111 1 0 1 138 139 1 1 0.463610131452389 86 5347.94403193922
"490" "Simulation_490" 2.945 0.018 0.072 0.016 1.598 0.636 490 0.05 12000 1000 1 500 111 1 0 1 10 10 0 1 0.00545046489259378 2 2381.2429600858
"491" "Simulation_491" 1.939 0.064 0.2 0.089 2.853 0.183 491 0.05 12000 1000 1 500 111 1 0 1 53 53 0 1 0.181789034947098 30 5171.232493399
"492" "Simulation_492" 1.688 0.03 0.106 0.07 1.284 0.296 492 0.05 12000 1000 1 500 111 1 0 1 162 162 0 1 0.143315165117025 30 1645.77702190694
"493" "Simulation_493" 2.694 0.075 0.231 0.143 2.539 0.749 493 0.05 12000 1000 1 500 111 1 0 1 4 4 0 1 0.515870471304905 4 5384.69131134264
"494" "Simulation_494" 2.191 0.052 0.167 0.034 1.912 0.523 494 0.05 12000 1000 1 500 111 1 0 1 181 181 0 1 0.983969220904136 89 3435.91039338401
"495" "Simulation_495" 1.185 0.098 0.294 0.107 0.657 0.975 495 0.05 12000 1000 1 500 111 1 0 1 1 1 0 1 -1 -1 6216.93263576717
"496" "Simulation_496" 1.122 0.049 0.158 0.084 1.52 0.721 496 0.05 12000 1000 1 500 111 1 0 1 231 234 3 1 0.992305226033985 224 2713.43528677707
"497" "Simulation_497" 2.128 0.095 0.286 0.011 2.775 0.268 497 0.05 12000 1000 1 500 111 0 39 1 1333 1333 0 1 0.16159025328631 561 2589.06528821569
"498" "Simulation_498" 2.631 0.027 0.097 0.12 2.147 0.947 498 0.05 12000 1000 1 500 111 1 0 1 5 5 0 1 0.0987495992305226 5 5854.10113130397
"499" "Simulation_499" 1.625 0.072 0.222 0.048 0.892 0.494 499 0.05 12000 1000 1 500 111 1 0 1 162 163 1 1 0.946777813401731 104 5731.49459816128
"500" "Simulation_500" 1.876 0.015 0.064 0.102 1.833 0.381 500 0.05 12000 1000 1 500 111 1 0 1 0 1 1 -1 -1 -1 6090.02218430637
