"Sim_index" "S" "omega_T" "omega_P" "sigma_e" "disp_shape" "disp_scale" "seed" "divergence_factor" "max_species" "max_coex_sp" "start_species" "init_ab" "grid_cell_distance" "finished" "final_timestep" "initial_nb_species" "final_nb_species" "sp_events" "ex_events" "exchanged" "prop_col_area" "div_col" "dist_to_isthmus"
"1" "Simulation_1" 1.998 0.055 0.175 0.078 1.75 0.549 1 0.05 12000 1000 1 500 111 1 0 1 149 150 1 0 -1 -1 48951.9153664772
"2" "Simulation_2" 2.501 0.032 0.111 0.041 2.377 0.323 2 0.05 12000 1000 1 500 111 1 0 1 25 30 5 0 -1 -1 49405.9351771199
"3" "Simulation_3" 1.495 0.078 0.239 0.114 1.123 0.775 3 0.05 12000 1000 1 500 111 1 0 1 149 153 4 1 0.143635780698942 60 75456.3767885071
"4" "Simulation_4" 1.747 0.044 0.144 0.023 2.691 0.889 4 0.05 12000 1000 1 500 111 1 0 1 385 395 10 1 0.0734209682590574 215 55186.7038124851
"5" "Simulation_5" 2.752 0.089 0.269 0.096 1.436 0.436 5 0.05 12000 1000 1 500 111 1 0 1 17 17 0 1 0.130169926258416 5 51448.0291885374
"6" "Simulation_6" 2.25 0.021 0.081 0.059 0.809 0.662 6 0.05 12000 1000 1 500 111 1 0 1 0 1 1 -1 -1 -1 52801.1828840753
"7" "Simulation_7" 1.244 0.066 0.206 0.132 2.064 0.21 7 0.05 12000 1000 1 500 111 1 0 1 3 3 0 0 -1 -1 45919.8037152539
"8" "Simulation_8" 1.369 0.038 0.128 0.105 1.907 0.266 8 0.05 12000 1000 1 500 111 1 0 1 22 24 2 0 -1 -1 44212.5141056925
"9" "Simulation_9" 2.375 0.083 0.253 0.032 0.652 0.719 9 0.05 12000 1000 1 500 111 1 0 1 1 1 0 1 -1 -1 55287.3210926918
"10" "Simulation_10" 2.878 0.015 0.064 0.141 1.279 0.493 10 0.05 12000 1000 1 500 111 1 0 1 0 4 4 0 -1 -1 55288.6726017903
"11" "Simulation_11" 1.872 0.061 0.192 0.068 2.534 0.945 11 0.05 12000 1000 1 500 111 1 0 1 112 112 0 1 0.0958640589932671 51 165862.977411839
"12" "Simulation_12" 1.621 0.027 0.097 0.087 1.593 0.832 12 0.05 12000 1000 1 500 111 1 0 1 0 1 1 -1 -1 -1 55288.6726017903
"13" "Simulation_13" 2.627 0.072 0.222 0.014 2.848 0.379 13 0.05 12000 1000 1 500 111 1 0 1 44 45 1 0 -1 -1 47500.9962167089
"14" "Simulation_14" 2.124 0.049 0.158 0.123 2.221 0.606 14 0.05 12000 1000 1 500 111 1 0 1 21 21 0 1 0.0859249759538314 17 53382.0227826086
"15" "Simulation_15" 1.118 0.095 0.286 0.05 0.966 0.153 15 0.05 12000 1000 1 500 111 1 0 1 35 35 0 1 0.152933632574543 12 53382.0227826086
"16" "Simulation_16" 1.181 0.052 0.167 0.064 1.201 0.408 16 0.05 12000 1000 1 500 111 1 0 1 0 1 1 -1 -1 -1 76789.5335929364
"17" "Simulation_17" 2.187 0.097 0.292 0.137 2.456 0.86 17 0.05 12000 1000 1 500 111 1 0 1 24 24 0 0 -1 -1 55287.1520034505
"18" "Simulation_18" 2.69 0.029 0.103 0.027 1.828 0.181 18 0.05 12000 1000 1 500 111 1 0 1 1 1 0 0 -1 -1 0
"19" "Simulation_19" 1.684 0.075 0.231 0.1 0.574 0.634 19 0.05 12000 1000 1 500 111 1 0 1 1 1 0 1 -1 -1 74378.1906141558
"20" "Simulation_20" 1.935 0.018 0.072 0.046 2.142 0.747 20 0.05 12000 1000 1 500 111 1 0 1 0 1 1 -1 -1 -1 55052.3819082726
"21" "Simulation_21" 2.941 0.063 0.197 0.118 0.887 0.294 21 0.05 12000 1000 1 500 111 1 0 1 21 22 1 1 0.0891311317730042 7 78165.1975353755
"22" "Simulation_22" 2.438 0.041 0.136 0.009 1.515 0.973 22 0.05 12000 1000 1 500 111 1 0 1 11 11 0 1 0.071817890349471 10 55287.8281595737
"23" "Simulation_23" 1.432 0.086 0.261 0.082 2.77 0.521 23 0.05 12000 1000 1 500 111 1 0 1 175 175 0 1 0.139467778134017 71 52486.690666156
"24" "Simulation_24" 1.306 0.024 0.089 0.128 2.613 0.464 24 0.05 12000 1000 1 500 111 1 0 1 0 1 1 -1 -1 -1 55186.7038124851
"25" "Simulation_25" 2.312 0.069 0.214 0.055 1.358 0.917 25 0.05 12000 1000 1 500 111 1 0 1 15 15 0 1 0.107406219942289 11 55307.3698191009
"26" "Simulation_26" 2.815 0.046 0.15 0.091 0.73 0.238 26 0.05 12000 1000 1 500 111 1 0 1 70 70 0 0 -1 -1 48482.9935703405
"27" "Simulation_27" 1.809 0.092 0.278 0.018 1.985 0.691 27 0.05 12000 1000 1 500 111 1 0 1 38 40 2 1 0.103238217377365 8 55607.1224463001
"28" "Simulation_28" 1.558 0.035 0.119 0.146 1.044 0.577 28 0.05 12000 1000 1 500 111 1 0 1 0 1 1 -1 -1 -1 55186.7038124851
"29" "Simulation_29" 2.564 0.08 0.244 0.073 2.299 0.125 29 0.05 12000 1000 1 500 111 1 0 1 1 1 0 1 -1 -1 55287.8281595737
"30" "Simulation_30" 2.061 0.012 0.056 0.109 2.926 0.804 30 0.05 12000 1000 1 500 111 1 0 1 0 1 1 -1 -1 -1 55186.7038124851
"31" "Simulation_31" 1.055 0.058 0.183 0.037 1.672 0.351 31 0.05 12000 1000 1 500 111 0 85 1 4175 4175 0 0 -1 -1 33954.8454510616
"32" "Simulation_32" 1.086 0.034 0.117 0.089 2.26 0.676 32 0.05 12000 1000 1 500 111 1 0 1 0 1 1 -1 -1 -1 55291.3692000795
"33" "Simulation_33" 2.092 0.079 0.242 0.016 1.005 0.224 33 0.05 12000 1000 1 500 111 1 0 1 141 141 0 1 0.126643154857326 87 54549.5899565469
"34" "Simulation_34" 2.595 0.011 0.053 0.125 1.632 0.903 34 0.05 12000 1000 1 500 111 1 0 1 0 1 1 -1 -1 -1 55291.3692000795
"35" "Simulation_35" 1.589 0.056 0.178 0.052 2.887 0.45 35 0.05 12000 1000 1 500 111 1 0 1 4 4 0 0 -1 -1 52156.269837712
"36" "Simulation_36" 1.841 0.022 0.083 0.107 1.319 0.337 36 0.05 12000 1000 1 500 111 1 0 1 19 19 0 0 -1 -1 47500.9962167089
"37" "Simulation_37" 2.847 0.068 0.211 0.034 2.574 0.79 37 0.05 12000 1000 1 500 111 1 0 1 14 15 1 0 -1 -1 52486.690666156
"38" "Simulation_38" 2.344 0.045 0.147 0.143 1.946 0.111 38 0.05 12000 1000 1 500 111 1 0 1 1 1 0 0 -1 -1 43006.4886699039
"39" "Simulation_39" 1.338 0.09 0.272 0.071 0.691 0.563 39 0.05 12000 1000 1 500 111 1 0 1 24 25 1 1 0.236293683873036 12 70405.8428571391
"40" "Simulation_40" 1.464 0.017 0.069 0.025 0.848 0.62 40 0.05 12000 1000 1 500 111 1 0 1 0 1 1 -1 -1 -1 55295.3980758654
"41" "Simulation_41" 2.47 0.062 0.194 0.098 2.103 0.167 41 0.05 12000 1000 1 500 111 1 0 1 1 1 0 0 -1 -1 55293.2181523508
"42" "Simulation_42" 2.972 0.039 0.131 0.062 2.73 0.846 42 0.05 12000 1000 1 500 111 1 0 1 1 2 1 0 -1 -1 0
"43" "Simulation_43" 1.967 0.085 0.258 0.134 1.475 0.394 43 0.05 12000 1000 1 500 111 1 0 1 347 349 2 0 -1 -1 45919.8037152539
"44" "Simulation_44" 1.715 0.051 0.164 0.007 2.417 0.507 44 0.05 12000 1000 1 500 111 1 0 1 85 85 0 1 0.0891311317730042 38 55287.3210926918
"45" "Simulation_45" 2.721 0.096 0.289 0.08 1.162 0.959 45 0.05 12000 1000 1 500 111 1 0 1 1 1 0 1 -1 -1 53648.2028821837
"46" "Simulation_46" 2.218 0.028 0.1 0.043 0.534 0.28 46 0.05 12000 1000 1 500 111 1 0 1 6 6 0 0 -1 -1 39078.7795173255
"47" "Simulation_47" 1.212 0.073 0.225 0.116 1.789 0.733 47 0.05 12000 1000 1 500 111 0 85 1 1508 1508 0 1 0.142353318371273 295 54131.699878621
"48" "Simulation_48" 1.149 0.031 0.108 0.148 2.966 0.988 48 0.05 12000 1000 1 500 111 1 0 1 1857 1960 103 0 -1 -1 49844.9205874757
"49" "Simulation_49" 2.155 0.076 0.233 0.075 1.711 0.535 49 0.05 12000 1000 1 500 111 1 0 1 5 6 1 0 -1 -1 55604.8671371727
"50" "Simulation_50" 2.658 0.053 0.169 0.112 1.083 0.761 50 0.05 12000 1000 1 500 111 1 0 1 1 1 0 0 -1 -1 34719.9884096605
"51" "Simulation_51" 1.652 0.099 0.297 0.039 2.338 0.309 51 0.05 12000 1000 1 500 111 1 0 1 4 4 0 1 0.176338570054505 2 75200.3141944766
"52" "Simulation_52" 1.904 0.042 0.139 0.13 0.77 0.195 52 0.05 12000 1000 1 500 111 1 0 1 406 426 20 1 0.0625200384738698 143 54901.3926173426
"53" "Simulation_53" 2.91 0.087 0.264 0.057 2.025 0.648 53 0.05 12000 1000 1 500 111 1 0 1 27 27 0 0 -1 -1 49405.9351771199
"54" "Simulation_54" 2.407 0.02 0.078 0.093 2.652 0.422 54 0.05 12000 1000 1 500 111 1 0 1 0 1 1 -1 -1 -1 55287.8281595737
"55" "Simulation_55" 1.401 0.065 0.203 0.021 1.397 0.874 55 0.05 12000 1000 1 500 111 1 0 1 95 95 0 1 0.143315165117025 36 48482.9935703405
"56" "Simulation_56" 1.275 0.048 0.156 0.048 1.554 0.818 56 0.05 12000 1000 1 500 111 1 0 1 0 1 1 -1 -1 -1 55293.2181523508
"57" "Simulation_57" 2.281 0.093 0.281 0.121 2.809 0.365 57 0.05 12000 1000 1 500 111 1 0 1 4 4 0 1 0.14972747675537 2 51810.015940113
"58" "Simulation_58" 2.784 0.025 0.092 0.012 2.181 0.592 58 0.05 12000 1000 1 500 111 1 0 1 0 1 1 -1 -1 -1 53382.0227826086
"59" "Simulation_59" 1.778 0.07 0.217 0.084 0.926 0.139 59 0.05 12000 1000 1 500 111 1 0 1 14 14 0 1 0.0955434434113498 5 55293.2181523508
"60" "Simulation_60" 1.527 0.014 0.061 0.066 1.868 0.252 60 0.05 12000 1000 1 500 111 1 0 1 22 23 1 0 -1 -1 55434.7388660951
"61" "Simulation_61" 2.532 0.059 0.186 0.139 0.613 0.705 61 0.05 12000 1000 1 500 111 1 0 1 2 2 0 1 0.0814363578069894 2 55287.1520034505
"62" "Simulation_62" 2.029 0.037 0.125 0.03 1.24 0.478 62 0.05 12000 1000 1 500 111 1 0 1 0 1 1 -1 -1 -1 55289.853416231
"63" "Simulation_63" 1.024 0.082 0.25 0.103 2.495 0.931 63 0.05 12000 1000 1 500 111 0 135 1 1364 1364 0 1 0.136582237896762 312 55287.8281595737
"64" "Simulation_64" 1.039 0.046 0.15 0.122 1.025 0.882 64 0.05 12000 1000 1 500 111 0 5 1 1534 1614 80 1 0.193972427059955 810 75940.2381939759
"65" "Simulation_65" 2.045 0.091 0.275 0.049 2.279 0.429 65 0.05 12000 1000 1 500 111 1 0 1 205 205 0 0 -1 -1 36218.0121370593
"66" "Simulation_66" 2.548 0.023 0.086 0.085 2.907 0.655 66 0.05 12000 1000 1 500 111 1 0 1 396 398 2 0 -1 -1 55624.1356173605
"67" "Simulation_67" 1.542 0.068 0.211 0.013 1.652 0.203 67 0.05 12000 1000 1 500 111 1 0 1 1 1 0 1 -1 -1 76789.5335929364
"68" "Simulation_68" 1.794 0.012 0.056 0.14 2.593 0.316 68 0.05 12000 1000 1 500 111 1 0 1 0 1 1 -1 -1 -1 75200.3141944766
"69" "Simulation_69" 2.8 0.057 0.181 0.067 1.338 0.768 69 0.05 12000 1000 1 500 111 1 0 1 20 21 1 0 -1 -1 48482.9935703405
"70" "Simulation_70" 2.297 0.034 0.117 0.104 0.711 0.542 70 0.05 12000 1000 1 500 111 1 0 1 19 19 0 0 -1 -1 46988.2079465908
"71" "Simulation_71" 1.291 0.08 0.244 0.031 1.966 0.995 71 0.05 12000 1000 1 500 111 1 0 1 1 3 2 0 -1 -1 68129.2598485952
"72" "Simulation_72" 1.417 0.029 0.103 0.076 2.123 0.938 72 0.05 12000 1000 1 500 111 1 0 1 0 1 1 -1 -1 -1 53898.1192349405
"73" "Simulation_73" 2.422 0.074 0.228 0.149 0.868 0.485 73 0.05 12000 1000 1 500 111 1 0 1 64 64 0 1 0.100993908303944 26 55186.7038124851
"74" "Simulation_74" 2.925 0.051 0.164 0.04 1.495 0.712 74 0.05 12000 1000 1 500 111 1 0 1 40 41 1 0 -1 -1 45919.8037152539
"75" "Simulation_75" 1.919 0.097 0.292 0.113 2.75 0.259 75 0.05 12000 1000 1 500 111 1 0 1 4 4 0 1 0.159025328630971 4 52486.690666156
"76" "Simulation_76" 1.668 0.04 0.133 0.058 1.181 0.146 76 0.05 12000 1000 1 500 111 1 0 1 9 9 0 0 -1 -1 52801.1828840753
"77" "Simulation_77" 2.674 0.085 0.258 0.131 2.436 0.599 77 0.05 12000 1000 1 500 111 1 0 1 4 4 0 1 0.118307149727477 3 53898.1192349405
"78" "Simulation_78" 2.171 0.017 0.069 0.022 1.809 0.372 78 0.05 12000 1000 1 500 111 1 0 1 10 10 0 0 -1 -1 51448.0291885374
"79" "Simulation_79" 1.165 0.063 0.197 0.095 0.554 0.825 79 0.05 12000 1000 1 500 111 1 0 1 3 3 0 1 0.261622314844501 -1 32393.450364689
"80" "Simulation_80" 1.228 0.02 0.078 0.099 1.73 0.57 80 0.05 12000 1000 1 500 111 1 0 1 0 1 1 -1 -1 -1 55288.6726017903
"81" "Simulation_81" 2.234 0.066 0.206 0.026 2.985 0.118 81 0.05 12000 1000 1 500 111 1 0 1 1 1 0 0 -1 -1 54901.3926173426
"82" "Simulation_82" 2.737 0.043 0.142 0.136 2.358 0.797 82 0.05 12000 1000 1 500 111 1 0 1 7 7 0 0 -1 -1 52801.1828840753
"83" "Simulation_83" 1.731 0.088 0.267 0.063 1.103 0.344 83 0.05 12000 1000 1 500 111 1 0 1 99 99 0 1 0.138505931388265 18 52801.1828840753
"84" "Simulation_84" 1.982 0.054 0.172 0.081 2.044 0.457 84 0.05 12000 1000 1 500 111 1 0 1 10 10 0 1 0.0904135941006733 6 53099.6556391896
"85" "Simulation_85" 2.988 0.099 0.297 0.008 0.789 0.91 85 0.05 12000 1000 1 500 111 1 0 1 1 1 0 1 -1 -1 55288.6726017903
"86" "Simulation_86" 2.485 0.032 0.111 0.117 1.417 0.231 86 0.05 12000 1000 1 500 111 1 0 1 15 17 2 0 -1 -1 55186.7038124851
"87" "Simulation_87" 1.479 0.077 0.236 0.045 2.672 0.683 87 0.05 12000 1000 1 500 111 1 0 1 350 352 2 0 -1 -1 46461.0922104999
"88" "Simulation_88" 1.354 0.037 0.125 0.017 2.828 0.74 88 0.05 12000 1000 1 500 111 1 0 1 0 1 1 -1 -1 -1 55186.7038124851
"89" "Simulation_89" 2.36 0.082 0.25 0.09 1.574 0.287 89 0.05 12000 1000 1 500 111 1 0 1 46 46 0 0 -1 -1 55186.7038124851
"90" "Simulation_90" 2.862 0.015 0.064 0.054 0.946 0.966 90 0.05 12000 1000 1 500 111 1 0 1 0 1 1 -1 -1 -1 53648.2028821837
"91" "Simulation_91" 1.857 0.06 0.189 0.126 2.201 0.514 91 0.05 12000 1000 1 500 111 1 0 1 637 637 0 1 0.109329913433793 226 75456.3767885071
"92" "Simulation_92" 1.605 0.026 0.094 0.035 0.632 0.401 92 0.05 12000 1000 1 500 111 1 0 1 0 1 1 -1 -1 -1 55293.2181523508
"93" "Simulation_93" 2.611 0.071 0.219 0.108 1.887 0.853 93 0.05 12000 1000 1 500 111 1 0 1 8 8 0 1 0.10612375761462 7 55186.7038124851
"94" "Simulation_94" 2.108 0.049 0.158 0.072 2.515 0.174 94 0.05 12000 1000 1 500 111 1 0 1 3 3 0 1 0.0480923372875922 2 55291.3692000795
"95" "Simulation_95" 1.102 0.094 0.283 0.145 1.26 0.627 95 0.05 12000 1000 1 500 111 0 47 1 1626 1626 0 1 0.207438281500481 384 52156.269837712
"96" "Simulation_96" 1.071 0.022 0.083 0.056 1.77 0.528 96 0.05 12000 1000 1 500 111 0 98 1 2238 2238 0 1 0.0359089451747355 125 55556.6191813857
"97" "Simulation_97" 2.077 0.067 0.208 0.129 0.515 0.981 97 0.05 12000 1000 1 500 111 1 0 1 1 1 0 1 -1 -1 54348.8776023639
"98" "Simulation_98" 2.58 0.044 0.144 0.02 1.142 0.302 98 0.05 12000 1000 1 500 111 1 0 1 64 64 0 1 0.0650849631292081 24 55287.3210926918
"99" "Simulation_99" 1.574 0.09 0.272 0.092 2.397 0.754 99 0.05 12000 1000 1 500 111 1 0 1 15 15 0 0 -1 -1 32393.450364689
"100" "Simulation_100" 1.825 0.033 0.114 0.074 1.456 0.641 100 0.05 12000 1000 1 500 111 1 0 1 622 651 29 1 0.0496954151971786 557 55291.3692000795
"101" "Simulation_101" 2.831 0.078 0.239 0.147 2.711 0.188 101 0.05 12000 1000 1 500 111 1 0 1 1 1 0 1 -1 -1 52156.269837712
"102" "Simulation_102" 2.328 0.01 0.05 0.038 2.083 0.867 102 0.05 12000 1000 1 500 111 1 0 1 0 1 1 -1 -1 -1 54348.8776023639
"103" "Simulation_103" 1.322 0.056 0.178 0.11 0.828 0.415 103 0.05 12000 1000 1 500 111 0 83 1 1557 1561 4 1 0.184353959602437 404 55291.3692000795
"104" "Simulation_104" 1.448 0.05 0.161 0.138 0.672 0.358 104 0.05 12000 1000 1 500 111 0 3 1 1828 1842 14 0 -1 -1 42383.6548545786
"105" "Simulation_105" 2.454 0.095 0.286 0.065 1.926 0.811 105 0.05 12000 1000 1 500 111 1 0 1 45 47 2 1 0.138826546970183 21 78165.1975353755
"106" "Simulation_106" 2.957 0.027 0.097 0.101 2.554 0.132 106 0.05 12000 1000 1 500 111 1 0 1 16 16 0 0 -1 -1 44212.5141056925
"107" "Simulation_107" 1.951 0.073 0.225 0.029 1.299 0.584 107 0.05 12000 1000 1 500 111 1 0 1 116 117 1 1 0.105161910868868 38 78305.0850262474
"108" "Simulation_108" 1.699 0.016 0.067 0.12 2.868 0.698 108 0.05 12000 1000 1 500 111 1 0 1 4 5 1 0 -1 -1 53099.6556391896
"109" "Simulation_109" 2.705 0.061 0.192 0.047 1.613 0.245 109 0.05 12000 1000 1 500 111 1 0 1 10 11 1 0 -1 -1 51070.4144556807
"110" "Simulation_110" 2.202 0.039 0.131 0.083 0.985 0.924 110 0.05 12000 1000 1 500 111 1 0 1 1 1 0 0 -1 -1 44212.5141056925
"111" "Simulation_111" 1.196 0.084 0.256 0.01 2.24 0.471 111 0.05 12000 1000 1 500 111 1 0 1 266 266 0 1 0.12023084321898 84 55607.1224463001
"112" "Simulation_112" 1.134 0.041 0.136 0.033 2.475 0.217 112 0.05 12000 1000 1 500 111 1 0 1 1 1 0 0 -1 -1 0
"113" "Simulation_113" 2.139 0.087 0.264 0.106 1.221 0.669 113 0.05 12000 1000 1 500 111 1 0 1 1 1 0 0 -1 -1 55624.1356173605
"114" "Simulation_114" 2.642 0.019 0.075 0.07 0.593 0.443 114 0.05 12000 1000 1 500 111 1 0 1 2 2 0 1 0.0221224751522924 2 77979.3353656316
"115" "Simulation_115" 1.637 0.064 0.2 0.142 1.848 0.896 115 0.05 12000 1000 1 500 111 0 51 1 1544 1544 0 0 -1 -1 53382.0227826086
"116" "Simulation_116" 1.888 0.03 0.106 0.015 0.907 0.783 116 0.05 12000 1000 1 500 111 1 0 1 25 25 0 0 -1 -1 55614.5296388712
"117" "Simulation_117" 2.894 0.075 0.231 0.088 2.162 0.33 117 0.05 12000 1000 1 500 111 1 0 1 1 1 0 1 -1 -1 52486.690666156
"118" "Simulation_118" 2.391 0.053 0.169 0.051 2.789 0.556 118 0.05 12000 1000 1 500 111 1 0 1 367 376 9 0 -1 -1 47999.3067158155
"119" "Simulation_119" 1.385 0.098 0.294 0.124 1.534 0.104 119 0.05 12000 1000 1 500 111 1 0 1 1 1 0 1 -1 -1 47999.3067158155
"120" "Simulation_120" 1.259 0.013 0.058 0.079 1.377 0.16 120 0.05 12000 1000 1 500 111 1 0 1 0 1 1 -1 -1 -1 44795.34909529
"121" "Simulation_121" 2.265 0.058 0.183 0.006 2.632 0.613 121 0.05 12000 1000 1 500 111 1 0 1 42 42 0 1 0.103238217377365 24 52801.1828840753
"122" "Simulation_122" 2.768 0.036 0.122 0.115 2.005 0.386 122 0.05 12000 1000 1 500 111 1 0 1 8 8 0 1 0.0381532542481565 4 55293.2181523508
"123" "Simulation_123" 1.762 0.081 0.247 0.042 0.75 0.839 123 0.05 12000 1000 1 500 111 1 0 1 1 1 0 1 -1 -1 55186.7038124851
"124" "Simulation_124" 1.511 0.047 0.153 0.097 2.319 0.952 124 0.05 12000 1000 1 500 111 1 0 1 392 393 1 0 -1 -1 55517.3188680222
"125" "Simulation_125" 2.517 0.092 0.278 0.024 1.064 0.5 125 0.05 12000 1000 1 500 111 1 0 1 16 16 0 1 0.174414876563001 14 51070.4144556807
"126" "Simulation_126" 2.014 0.024 0.089 0.133 1.691 0.726 126 0.05 12000 1000 1 500 111 1 0 1 76 82 6 0 -1 -1 50268.7437193899
"127" "Simulation_127" 1.008 0.07 0.217 0.06 2.946 0.273 127 0.05 12000 1000 1 500 111 1 0 1 15 16 1 1 0.098108368066688 15 54348.8776023639
"128" "Simulation_128" 1.016 0.04 0.133 0.142 1.662 0.475 128 0.05 12000 1000 1 500 111 1 0 1 0 1 1 -1 -1 -1 55291.3692000795
"129" "Simulation_129" 2.022 0.085 0.258 0.069 2.917 0.928 129 0.05 12000 1000 1 500 111 1 0 1 87 87 0 1 0.134658544405258 17 55287.1520034505
"130" "Simulation_130" 2.525 0.017 0.069 0.105 2.289 0.249 130 0.05 12000 1000 1 500 111 1 0 1 0 1 1 -1 -1 -1 51810.015940113
"131" "Simulation_131" 1.519 0.062 0.194 0.033 1.034 0.701 131 0.05 12000 1000 1 500 111 1 0 1 270 270 0 0 -1 -1 72177.1195295966
"132" "Simulation_132" 1.77 0.028 0.1 0.124 1.975 0.588 132 0.05 12000 1000 1 500 111 1 0 1 0 1 1 -1 -1 -1 75200.3141944766
"133" "Simulation_133" 2.776 0.074 0.228 0.051 0.721 0.135 133 0.05 12000 1000 1 500 111 1 0 1 45 45 0 1 0.0663674254568772 15 77615.6089076076
"134" "Simulation_134" 2.273 0.051 0.164 0.087 1.348 0.814 134 0.05 12000 1000 1 500 111 1 0 1 15 15 0 1 0.0763065084963129 8 51810.015940113
"135" "Simulation_135" 1.267 0.096 0.289 0.014 2.603 0.362 135 0.05 12000 1000 1 500 111 1 0 1 2 3 1 0 -1 -1 48482.9935703405
"136" "Simulation_136" 1.393 0.011 0.053 0.042 2.76 0.418 136 0.05 12000 1000 1 500 111 1 0 1 0 1 1 -1 -1 -1 52801.1828840753
"137" "Simulation_137" 2.399 0.057 0.181 0.114 1.505 0.871 137 0.05 12000 1000 1 500 111 1 0 1 21 21 0 1 0.0974671369028535 9 55291.3692000795
"138" "Simulation_138" 2.902 0.034 0.117 0.005 0.877 0.192 138 0.05 12000 1000 1 500 111 1 0 1 0 1 1 -1 -1 -1 55052.3819082726
"139" "Simulation_139" 1.896 0.079 0.242 0.078 2.132 0.645 139 0.05 12000 1000 1 500 111 1 0 1 28 31 3 1 0.103238217377365 7 55287.1520034505
"140" "Simulation_140" 1.644 0.045 0.147 0.06 0.564 0.758 140 0.05 12000 1000 1 500 111 1 0 1 0 1 1 -1 -1 -1 55186.7038124851
"141" "Simulation_141" 2.65 0.091 0.275 0.133 1.819 0.305 141 0.05 12000 1000 1 500 111 1 0 1 2 2 0 1 0.146841936518115 -1 55052.3819082726
"142" "Simulation_142" 2.147 0.023 0.086 0.023 2.446 0.984 142 0.05 12000 1000 1 500 111 1 0 1 0 1 1 -1 -1 -1 45919.8037152539
"143" "Simulation_143" 1.141 0.068 0.211 0.096 1.191 0.531 143 0.05 12000 1000 1 500 111 0 110 1 1547 1547 0 1 0.144277011862777 279 54549.5899565469
"144" "Simulation_144" 1.204 0.026 0.094 0.092 1.113 0.277 144 0.05 12000 1000 1 500 111 1 0 1 0 1 1 -1 -1 -1 51448.0291885374
"145" "Simulation_145" 2.21 0.071 0.219 0.019 2.368 0.729 145 0.05 12000 1000 1 500 111 1 0 1 14 14 0 1 0.10612375761462 6 54348.8776023639
"146" "Simulation_146" 2.713 0.048 0.156 0.128 2.995 0.503 146 0.05 12000 1000 1 500 111 1 0 1 2 2 0 1 0.0833600512984931 2 54348.8776023639
"147" "Simulation_147" 1.707 0.093 0.281 0.055 1.74 0.956 147 0.05 12000 1000 1 500 111 1 0 1 13 13 0 1 0.149406861173453 6 55287.1520034505
"148" "Simulation_148" 1.959 0.037 0.125 0.11 2.681 0.843 148 0.05 12000 1000 1 500 111 1 0 1 3 3 0 0 -1 -1 33179.2547406781
"149" "Simulation_149" 2.965 0.082 0.25 0.037 1.426 0.39 149 0.05 12000 1000 1 500 111 1 0 1 3 3 0 1 0.149406861173453 2 55640.7993261813
"150" "Simulation_150" 2.462 0.014 0.061 0.146 0.799 0.616 150 0.05 12000 1000 1 500 111 1 0 1 0 1 1 -1 -1 -1 44212.5141056925
"151" "Simulation_151" 1.456 0.06 0.189 0.074 2.054 0.164 151 0.05 12000 1000 1 500 111 1 0 1 8 8 0 1 0.124078230201988 4 55640.7993261813
"152" "Simulation_152" 1.33 0.054 0.172 0.028 2.211 0.107 152 0.05 12000 1000 1 500 111 1 0 1 1 1 0 0 -1 -1 40438.0959866681
"153" "Simulation_153" 2.336 0.099 0.297 0.101 0.956 0.56 153 0.05 12000 1000 1 500 111 1 0 1 8 8 0 1 0.228919525488939 3 46461.0922104999
"154" "Simulation_154" 2.839 0.031 0.108 0.064 1.583 0.333 154 0.05 12000 1000 1 500 111 1 0 1 31 32 1 0 -1 -1 49844.9205874757
"155" "Simulation_155" 1.833 0.076 0.233 0.137 2.838 0.786 155 0.05 12000 1000 1 500 111 1 0 1 38 38 0 1 0.120551458800898 11 55657.6401772316
"156" "Simulation_156" 1.582 0.02 0.078 0.01 1.27 0.899 156 0.05 12000 1000 1 500 111 1 0 1 17 20 3 0 -1 -1 48482.9935703405
"157" "Simulation_157" 2.587 0.065 0.203 0.083 2.525 0.447 157 0.05 12000 1000 1 500 111 1 0 1 5 5 0 1 0.0836806668804104 3 55052.3819082726
"158" "Simulation_158" 2.084 0.043 0.142 0.046 1.897 0.673 158 0.05 12000 1000 1 500 111 1 0 1 16 19 3 0 -1 -1 50268.7437193899
"159" "Simulation_159" 1.079 0.088 0.267 0.119 0.642 0.22 159 0.05 12000 1000 1 500 111 1 0 1 2 2 0 0 -1 -1 55546.3692080988
"160" "Simulation_160" 1.11 0.016 0.067 0.062 2.407 0.828 160 0.05 12000 1000 1 500 111 1 0 1 0 1 1 -1 -1 -1 53099.6556391896
"161" "Simulation_161" 2.116 0.061 0.192 0.135 1.152 0.376 161 0.05 12000 1000 1 500 111 1 0 1 14 14 0 0 -1 -1 55575.6588751897
"162" "Simulation_162" 2.619 0.038 0.128 0.026 0.525 0.602 162 0.05 12000 1000 1 500 111 1 0 1 1 1 0 1 -1 -1 55289.853416231
"163" "Simulation_163" 1.613 0.084 0.256 0.099 1.779 0.15 163 0.05 12000 1000 1 500 111 1 0 1 1 1 0 1 -1 -1 75703.086066652
"164" "Simulation_164" 1.864 0.05 0.161 0.044 0.838 0.263 164 0.05 12000 1000 1 500 111 1 0 1 629 629 0 1 0.0961846745751844 180 51810.015940113
"165" "Simulation_165" 2.87 0.095 0.286 0.117 2.093 0.715 165 0.05 12000 1000 1 500 111 1 0 1 1 1 0 0 -1 -1 55633.673314104
"166" "Simulation_166" 2.367 0.027 0.097 0.008 2.721 0.489 166 0.05 12000 1000 1 500 111 1 0 1 0 1 1 -1 -1 -1 55657.6401772316
"167" "Simulation_167" 1.361 0.072 0.222 0.08 1.466 0.942 167 0.05 12000 1000 1 500 111 1 0 1 57 60 3 1 0.0711766591856364 17 55186.7038124851
"168" "Simulation_168" 1.487 0.033 0.114 0.126 1.309 0.998 168 0.05 12000 1000 1 500 111 0 66 1 2592 2596 4 0 -1 -1 46988.2079465908
"169" "Simulation_169" 2.493 0.078 0.239 0.053 2.564 0.546 169 0.05 12000 1000 1 500 111 1 0 1 6 6 0 1 0.104520679705034 4 55657.6401772316
"170" "Simulation_170" 2.996 0.01 0.05 0.089 1.936 0.772 170 0.05 12000 1000 1 500 111 1 0 1 0 1 1 -1 -1 -1 48482.9935703405
"171" "Simulation_171" 1.99 0.055 0.175 0.017 0.681 0.319 171 0.05 12000 1000 1 500 111 1 0 1 19 24 5 1 0.110291760179545 10 55289.853416231
"172" "Simulation_172" 1.739 0.021 0.081 0.144 2.25 0.206 172 0.05 12000 1000 1 500 111 1 0 1 0 1 1 -1 -1 -1 77615.6089076076
"173" "Simulation_173" 2.745 0.067 0.208 0.071 0.995 0.659 173 0.05 12000 1000 1 500 111 1 0 1 20 21 1 1 0.0987495992305226 12 53648.2028821837
"174" "Simulation_174" 2.242 0.044 0.144 0.108 1.623 0.432 174 0.05 12000 1000 1 500 111 1 0 1 0 1 1 -1 -1 -1 55293.2181523508
"175" "Simulation_175" 1.236 0.089 0.269 0.035 2.877 0.885 175 0.05 12000 1000 1 500 111 0 62 1 1591 1592 1 1 0.167681949342738 269 55287.8281595737
"176" "Simulation_176" 1.173 0.047 0.153 0.012 1.858 0.63 176 0.05 12000 1000 1 500 111 1 0 1 1759 1769 10 1 0.0769477396601475 1283 54549.5899565469
"177" "Simulation_177" 2.179 0.092 0.278 0.085 0.603 0.178 177 0.05 12000 1000 1 500 111 1 0 1 30 30 0 0 -1 -1 55052.3819082726
"178" "Simulation_178" 2.682 0.024 0.089 0.048 1.23 0.857 178 0.05 12000 1000 1 500 111 1 0 1 0 1 1 -1 -1 -1 77472.0793172001
"179" "Simulation_179" 1.676 0.069 0.214 0.121 2.485 0.404 179 0.05 12000 1000 1 500 111 1 0 1 4 4 0 1 0.0939403655017634 4 55293.2181523508
"180" "Simulation_180" 1.927 0.013 0.058 0.03 1.544 0.517 180 0.05 12000 1000 1 500 111 1 0 1 0 1 1 -1 -1 -1 53648.2028821837
"181" "Simulation_181" 2.933 0.058 0.183 0.103 2.799 0.97 181 0.05 12000 1000 1 500 111 1 0 1 5 5 0 0 -1 -1 44795.34909529
"182" "Simulation_182" 2.43 0.035 0.119 0.067 2.172 0.291 182 0.05 12000 1000 1 500 111 1 0 1 30 30 0 0 -1 -1 44795.34909529
"183" "Simulation_183" 1.424 0.081 0.247 0.139 0.917 0.744 183 0.05 12000 1000 1 500 111 1 0 1 4 6 2 1 0.145880089772363 3 52156.269837712
"184" "Simulation_184" 1.299 0.03 0.106 0.112 0.76 0.687 184 0.05 12000 1000 1 500 111 0 9 1 1894 1932 38 0 -1 -1 44212.5141056925
"185" "Simulation_185" 2.305 0.075 0.231 0.039 2.015 0.234 185 0.05 12000 1000 1 500 111 1 0 1 1 1 0 1 -1 -1 55287.8281595737
"186" "Simulation_186" 2.807 0.052 0.167 0.149 2.642 0.913 186 0.05 12000 1000 1 500 111 1 0 1 19 19 0 1 0.0663674254568772 13 55291.3692000795
"187" "Simulation_187" 1.802 0.098 0.294 0.076 1.387 0.461 187 0.05 12000 1000 1 500 111 1 0 1 69 69 0 1 0.109971144597627 26 55293.2181523508
"188" "Simulation_188" 1.55 0.041 0.136 0.094 2.956 0.348 188 0.05 12000 1000 1 500 111 1 0 1 1 1 0 0 -1 -1 55536.6433970185
"189" "Simulation_189" 2.556 0.086 0.261 0.021 1.701 0.8 189 0.05 12000 1000 1 500 111 1 0 1 1 2 1 0 -1 -1 53099.6556391896
"190" "Simulation_190" 2.053 0.018 0.072 0.13 1.074 0.121 190 0.05 12000 1000 1 500 111 1 0 1 0 1 1 -1 -1 -1 55291.3692000795
"191" "Simulation_191" 1.047 0.064 0.2 0.058 2.328 0.574 191 0.05 12000 1000 1 500 111 0 101 1 1407 1407 0 1 0.141070856043604 435 55640.7993261813
"192" "Simulation_192" 1.031 0.028 0.1 0.041 1.132 0.737 192 0.05 12000 1000 1 500 111 1 0 1 37 49 12 1 0.0294966335363899 32 55052.3819082726
"193" "Simulation_193" 2.037 0.073 0.225 0.113 2.387 0.284 193 0.05 12000 1000 1 500 111 1 0 1 4 4 0 1 0.0920166720102597 4 55288.6726017903
"194" "Simulation_194" 2.54 0.05 0.161 0.077 1.76 0.963 194 0.05 12000 1000 1 500 111 1 0 1 136 137 1 0 -1 -1 40438.0959866681
"195" "Simulation_195" 1.534 0.096 0.289 0.15 0.505 0.51 195 0.05 12000 1000 1 500 111 1 0 1 1 1 0 1 -1 -1 55293.2181523508
"196" "Simulation_196" 1.786 0.039 0.131 0.022 2.074 0.397 196 0.05 12000 1000 1 500 111 1 0 1 2 2 0 0 -1 -1 55329.3562863678
"197" "Simulation_197" 2.792 0.084 0.256 0.095 0.819 0.85 197 0.05 12000 1000 1 500 111 1 0 1 1 1 0 1 -1 -1 54549.5899565469
"198" "Simulation_198" 2.289 0.016 0.067 0.059 1.446 0.171 198 0.05 12000 1000 1 500 111 1 0 1 0 1 1 -1 -1 -1 55329.3562863678
"199" "Simulation_199" 1.283 0.062 0.194 0.132 2.701 0.623 199 0.05 12000 1000 1 500 111 0 60 1 1665 1665 0 1 0.112215453671048 977 55657.6401772316
"200" "Simulation_200" 1.409 0.045 0.147 0.086 2.544 0.567 200 0.05 12000 1000 1 500 111 1 0 1 0 1 1 -1 -1 -1 55052.3819082726
"201" "Simulation_201" 2.415 0.09 0.272 0.013 1.289 0.114 201 0.05 12000 1000 1 500 111 1 0 1 13 14 1 1 0.167040718178904 2 46988.2079465908
"202" "Simulation_202" 2.917 0.022 0.083 0.122 0.662 0.793 202 0.05 12000 1000 1 500 111 1 0 1 0 1 1 -1 -1 -1 54131.699878621
"203" "Simulation_203" 1.912 0.067 0.208 0.05 1.917 0.34 203 0.05 12000 1000 1 500 111 1 0 1 4 4 0 1 0.134017313241424 2 53099.6556391896
"204" "Simulation_204" 1.66 0.011 0.053 0.104 0.975 0.454 204 0.05 12000 1000 1 500 111 1 0 1 0 1 1 -1 -1 -1 53099.6556391896
"205" "Simulation_205" 2.666 0.056 0.178 0.031 2.23 0.906 205 0.05 12000 1000 1 500 111 1 0 1 92 92 0 0 -1 -1 49844.9205874757
"206" "Simulation_206" 2.163 0.033 0.114 0.141 2.858 0.227 206 0.05 12000 1000 1 500 111 1 0 1 14 14 0 0 -1 -1 47500.9962167089
"207" "Simulation_207" 1.157 0.079 0.242 0.068 1.603 0.68 207 0.05 12000 1000 1 500 111 0 101 1 1729 1731 2 1 0.185957037512023 288 55288.6726017903
"208" "Simulation_208" 1.22 0.036 0.122 0.054 0.583 0.935 208 0.05 12000 1000 1 500 111 1 0 1 1 1 0 1 -1 -1 55640.7993261813
"209" "Simulation_209" 2.226 0.081 0.247 0.127 1.838 0.482 209 0.05 12000 1000 1 500 111 1 0 1 13 13 0 1 0.142353318371273 6 53648.2028821837
"210" "Simulation_210" 2.729 0.014 0.061 0.018 2.466 0.708 210 0.05 12000 1000 1 500 111 1 0 1 3 4 1 0 -1 -1 50268.7437193899
"211" "Simulation_211" 1.723 0.059 0.186 0.091 1.211 0.256 211 0.05 12000 1000 1 500 111 1 0 1 389 390 1 1 0.129208079512664 80 48482.9935703405
"212" "Simulation_212" 1.974 0.025 0.092 0.072 2.779 0.142 212 0.05 12000 1000 1 500 111 1 0 1 8 8 0 0 -1 -1 55291.3692000795
"213" "Simulation_213" 2.98 0.07 0.217 0.145 1.525 0.595 213 0.05 12000 1000 1 500 111 1 0 1 30 30 0 1 0.101635139467778 8 55293.2181523508
"214" "Simulation_214" 2.477 0.047 0.153 0.036 0.897 0.369 214 0.05 12000 1000 1 500 111 1 0 1 211 211 0 1 0.104841295286951 34 55287.8281595737
"215" "Simulation_215" 1.472 0.093 0.281 0.109 2.152 0.821 215 0.05 12000 1000 1 500 111 1 0 1 394 399 5 1 0.143635780698942 66 55052.3819082726
"216" "Simulation_216" 1.346 0.019 0.075 0.136 1.995 0.878 216 0.05 12000 1000 1 500 111 1 0 1 0 1 1 -1 -1 -1 53898.1192349405
"217" "Simulation_217" 2.352 0.064 0.2 0.063 0.74 0.425 217 0.05 12000 1000 1 500 111 1 0 1 4 4 0 0 -1 -1 55289.853416231
"218" "Simulation_218" 2.855 0.042 0.139 0.1 1.368 0.652 218 0.05 12000 1000 1 500 111 1 0 1 23 23 0 1 0.0772683552420648 14 55287.8281595737
"219" "Simulation_219" 1.849 0.087 0.264 0.027 2.623 0.199 219 0.05 12000 1000 1 500 111 1 0 1 8 8 0 1 0.137544084642514 4 55288.6726017903
"220" "Simulation_220" 1.597 0.053 0.169 0.118 1.681 0.312 220 0.05 12000 1000 1 500 111 1 0 1 4 4 0 1 0.0904135941006733 4 54131.699878621
"221" "Simulation_221" 2.603 0.098 0.294 0.045 2.936 0.765 221 0.05 12000 1000 1 500 111 1 0 1 5 5 0 1 0.162872715613979 4 51810.015940113
"222" "Simulation_222" 2.1 0.031 0.108 0.081 2.309 0.539 222 0.05 12000 1000 1 500 111 1 0 1 0 1 1 -1 -1 -1 77472.0793172001
"223" "Simulation_223" 1.094 0.076 0.233 0.009 1.054 0.991 223 0.05 12000 1000 1 500 111 1 0 1 5 5 0 1 0.167361333760821 5 153211.243367042
"224" "Simulation_224" 1.063 0.052 0.167 0.102 2.897 0.157 224 0.05 12000 1000 1 500 111 1 0 1 24 25 1 1 0.0939403655017634 20 53099.6556391896
"225" "Simulation_225" 2.069 0.097 0.292 0.029 1.642 0.609 225 0.05 12000 1000 1 500 111 1 0 1 18 18 0 0 -1 -1 44795.34909529
"226" "Simulation_226" 2.572 0.029 0.103 0.138 1.015 0.383 226 0.05 12000 1000 1 500 111 1 0 1 84 87 3 0 -1 -1 49844.9205874757
"227" "Simulation_227" 1.566 0.074 0.228 0.066 2.27 0.836 227 0.05 12000 1000 1 500 111 1 0 1 1128 1142 14 1 0.103558832959282 274 55052.3819082726
"228" "Simulation_228" 1.817 0.018 0.072 0.084 0.701 0.949 228 0.05 12000 1000 1 500 111 1 0 1 0 1 1 -1 -1 -1 49844.9205874757
"229" "Simulation_229" 2.823 0.063 0.197 0.011 1.956 0.496 229 0.05 12000 1000 1 500 111 1 0 1 11 11 0 1 0.12504007694774 7 55288.6726017903
"230" "Simulation_230" 2.32 0.04 0.133 0.12 2.583 0.722 230 0.05 12000 1000 1 500 111 1 0 1 37 37 0 1 0.041038794485412 18 55289.853416231
"231" "Simulation_231" 1.314 0.086 0.261 0.047 1.328 0.27 231 0.05 12000 1000 1 500 111 1 0 1 1868 1872 4 0 -1 -1 48951.9153664772
"232" "Simulation_232" 1.44 0.023 0.086 0.02 1.485 0.213 232 0.05 12000 1000 1 500 111 1 0 1 8 30 22 0 -1 -1 0
"233" "Simulation_233" 2.446 0.069 0.214 0.093 2.74 0.666 233 0.05 12000 1000 1 500 111 1 0 1 11 11 0 1 0.0400769477396601 -1 55607.1224463001
"234" "Simulation_234" 2.949 0.046 0.15 0.056 2.113 0.439 234 0.05 12000 1000 1 500 111 1 0 1 6 6 0 0 -1 -1 55287.3210926918
"235" "Simulation_235" 1.943 0.091 0.275 0.129 0.858 0.892 235 0.05 12000 1000 1 500 111 1 0 1 1 1 0 1 -1 -1 49844.9205874757
"236" "Simulation_236" 1.692 0.035 0.119 0.038 1.799 0.779 236 0.05 12000 1000 1 500 111 1 0 1 1688 1689 1 1 0.0618788073100353 1114 51448.0291885374
"237" "Simulation_237" 2.697 0.08 0.244 0.111 0.544 0.326 237 0.05 12000 1000 1 500 111 1 0 1 1 1 0 1 -1 -1 48951.9153664772
"238" "Simulation_238" 2.194 0.012 0.056 0.075 1.172 0.553 238 0.05 12000 1000 1 500 111 1 0 1 0 1 1 -1 -1 -1 50268.7437193899
"239" "Simulation_239" 1.189 0.057 0.181 0.147 2.426 0.1 239 0.05 12000 1000 1 500 111 1 0 1 12 12 0 1 0.0509778775248477 8 78240.9177335022
"240" "Simulation_240" 1.126 0.015 0.064 0.116 2.348 0.355 240 0.05 12000 1000 1 500 111 1 0 1 0 1 1 -1 -1 -1 37671.5237484766
"241" "Simulation_241" 2.132 0.06 0.189 0.043 1.093 0.807 241 0.05 12000 1000 1 500 111 1 0 1 3 3 0 1 0.125360692529657 2 74660.9929083597
"242" "Simulation_242" 2.635 0.038 0.128 0.079 1.721 0.128 242 0.05 12000 1000 1 500 111 1 0 1 211 211 0 1 0.0791920487335685 58 55291.3692000795
"243" "Simulation_243" 1.629 0.083 0.253 0.006 2.975 0.581 243 0.05 12000 1000 1 500 111 1 0 1 62 62 0 1 0.111253606925297 21 52486.690666156
"244" "Simulation_244" 1.88 0.049 0.158 0.134 1.407 0.694 244 0.05 12000 1000 1 500 111 1 0 1 104 105 1 0 -1 -1 52486.690666156
"245" "Simulation_245" 2.886 0.094 0.283 0.061 2.662 0.241 245 0.05 12000 1000 1 500 111 1 0 1 1 1 0 0 -1 -1 42383.6548545786
"246" "Simulation_246" 2.383 0.026 0.094 0.097 2.034 0.92 246 0.05 12000 1000 1 500 111 1 0 1 0 1 1 -1 -1 -1 0
"247" "Simulation_247" 1.377 0.072 0.222 0.025 0.779 0.468 247 0.05 12000 1000 1 500 111 1 0 1 2 2 0 0 -1 -1 55289.853416231
"248" "Simulation_248" 1.251 0.043 0.142 0.07 0.936 0.524 248 0.05 12000 1000 1 500 111 1 0 1 0 1 1 -1 -1 -1 54733.7792618188
"249" "Simulation_249" 2.257 0.089 0.269 0.143 2.191 0.977 249 0.05 12000 1000 1 500 111 1 0 1 10 10 0 1 0.146841936518115 6 54901.3926173426
"250" "Simulation_250" 2.76 0.021 0.081 0.034 2.819 0.298 250 0.05 12000 1000 1 500 111 1 0 1 2 3 1 0 -1 -1 49405.9351771199
"251" "Simulation_251" 1.754 0.066 0.206 0.106 1.564 0.751 251 0.05 12000 1000 1 500 111 1 0 1 262 263 1 1 0.105161910868868 110 55287.8281595737
"252" "Simulation_252" 1.503 0.032 0.111 0.052 2.505 0.638 252 0.05 12000 1000 1 500 111 1 0 1 964 964 0 1 0.0250080153895479 26 75200.3141944766
"253" "Simulation_253" 2.509 0.077 0.236 0.125 1.25 0.185 253 0.05 12000 1000 1 500 111 1 0 1 5 5 0 1 0.135941006732927 2 55287.8281595737
"254" "Simulation_254" 2.006 0.055 0.175 0.016 0.623 0.864 254 0.05 12000 1000 1 500 111 1 0 1 1 1 0 1 -1 -1 55657.6401772316
"255" "Simulation_255" 1 0.1 0.3 0.088 1.877 0.411 255 0.05 12000 1000 1 500 111 0 1 1 1649 1649 0 1 0.163193331195896 591 55293.2181523508
"256" "Simulation_256" 1.004 0.055 0.175 0.046 2.588 0.979 256 0.05 12000 1000 1 500 111 0 132 1 1309 1315 6 1 0.12151330554665 353 55287.3210926918
"257" "Simulation_257" 2.01 0.1 0.3 0.119 1.333 0.526 257 0.05 12000 1000 1 500 111 1 0 1 2 2 0 1 0.207117665918564 2 48482.9935703405
"258" "Simulation_258" 2.513 0.032 0.111 0.01 0.706 0.752 258 0.05 12000 1000 1 500 111 1 0 1 29 29 0 1 0.0788714331516512 14 75200.3141944766
"259" "Simulation_259" 1.507 0.077 0.236 0.082 1.961 0.3 259 0.05 12000 1000 1 500 111 1 0 1 2 2 0 1 0.130169926258416 2 54131.699878621
"260" "Simulation_260" 1.758 0.021 0.081 0.064 1.02 0.187 260 0.05 12000 1000 1 500 111 1 0 1 0 1 1 -1 -1 -1 55287.3210926918
"261" "Simulation_261" 2.764 0.066 0.206 0.137 2.275 0.639 261 0.05 12000 1000 1 500 111 1 0 1 4 4 0 1 0.0913754408464251 4 55052.3819082726
"262" "Simulation_262" 2.261 0.043 0.142 0.028 2.902 0.413 262 0.05 12000 1000 1 500 111 1 0 1 4 4 0 0 -1 -1 51070.4144556807
"263" "Simulation_263" 1.255 0.089 0.269 0.101 1.647 0.866 263 0.05 12000 1000 1 500 111 1 0 1 1187 1191 4 1 0.0958640589932671 413 55291.3692000795
"264" "Simulation_264" 1.381 0.026 0.094 0.146 1.176 0.809 264 0.05 12000 1000 1 500 111 1 0 1 0 1 1 -1 -1 -1 55394.0050505771
"265" "Simulation_265" 2.387 0.072 0.222 0.073 2.431 0.356 265 0.05 12000 1000 1 500 111 1 0 1 4 4 0 1 0.105161910868868 2 55287.8281595737
"266" "Simulation_266" 2.89 0.049 0.158 0.11 1.804 0.583 266 0.05 12000 1000 1 500 111 1 0 1 15 15 0 1 0.0676498877845463 10 54348.8776023639
"267" "Simulation_267" 1.884 0.094 0.283 0.037 0.549 0.13 267 0.05 12000 1000 1 500 111 1 0 1 30 37 7 0 -1 -1 44212.5141056925
"268" "Simulation_268" 1.633 0.038 0.128 0.128 2.118 0.243 268 0.05 12000 1000 1 500 111 1 0 1 4 4 0 0 -1 -1 77317.5827864895
"269" "Simulation_269" 2.639 0.083 0.253 0.055 0.863 0.696 269 0.05 12000 1000 1 500 111 1 0 1 2 3 1 1 0.121833921128567 2 77869.3339956228
"270" "Simulation_270" 2.136 0.015 0.064 0.091 1.49 0.47 270 0.05 12000 1000 1 500 111 1 0 1 0 1 1 -1 -1 -1 55052.3819082726
"271" "Simulation_271" 1.13 0.06 0.189 0.019 2.745 0.922 271 0.05 12000 1000 1 500 111 0 2 1 1936 2052 116 1 0.106444373196537 1302 55289.853416231
"272" "Simulation_272" 1.193 0.012 0.056 0.023 2.039 0.668 272 0.05 12000 1000 1 500 111 1 0 1 0 1 1 -1 -1 -1 52801.1828840753
"273" "Simulation_273" 2.198 0.058 0.183 0.096 0.784 0.215 273 0.05 12000 1000 1 500 111 1 0 1 176 189 13 1 0.0654055787111254 103 55288.6726017903
"274" "Simulation_274" 2.701 0.035 0.119 0.06 1.412 0.894 274 0.05 12000 1000 1 500 111 1 0 1 3 4 1 1 0.0282141712087207 3 55293.2181523508
"275" "Simulation_275" 1.695 0.08 0.244 0.132 2.667 0.441 275 0.05 12000 1000 1 500 111 1 0 1 2 2 0 1 0.120551458800898 2 55607.1224463001
"276" "Simulation_276" 1.947 0.046 0.15 0.005 1.725 0.328 276 0.05 12000 1000 1 500 111 1 0 1 2 3 1 0 -1 -1 0
"277" "Simulation_277" 2.953 0.092 0.278 0.078 2.98 0.781 277 0.05 12000 1000 1 500 111 1 0 1 1 1 0 0 -1 -1 41099.2678059157
"278" "Simulation_278" 2.45 0.024 0.089 0.041 2.353 0.102 278 0.05 12000 1000 1 500 111 1 0 1 0 1 1 -1 -1 -1 55293.2181523508
"279" "Simulation_279" 1.444 0.069 0.214 0.114 1.098 0.554 279 0.05 12000 1000 1 500 111 1 0 1 977 982 5 1 0.101955755049695 289 54131.699878621
"280" "Simulation_280" 1.318 0.041 0.136 0.087 0.627 0.611 280 0.05 12000 1000 1 500 111 1 0 1 2 2 0 1 0.0862455915357486 2 53648.2028821837
"281" "Simulation_281" 2.324 0.086 0.261 0.014 1.882 0.158 281 0.05 12000 1000 1 500 111 1 0 1 4 4 0 1 0.136261622314845 2 53898.1192349405
"282" "Simulation_282" 2.827 0.018 0.072 0.123 2.51 0.837 282 0.05 12000 1000 1 500 111 1 0 1 0 1 1 -1 -1 -1 52486.690666156
"283" "Simulation_283" 1.821 0.063 0.197 0.05 1.255 0.385 283 0.05 12000 1000 1 500 111 1 0 1 304 305 1 1 0.138826546970183 2 74935.1118069623
"284" "Simulation_284" 1.57 0.029 0.103 0.105 2.824 0.498 284 0.05 12000 1000 1 500 111 1 0 1 0 1 1 -1 -1 -1 55289.853416231
"285" "Simulation_285" 2.576 0.075 0.231 0.032 1.569 0.95 285 0.05 12000 1000 1 500 111 1 0 1 13 14 1 0 -1 -1 72513.3372544149
"286" "Simulation_286" 2.073 0.052 0.167 0.141 0.941 0.272 286 0.05 12000 1000 1 500 111 1 0 1 222 223 1 0 -1 -1 52801.1828840753
"287" "Simulation_287" 1.067 0.097 0.292 0.069 2.196 0.724 287 0.05 12000 1000 1 500 111 1 0 1 342 342 0 0 -1 -1 43616.1685574991
"288" "Simulation_288" 1.098 0.031 0.108 0.13 1.451 0.427 288 0.05 12000 1000 1 500 111 1 0 1 4 10 6 0 -1 -1 46461.0922104999
"289" "Simulation_289" 2.104 0.076 0.233 0.057 2.706 0.88 289 0.05 12000 1000 1 500 111 1 0 1 39 39 0 1 0.159025328630971 22 51810.015940113
"290" "Simulation_290" 2.607 0.053 0.169 0.094 2.078 0.201 290 0.05 12000 1000 1 500 111 1 0 1 0 1 1 -1 -1 -1 55289.853416231
"291" "Simulation_291" 1.601 0.099 0.297 0.021 0.824 0.653 291 0.05 12000 1000 1 500 111 1 0 1 1 1 0 1 -1 -1 55288.6726017903
"292" "Simulation_292" 1.853 0.042 0.139 0.148 1.765 0.767 292 0.05 12000 1000 1 500 111 1 0 1 129 129 0 1 0.0734209682590574 74 55289.853416231
"293" "Simulation_293" 2.859 0.087 0.264 0.076 0.51 0.314 293 0.05 12000 1000 1 500 111 1 0 1 1 1 0 1 -1 -1 55288.6726017903
"294" "Simulation_294" 2.356 0.019 0.075 0.112 1.137 0.993 294 0.05 12000 1000 1 500 111 1 0 1 17 20 3 0 -1 -1 45364.5015383311
"295" "Simulation_295" 1.35 0.065 0.203 0.039 2.392 0.54 295 0.05 12000 1000 1 500 111 0 190 1 1846 1846 0 0 -1 -1 55624.1356173605
"296" "Simulation_296" 1.475 0.048 0.156 0.066 2.863 0.484 296 0.05 12000 1000 1 500 111 1 0 1 4 4 0 0 -1 -1 53898.1192349405
"297" "Simulation_297" 2.481 0.093 0.281 0.139 1.608 0.936 297 0.05 12000 1000 1 500 111 1 0 1 11 13 2 0 -1 -1 53382.0227826086
"298" "Simulation_298" 2.984 0.025 0.092 0.03 0.98 0.257 298 0.05 12000 1000 1 500 111 1 0 1 267 267 0 0 -1 -1 42383.6548545786
"299" "Simulation_299" 1.978 0.07 0.217 0.103 2.235 0.71 299 0.05 12000 1000 1 500 111 1 0 1 72 72 0 0 -1 -1 45919.8037152539
"300" "Simulation_300" 1.727 0.014 0.061 0.048 0.667 0.597 300 0.05 12000 1000 1 500 111 1 0 1 0 1 1 -1 -1 -1 54901.3926173426
"301" "Simulation_301" 2.733 0.059 0.186 0.121 1.922 0.144 301 0.05 12000 1000 1 500 111 1 0 1 1 1 0 1 -1 -1 54348.8776023639
"302" "Simulation_302" 2.23 0.036 0.122 0.012 2.549 0.823 302 0.05 12000 1000 1 500 111 1 0 1 4 5 1 0 -1 -1 38381.0402624051
"303" "Simulation_303" 1.224 0.082 0.25 0.085 1.294 0.371 303 0.05 12000 1000 1 500 111 1 0 1 216 216 0 0 -1 -1 55652.4972105866
"304" "Simulation_304" 1.161 0.034 0.117 0.107 0.902 0.116 304 0.05 12000 1000 1 500 111 1 0 1 196 196 0 0 -1 -1 52156.269837712
"305" "Simulation_305" 2.167 0.079 0.242 0.035 2.157 0.569 305 0.05 12000 1000 1 500 111 1 0 1 64 64 0 0 -1 -1 71131.0399271588
"306" "Simulation_306" 2.67 0.011 0.053 0.144 2.784 0.342 306 0.05 12000 1000 1 500 111 1 0 1 0 1 1 -1 -1 -1 0
"307" "Simulation_307" 1.664 0.056 0.178 0.071 1.529 0.795 307 0.05 12000 1000 1 500 111 1 0 1 84 87 3 1 0.071817890349471 36 77748.0609845916
"308" "Simulation_308" 1.916 0.022 0.083 0.089 2.471 0.908 308 0.05 12000 1000 1 500 111 1 0 1 0 1 1 -1 -1 -1 55657.6401772316
"309" "Simulation_309" 2.921 0.067 0.208 0.016 1.216 0.455 309 0.05 12000 1000 1 500 111 1 0 1 36 36 0 1 0.113818531580635 11 55287.3210926918
"310" "Simulation_310" 2.418 0.045 0.147 0.126 0.588 0.682 310 0.05 12000 1000 1 500 111 1 0 1 1 1 0 1 -1 -1 55291.3692000795
"311" "Simulation_311" 1.413 0.09 0.272 0.053 1.843 0.229 311 0.05 12000 1000 1 500 111 1 0 1 2 2 0 1 0.157101635139468 -1 52801.1828840753
"312" "Simulation_312" 1.287 0.017 0.069 0.007 2.314 0.286 312 0.05 12000 1000 1 500 111 1 0 1 0 1 1 -1 -1 -1 0
"313" "Simulation_313" 2.293 0.062 0.194 0.08 1.059 0.738 313 0.05 12000 1000 1 500 111 1 0 1 25 26 1 1 0.0872074382815005 17 52801.1828840753
"314" "Simulation_314" 2.796 0.039 0.131 0.044 1.686 0.512 314 0.05 12000 1000 1 500 111 1 0 1 0 1 1 -1 -1 -1 78077.9814573751
"315" "Simulation_315" 1.79 0.084 0.256 0.116 2.941 0.965 315 0.05 12000 1000 1 500 111 1 0 1 872 872 0 1 0.159987175376723 384 50268.7437193899
"316" "Simulation_316" 1.538 0.05 0.161 0.025 1.373 0.851 316 0.05 12000 1000 1 500 111 1 0 1 101 102 1 0 -1 -1 55624.1356173605
"317" "Simulation_317" 2.544 0.096 0.289 0.098 2.627 0.399 317 0.05 12000 1000 1 500 111 1 0 1 1 1 0 0 -1 -1 53382.0227826086
"318" "Simulation_318" 2.041 0.028 0.1 0.062 2 0.625 318 0.05 12000 1000 1 500 111 1 0 1 0 1 1 -1 -1 -1 55287.3210926918
"319" "Simulation_319" 1.035 0.073 0.225 0.135 0.745 0.172 319 0.05 12000 1000 1 500 111 0 136 1 1541 1543 2 1 0.125681308111574 441 55289.853416231
"320" "Simulation_320" 1.051 0.019 0.075 0.081 2.725 0.236 320 0.05 12000 1000 1 500 111 1 0 1 6 12 6 0 -1 -1 45919.8037152539
"321" "Simulation_321" 2.057 0.064 0.2 0.008 1.471 0.689 321 0.05 12000 1000 1 500 111 1 0 1 4 5 1 0 -1 -1 52801.1828840753
"322" "Simulation_322" 2.56 0.041 0.136 0.118 0.843 0.462 322 0.05 12000 1000 1 500 111 1 0 1 750 751 1 0 -1 -1 55536.6433970185
"323" "Simulation_323" 1.554 0.087 0.264 0.045 2.098 0.915 323 0.05 12000 1000 1 500 111 1 0 1 49 49 0 0 -1 -1 48951.9153664772
"324" "Simulation_324" 1.806 0.053 0.169 0.099 0.529 0.802 324 0.05 12000 1000 1 500 111 1 0 1 1 1 0 1 -1 -1 53648.2028821837
"325" "Simulation_325" 2.811 0.098 0.294 0.027 1.784 0.349 325 0.05 12000 1000 1 500 111 1 0 1 5 5 0 1 0.112536069252966 2 55291.3692000795
"326" "Simulation_326" 2.308 0.03 0.106 0.136 2.412 0.576 326 0.05 12000 1000 1 500 111 1 0 1 0 1 1 -1 -1 -1 76592.4571414259
"327" "Simulation_327" 1.303 0.075 0.231 0.063 1.157 0.123 327 0.05 12000 1000 1 500 111 1 0 1 2 2 0 0 -1 -1 44212.5141056925
"328" "Simulation_328" 1.428 0.036 0.122 0.036 1.627 0.18 328 0.05 12000 1000 1 500 111 1 0 1 0 1 1 -1 -1 -1 53898.1192349405
"329" "Simulation_329" 2.434 0.081 0.247 0.108 2.882 0.632 329 0.05 12000 1000 1 500 111 1 0 1 22 22 0 1 0.118948380891311 18 55293.2181523508
"330" "Simulation_330" 2.937 0.013 0.058 0.072 2.255 0.406 330 0.05 12000 1000 1 500 111 1 0 1 0 1 1 -1 -1 -1 0
"331" "Simulation_331" 1.931 0.058 0.183 0.145 1 0.859 331 0.05 12000 1000 1 500 111 1 0 1 23 23 0 1 0.0907342096825906 17 55052.3819082726
"332" "Simulation_332" 1.68 0.024 0.089 0.018 1.941 0.972 332 0.05 12000 1000 1 500 111 1 0 1 0 1 1 -1 -1 -1 45364.5015383311
"333" "Simulation_333" 2.686 0.07 0.217 0.09 0.686 0.519 333 0.05 12000 1000 1 500 111 1 0 1 1 1 0 0 -1 -1 55661.760319209
"334" "Simulation_334" 2.183 0.047 0.153 0.054 1.314 0.745 334 0.05 12000 1000 1 500 111 1 0 1 48 51 3 1 0.104841295286951 5 51810.015940113
"335" "Simulation_335" 1.177 0.092 0.278 0.127 2.569 0.293 335 0.05 12000 1000 1 500 111 1 0 1 92 118 26 1 0.111894838089131 46 55640.7993261813
"336" "Simulation_336" 1.24 0.044 0.144 0.14 2.176 0.547 336 0.05 12000 1000 1 500 111 0 92 1 1847 1864 17 0 -1 -1 55507.7436093998
"337" "Simulation_337" 2.246 0.089 0.269 0.068 0.922 1 337 0.05 12000 1000 1 500 111 1 0 1 1 1 0 1 -1 -1 145448.980711021
"338" "Simulation_338" 2.749 0.021 0.081 0.104 1.549 0.321 338 0.05 12000 1000 1 500 111 1 0 1 6 6 0 0 -1 -1 55304.3198065823
"339" "Simulation_339" 1.743 0.067 0.208 0.031 2.804 0.774 339 0.05 12000 1000 1 500 111 1 0 1 222 223 1 0 -1 -1 48482.9935703405
"340" "Simulation_340" 1.994 0.01 0.05 0.122 1.235 0.661 340 0.05 12000 1000 1 500 111 1 0 1 0 1 1 -1 -1 -1 0
"341" "Simulation_341" 3 0.055 0.175 0.049 2.49 0.208 341 0.05 12000 1000 1 500 111 1 0 1 3 3 0 0 -1 -1 70770.9885131716
"342" "Simulation_342" 2.497 0.033 0.114 0.086 1.863 0.887 342 0.05 12000 1000 1 500 111 1 0 1 23 23 0 1 0.0500160307790959 23 55288.6726017903
"343" "Simulation_343" 1.491 0.078 0.239 0.013 0.608 0.434 343 0.05 12000 1000 1 500 111 1 0 1 135 138 3 1 0.18275088169285 62 46461.0922104999
"344" "Simulation_344" 1.365 0.027 0.097 0.058 1.078 0.378 344 0.05 12000 1000 1 500 111 1 0 1 12 12 0 0 -1 -1 48482.9935703405
"345" "Simulation_345" 2.371 0.072 0.222 0.131 2.333 0.83 345 0.05 12000 1000 1 500 111 1 0 1 134 134 0 1 0.126643154857326 46 51070.4144556807
"346" "Simulation_346" 2.874 0.05 0.161 0.022 2.961 0.151 346 0.05 12000 1000 1 500 111 1 0 1 1 1 0 0 -1 -1 72842.7847301423
"347" "Simulation_347" 1.868 0.095 0.286 0.095 1.706 0.604 347 0.05 12000 1000 1 500 111 1 0 1 15 15 0 0 -1 -1 53382.0227826086
"348" "Simulation_348" 1.617 0.038 0.128 0.077 2.647 0.717 348 0.05 12000 1000 1 500 111 1 0 1 27 27 0 0 -1 -1 33954.8454510616
"349" "Simulation_349" 2.623 0.084 0.256 0.149 1.392 0.264 349 0.05 12000 1000 1 500 111 1 0 1 10 10 0 1 0.119268996473229 4 78077.9814573751
"350" "Simulation_350" 2.12 0.016 0.067 0.04 0.765 0.943 350 0.05 12000 1000 1 500 111 1 0 1 0 1 1 -1 -1 -1 55291.3692000795
"351" "Simulation_351" 1.114 0.061 0.192 0.113 2.02 0.491 351 0.05 12000 1000 1 500 111 1 0 1 453 453 0 1 0.0464892593780058 5 55287.1520034505
"352" "Simulation_352" 1.083 0.043 0.142 0.015 1.353 0.561 352 0.05 12000 1000 1 500 111 1 0 1 0 1 1 -1 -1 -1 54901.3926173426
"353" "Simulation_353" 2.088 0.088 0.267 0.088 2.608 0.109 353 0.05 12000 1000 1 500 111 1 0 1 1 1 0 1 -1 -1 51810.015940113
"354" "Simulation_354" 2.591 0.02 0.078 0.052 1.98 0.788 354 0.05 12000 1000 1 500 111 1 0 1 0 1 1 -1 -1 -1 55186.7038124851
"355" "Simulation_355" 1.585 0.065 0.203 0.124 0.725 0.335 355 0.05 12000 1000 1 500 111 1 0 1 809 812 3 1 0.103879448541199 225 54733.7792618188
"356" "Simulation_356" 1.837 0.031 0.108 0.033 2.294 0.448 356 0.05 12000 1000 1 500 111 1 0 1 127 127 0 0 -1 -1 45364.5015383311
"357" "Simulation_357" 2.843 0.077 0.236 0.106 1.039 0.901 357 0.05 12000 1000 1 500 111 1 0 1 1 1 0 1 -1 -1 52156.269837712
"358" "Simulation_358" 2.34 0.054 0.172 0.07 1.667 0.222 358 0.05 12000 1000 1 500 111 1 0 1 12 12 0 0 -1 -1 54549.5899565469
"359" "Simulation_359" 1.334 0.099 0.297 0.143 2.922 0.675 359 0.05 12000 1000 1 500 111 1 0 1 10 10 0 1 0.159666559794806 8 55287.8281595737
"360" "Simulation_360" 1.46 0.014 0.061 0.097 2.451 0.731 360 0.05 12000 1000 1 500 111 1 0 1 65 85 20 0 -1 -1 44212.5141056925
"361" "Simulation_361" 2.466 0.06 0.189 0.024 1.196 0.279 361 0.05 12000 1000 1 500 111 1 0 1 73 82 9 0 -1 -1 48482.9935703405
"362" "Simulation_362" 2.969 0.037 0.125 0.134 0.569 0.958 362 0.05 12000 1000 1 500 111 1 0 1 0 1 1 -1 -1 -1 55300.740081833
"363" "Simulation_363" 1.963 0.082 0.25 0.061 1.824 0.505 363 0.05 12000 1000 1 500 111 1 0 1 12 14 2 1 0.177300416800256 4 78240.9177335022
"364" "Simulation_364" 1.711 0.048 0.156 0.079 0.882 0.392 364 0.05 12000 1000 1 500 111 1 0 1 417 421 4 1 0.0849631292080795 163 77748.0609845916
"365" "Simulation_365" 2.717 0.094 0.283 0.006 2.137 0.844 365 0.05 12000 1000 1 500 111 1 0 1 5 6 1 0 -1 -1 53382.0227826086
"366" "Simulation_366" 2.214 0.026 0.094 0.115 2.765 0.165 366 0.05 12000 1000 1 500 111 1 0 1 1 1 0 0 -1 -1 36950.4423319665
"367" "Simulation_367" 1.208 0.071 0.219 0.043 1.51 0.618 367 0.05 12000 1000 1 500 111 1 0 1 160 162 2 0 -1 -1 55556.1216395665
"368" "Simulation_368" 1.145 0.023 0.086 0.074 0.804 0.873 368 0.05 12000 1000 1 500 111 0 105 1 1497 1561 64 0 -1 -1 46988.2079465908
"369" "Simulation_369" 2.151 0.068 0.211 0.147 2.059 0.42 369 0.05 12000 1000 1 500 111 1 0 1 3 3 0 0 -1 -1 55287.8281595737
"370" "Simulation_370" 2.654 0.046 0.15 0.038 2.686 0.646 370 0.05 12000 1000 1 500 111 1 0 1 114 114 0 1 0.102276370631613 10 49844.9205874757
"371" "Simulation_371" 1.648 0.091 0.275 0.111 1.431 0.194 371 0.05 12000 1000 1 500 111 1 0 1 5 5 0 1 0.0609169605642834 5 55289.853416231
"372" "Simulation_372" 1.9 0.034 0.117 0.056 3 0.307 372 0.05 12000 1000 1 500 111 1 0 1 0 1 1 -1 -1 -1 55186.7038124851
"373" "Simulation_373" 2.906 0.079 0.242 0.129 1.745 0.76 373 0.05 12000 1000 1 500 111 1 0 1 16 16 0 1 0.0955434434113498 8 54348.8776023639
"374" "Simulation_374" 2.403 0.012 0.056 0.02 1.118 0.533 374 0.05 12000 1000 1 500 111 1 0 1 0 1 1 -1 -1 -1 55287.1520034505
"375" "Simulation_375" 1.397 0.057 0.181 0.093 2.373 0.986 375 0.05 12000 1000 1 500 111 1 0 1 139 142 3 1 0.0586726514908625 109 77979.3353656316
"376" "Simulation_376" 1.271 0.051 0.164 0.12 1.902 0.929 376 0.05 12000 1000 1 500 111 1 0 1 1670 1671 1 0 -1 -1 41099.2678059157
"377" "Simulation_377" 2.277 0.096 0.289 0.047 0.647 0.477 377 0.05 12000 1000 1 500 111 1 0 1 4 4 0 0 -1 -1 34719.9884096605
"378" "Simulation_378" 2.78 0.029 0.103 0.083 1.275 0.703 378 0.05 12000 1000 1 500 111 1 0 1 0 1 1 -1 -1 -1 54131.699878621
"379" "Simulation_379" 1.774 0.074 0.228 0.011 2.529 0.25 379 0.05 12000 1000 1 500 111 1 0 1 69 73 4 1 0.159666559794806 6 55289.853416231
"380" "Simulation_380" 1.523 0.017 0.069 0.138 1.588 0.137 380 0.05 12000 1000 1 500 111 1 0 1 0 1 1 -1 -1 -1 55293.2181523508
"381" "Simulation_381" 2.528 0.063 0.197 0.065 2.843 0.59 381 0.05 12000 1000 1 500 111 1 0 1 112 114 2 0 -1 -1 47999.3067158155
"382" "Simulation_382" 2.026 0.04 0.133 0.102 2.216 0.363 382 0.05 12000 1000 1 500 111 1 0 1 0 1 1 -1 -1 -1 55293.2181523508
"383" "Simulation_383" 1.02 0.085 0.258 0.029 0.961 0.816 383 0.05 12000 1000 1 500 111 1 0 1 16 23 7 1 0.121833921128567 12 55293.2181523508
"384" "Simulation_384" 1.012 0.025 0.092 0.11 2.088 0.615 384 0.05 12000 1000 1 500 111 1 0 1 127 130 3 0 -1 -1 55517.3188680222
"385" "Simulation_385" 2.018 0.07 0.217 0.037 0.833 0.162 385 0.05 12000 1000 1 500 111 1 0 1 578 578 0 1 0.117345302981725 294 55291.3692000795
"386" "Simulation_386" 2.521 0.047 0.153 0.147 1.461 0.841 386 0.05 12000 1000 1 500 111 1 0 1 0 1 1 -1 -1 -1 55052.3819082726
"387" "Simulation_387" 1.515 0.093 0.281 0.074 2.716 0.388 387 0.05 12000 1000 1 500 111 1 0 1 2 2 0 1 0.144597627444694 -1 55052.3819082726
"388" "Simulation_388" 1.766 0.036 0.122 0.092 1.147 0.501 388 0.05 12000 1000 1 500 111 1 0 1 1500 1501 1 1 0.0676498877845463 945 55287.3210926918
"389" "Simulation_389" 2.772 0.081 0.247 0.019 2.402 0.954 389 0.05 12000 1000 1 500 111 1 0 1 6 6 0 1 0.0993908303943572 5 55640.7993261813
"390" "Simulation_390" 2.269 0.013 0.058 0.128 1.775 0.275 390 0.05 12000 1000 1 500 111 1 0 1 4 4 0 0 -1 -1 49405.9351771199
"391" "Simulation_391" 1.263 0.059 0.186 0.056 0.52 0.728 391 0.05 12000 1000 1 500 111 1 0 1 1 1 0 1 -1 -1 164201.337785456
"392" "Simulation_392" 1.389 0.053 0.169 0.01 0.99 0.671 392 0.05 12000 1000 1 500 111 1 0 1 1057 1068 11 0 -1 -1 46988.2079465908
"393" "Simulation_393" 2.395 0.098 0.294 0.083 2.245 0.218 393 0.05 12000 1000 1 500 111 1 0 1 1 1 0 0 -1 -1 55526.9560285824
"394" "Simulation_394" 2.898 0.03 0.106 0.047 2.873 0.897 394 0.05 12000 1000 1 500 111 1 0 1 5 5 0 0 -1 -1 39078.7795173255
"395" "Simulation_395" 1.892 0.076 0.233 0.119 1.618 0.445 395 0.05 12000 1000 1 500 111 1 0 1 70 71 1 0 -1 -1 51810.015940113
"396" "Simulation_396" 1.64 0.019 0.075 0.028 2.559 0.332 396 0.05 12000 1000 1 500 111 1 0 1 0 1 1 -1 -1 -1 43616.1685574991
"397" "Simulation_397" 2.646 0.064 0.2 0.101 1.304 0.784 397 0.05 12000 1000 1 500 111 1 0 1 3 3 0 1 0.105482526450786 -1 54901.3926173426
"398" "Simulation_398" 2.143 0.042 0.139 0.065 0.676 0.105 398 0.05 12000 1000 1 500 111 1 0 1 0 1 1 -1 -1 -1 54348.8776023639
"399" "Simulation_399" 1.138 0.087 0.264 0.137 1.931 0.558 399 0.05 12000 1000 1 500 111 1 0 1 68 68 0 1 0.152933632574543 33 74935.1118069623
"400" "Simulation_400" 1.2 0.039 0.131 0.124 2.794 0.813 400 0.05 12000 1000 1 500 111 1 0 1 4 4 0 0 -1 -1 50677.281254418
"401" "Simulation_401" 2.206 0.084 0.256 0.051 1.539 0.36 401 0.05 12000 1000 1 500 111 1 0 1 580 581 1 0 -1 -1 45364.5015383311
"402" "Simulation_402" 2.709 0.016 0.067 0.087 0.912 0.586 402 0.05 12000 1000 1 500 111 1 0 1 0 1 1 -1 -1 -1 39764.5329787758
"403" "Simulation_403" 1.703 0.061 0.192 0.015 2.167 0.134 403 0.05 12000 1000 1 500 111 1 0 1 2 2 0 1 0.102276370631613 -1 55556.6191813857
"404" "Simulation_404" 1.955 0.028 0.1 0.142 0.598 0.247 404 0.05 12000 1000 1 500 111 1 0 1 0 1 1 -1 -1 -1 55287.3210926918
"405" "Simulation_405" 2.961 0.073 0.225 0.069 1.853 0.699 405 0.05 12000 1000 1 500 111 1 0 1 65 65 0 1 0.0840012824623277 35 55287.8281595737
"406" "Simulation_406" 2.458 0.05 0.161 0.106 2.48 0.473 406 0.05 12000 1000 1 500 111 1 0 1 10 10 0 1 0.0583520359089452 8 55291.3692000795
"407" "Simulation_407" 1.452 0.095 0.286 0.033 1.225 0.926 407 0.05 12000 1000 1 500 111 1 0 1 1 1 0 0 -1 -1 43616.1685574991
"408" "Simulation_408" 1.326 0.011 0.053 0.06 1.696 0.982 408 0.05 12000 1000 1 500 111 1 0 1 0 1 1 -1 -1 -1 55052.3819082726
"409" "Simulation_409" 2.332 0.056 0.178 0.133 2.951 0.53 409 0.05 12000 1000 1 500 111 1 0 1 4 4 0 0 -1 -1 54733.7792618188
"410" "Simulation_410" 2.835 0.033 0.114 0.024 2.324 0.756 410 0.05 12000 1000 1 500 111 1 0 1 2 2 0 0 -1 -1 55288.6726017903
"411" "Simulation_411" 1.829 0.078 0.239 0.097 1.069 0.303 411 0.05 12000 1000 1 500 111 1 0 1 36 36 0 1 0.13562039115101 14 54549.5899565469
"412" "Simulation_412" 1.578 0.044 0.144 0.042 2.01 0.19 412 0.05 12000 1000 1 500 111 1 0 1 9 9 0 0 -1 -1 55186.7038124851
"413" "Simulation_413" 2.583 0.09 0.272 0.115 0.755 0.643 413 0.05 12000 1000 1 500 111 1 0 1 1 1 0 1 -1 -1 55657.6401772316
"414" "Simulation_414" 2.081 0.022 0.083 0.006 1.382 0.417 414 0.05 12000 1000 1 500 111 1 0 1 0 1 1 -1 -1 -1 54901.3926173426
"415" "Simulation_415" 1.075 0.067 0.208 0.078 2.637 0.869 415 0.05 12000 1000 1 500 111 0 45 1 1291 1358 67 0 -1 -1 37671.5237484766
"416" "Simulation_416" 1.106 0.049 0.158 0.031 0.716 0.289 416 0.05 12000 1000 1 500 111 1 0 1 0 1 1 -1 -1 -1 55287.8281595737
"417" "Simulation_417" 2.112 0.094 0.283 0.103 1.971 0.742 417 0.05 12000 1000 1 500 111 1 0 1 288 289 1 1 0.135299775569093 67 53382.0227826086
"418" "Simulation_418" 2.615 0.026 0.094 0.067 2.598 0.516 418 0.05 12000 1000 1 500 111 1 0 1 0 1 1 -1 -1 -1 76385.1036659297
"419" "Simulation_419" 1.609 0.071 0.219 0.14 1.343 0.968 419 0.05 12000 1000 1 500 111 1 0 1 13 13 0 1 0.119268996473229 10 54901.3926173426
"420" "Simulation_420" 1.861 0.015 0.064 0.012 2.912 0.855 420 0.05 12000 1000 1 500 111 1 0 1 0 1 1 -1 -1 -1 51810.015940113
"421" "Simulation_421" 2.866 0.06 0.189 0.085 1.657 0.402 421 0.05 12000 1000 1 500 111 1 0 1 62 63 1 1 0.0945815966655979 28 76976.176582135
"422" "Simulation_422" 2.363 0.037 0.125 0.049 1.029 0.629 422 0.05 12000 1000 1 500 111 1 0 1 5 5 0 1 0.0621994228919526 3 76167.6389514776
"423" "Simulation_423" 1.358 0.083 0.253 0.122 2.284 0.176 423 0.05 12000 1000 1 500 111 1 0 1 3 3 0 1 0.174094260981084 3 48482.9935703405
"424" "Simulation_424" 1.483 0.032 0.111 0.094 1.814 0.119 424 0.05 12000 1000 1 500 111 1 0 1 12 12 0 0 -1 -1 46461.0922104999
"425" "Simulation_425" 2.489 0.077 0.236 0.021 0.559 0.572 425 0.05 12000 1000 1 500 111 1 0 1 1 1 0 1 -1 -1 54131.699878621
"426" "Simulation_426" 2.992 0.054 0.172 0.131 1.186 0.346 426 0.05 12000 1000 1 500 111 1 0 1 0 1 1 -1 -1 -1 54348.8776023639
"427" "Simulation_427" 1.986 0.1 0.3 0.058 2.441 0.798 427 0.05 12000 1000 1 500 111 1 0 1 72 72 0 1 0.164796409105483 25 51810.015940113
"428" "Simulation_428" 1.735 0.043 0.142 0.112 1.5 0.912 428 0.05 12000 1000 1 500 111 1 0 1 10 11 1 1 0.0759858929143956 4 76789.5335929364
"429" "Simulation_429" 2.741 0.088 0.267 0.04 2.755 0.459 429 0.05 12000 1000 1 500 111 1 0 1 2 2 0 1 0.165437640269317 2 53648.2028821837
"430" "Simulation_430" 2.238 0.02 0.078 0.149 2.127 0.685 430 0.05 12000 1000 1 500 111 1 0 1 1 3 2 0 -1 -1 71834.4458498236
"431" "Simulation_431" 1.232 0.066 0.206 0.076 0.873 0.233 431 0.05 12000 1000 1 500 111 0 3 1 1546 1550 4 1 0.168964411670407 567 55640.7993261813
"432" "Simulation_432" 1.169 0.018 0.072 0.044 1.422 0.487 432 0.05 12000 1000 1 500 111 1 0 1 0 1 1 -1 -1 -1 55291.3692000795
"433" "Simulation_433" 2.175 0.063 0.197 0.117 2.676 0.94 433 0.05 12000 1000 1 500 111 1 0 1 71 71 0 1 0.102276370631613 29 76789.5335929364
"434" "Simulation_434" 2.678 0.04 0.133 0.008 2.049 0.261 434 0.05 12000 1000 1 500 111 1 0 1 0 1 1 -1 -1 -1 55291.3692000795
"435" "Simulation_435" 1.672 0.086 0.261 0.081 0.794 0.714 435 0.05 12000 1000 1 500 111 1 0 1 1 1 0 1 -1 -1 75200.3141944766
"436" "Simulation_436" 1.923 0.052 0.167 0.062 2.363 0.6 436 0.05 12000 1000 1 500 111 1 0 1 145 145 0 0 -1 -1 55288.6726017903
"437" "Simulation_437" 2.929 0.097 0.292 0.135 1.108 0.148 437 0.05 12000 1000 1 500 111 1 0 1 12 13 1 1 0.179544725873677 2 52156.269837712
"438" "Simulation_438" 2.426 0.029 0.103 0.026 1.735 0.827 438 0.05 12000 1000 1 500 111 1 0 1 0 1 1 -1 -1 -1 75200.3141944766
"439" "Simulation_439" 1.42 0.074 0.228 0.099 2.99 0.374 439 0.05 12000 1000 1 500 111 1 0 1 40 40 0 1 0.118627765309394 20 55289.853416231
"440" "Simulation_440" 1.295 0.035 0.119 0.144 2.52 0.431 440 0.05 12000 1000 1 500 111 1 0 1 5 5 0 0 -1 -1 42383.6548545786
"441" "Simulation_441" 2.301 0.08 0.244 0.072 1.265 0.883 441 0.05 12000 1000 1 500 111 1 0 1 10 10 0 1 0.137544084642514 5 55288.6726017903
"442" "Simulation_442" 2.804 0.012 0.056 0.108 0.637 0.204 442 0.05 12000 1000 1 500 111 1 0 1 2 3 1 0 -1 -1 54131.699878621
"443" "Simulation_443" 1.798 0.057 0.181 0.035 1.892 0.657 443 0.05 12000 1000 1 500 111 1 0 1 266 267 1 1 0.125360692529657 82 51448.0291885374
"444" "Simulation_444" 1.546 0.023 0.086 0.126 0.951 0.77 444 0.05 12000 1000 1 500 111 1 0 1 0 1 1 -1 -1 -1 51448.0291885374
"445" "Simulation_445" 2.552 0.069 0.214 0.053 2.206 0.317 445 0.05 12000 1000 1 500 111 1 0 1 2 2 0 1 0.102917601795447 -1 55293.2181523508
"446" "Simulation_446" 2.049 0.046 0.15 0.09 2.833 0.996 446 0.05 12000 1000 1 500 111 1 0 1 0 1 1 -1 -1 -1 77979.3353656316
"447" "Simulation_447" 1.043 0.091 0.275 0.017 1.578 0.544 447 0.05 12000 1000 1 500 111 1 0 1 22 22 0 1 0.190766271240782 20 74378.1906141558
"448" "Simulation_448" 1.028 0.037 0.125 0.073 1.951 0.367 448 0.05 12000 1000 1 500 111 0 112 1 2025 2036 11 1 0.119268996473229 191 52486.690666156
"449" "Simulation_449" 2.033 0.082 0.25 0.145 0.696 0.82 449 0.05 12000 1000 1 500 111 1 0 1 1 1 0 1 -1 -1 47999.3067158155
"450" "Simulation_450" 2.536 0.014 0.061 0.036 1.324 0.141 450 0.05 12000 1000 1 500 111 1 0 1 0 1 1 -1 -1 -1 50268.7437193899
"451" "Simulation_451" 1.53 0.059 0.186 0.109 2.578 0.593 451 0.05 12000 1000 1 500 111 1 0 1 1174 1180 6 1 0.12856684834883 210 49405.9351771199
"452" "Simulation_452" 1.782 0.025 0.092 0.054 1.637 0.706 452 0.05 12000 1000 1 500 111 1 0 1 0 1 1 -1 -1 -1 54131.699878621
"453" "Simulation_453" 2.788 0.071 0.219 0.127 2.892 0.254 453 0.05 12000 1000 1 500 111 1 0 1 6 6 0 0 -1 -1 55315.2557489259
"454" "Simulation_454" 2.285 0.048 0.156 0.018 2.265 0.933 454 0.05 12000 1000 1 500 111 1 0 1 54 54 0 0 -1 -1 0
"455" "Simulation_455" 1.279 0.093 0.281 0.091 1.01 0.48 455 0.05 12000 1000 1 500 111 1 0 1 250 270 20 1 0.223148445014428 100 50268.7437193899
"456" "Simulation_456" 1.405 0.02 0.078 0.118 0.539 0.537 456 0.05 12000 1000 1 500 111 1 0 1 0 1 1 -1 -1 -1 53099.6556391896
"457" "Simulation_457" 2.411 0.065 0.203 0.045 1.794 0.989 457 0.05 12000 1000 1 500 111 1 0 1 15 15 0 1 0.0965052901571016 6 55288.6726017903
"458" "Simulation_458" 2.914 0.042 0.139 0.082 2.422 0.31 458 0.05 12000 1000 1 500 111 1 0 1 1 1 0 0 -1 -1 55293.2181523508
"459" "Simulation_459" 1.908 0.088 0.267 0.009 1.167 0.763 459 0.05 12000 1000 1 500 111 1 0 1 3 3 0 0 -1 -1 55507.7436093998
"460" "Simulation_460" 1.656 0.054 0.172 0.136 2.735 0.65 460 0.05 12000 1000 1 500 111 0 13 1 1512 1514 2 1 0.151651170246874 18 52486.690666156
"461" "Simulation_461" 2.662 0.099 0.297 0.064 1.48 0.197 461 0.05 12000 1000 1 500 111 1 0 1 1 1 0 1 -1 -1 55287.8281595737
"462" "Simulation_462" 2.159 0.031 0.108 0.1 0.853 0.876 462 0.05 12000 1000 1 500 111 1 0 1 36 36 0 0 -1 -1 52156.269837712
"463" "Simulation_463" 1.153 0.076 0.233 0.027 2.108 0.424 463 0.05 12000 1000 1 500 111 1 0 1 222 222 0 1 0.134337928823341 88 55287.8281595737
"464" "Simulation_464" 1.216 0.028 0.1 0.023 2.657 0.169 464 0.05 12000 1000 1 500 111 1 0 1 378 378 0 0 -1 -1 55287.3210926918
"465" "Simulation_465" 2.222 0.073 0.225 0.095 1.402 0.622 465 0.05 12000 1000 1 500 111 1 0 1 68 70 2 1 0.0795126643154857 34 55052.3819082726
"466" "Simulation_466" 2.725 0.051 0.164 0.059 0.775 0.395 466 0.05 12000 1000 1 500 111 1 0 1 8 8 0 1 0.0977877524847708 4 55311.1579673368
"467" "Simulation_467" 1.719 0.096 0.289 0.132 2.029 0.848 467 0.05 12000 1000 1 500 111 1 0 1 698 703 5 1 0.148124398845784 309 55287.8281595737
"468" "Simulation_468" 1.971 0.04 0.133 0.041 1.088 0.961 468 0.05 12000 1000 1 500 111 1 0 1 4 4 0 1 0.0580314203270279 2 55607.1224463001
"469" "Simulation_469" 2.976 0.085 0.258 0.114 2.343 0.508 469 0.05 12000 1000 1 500 111 1 0 1 27 27 0 1 0.136261622314845 15 78240.9177335022
"470" "Simulation_470" 2.473 0.017 0.069 0.077 2.971 0.735 470 0.05 12000 1000 1 500 111 1 0 1 0 1 1 -1 -1 -1 53648.2028821837
"471" "Simulation_471" 1.468 0.062 0.194 0.15 1.716 0.282 471 0.05 12000 1000 1 500 111 1 0 1 4 4 0 1 0.0942609810836807 4 77615.6089076076
"472" "Simulation_472" 1.342 0.045 0.147 0.105 1.245 0.226 472 0.05 12000 1000 1 500 111 1 0 1 3 3 0 0 -1 -1 55607.1224463001
"473" "Simulation_473" 2.348 0.09 0.272 0.032 2.5 0.678 473 0.05 12000 1000 1 500 111 1 0 1 132 132 0 0 -1 -1 52801.1828840753
"474" "Simulation_474" 2.851 0.023 0.086 0.141 1.873 0.452 474 0.05 12000 1000 1 500 111 1 0 1 3 5 2 0 -1 -1 75940.2381939759
"475" "Simulation_475" 1.845 0.068 0.211 0.068 0.618 0.905 475 0.05 12000 1000 1 500 111 1 0 1 1 1 0 1 -1 -1 51810.015940113
"476" "Simulation_476" 1.593 0.011 0.053 0.086 2.186 0.791 476 0.05 12000 1000 1 500 111 1 0 1 0 1 1 -1 -1 -1 55289.853416231
"477" "Simulation_477" 2.599 0.057 0.181 0.014 0.931 0.339 477 0.05 12000 1000 1 500 111 1 0 1 108 108 0 1 0.104841295286951 27 55287.3210926918
"478" "Simulation_478" 2.096 0.034 0.117 0.123 1.559 0.565 478 0.05 12000 1000 1 500 111 1 0 1 4 4 0 0 -1 -1 75456.3767885071
"479" "Simulation_479" 1.09 0.079 0.242 0.05 2.814 0.112 479 0.05 12000 1000 1 500 111 1 0 1 16 16 0 1 0.136582237896762 8 55657.6401772316
"480" "Simulation_480" 1.059 0.013 0.058 0.134 0.814 0.919 480 0.05 12000 1000 1 500 111 1 0 1 0 1 1 -1 -1 -1 50268.7437193899
"481" "Simulation_481" 2.065 0.058 0.183 0.061 2.069 0.466 481 0.05 12000 1000 1 500 111 1 0 1 8 9 1 0 -1 -1 55288.6726017903
"482" "Simulation_482" 2.568 0.035 0.119 0.098 2.696 0.692 482 0.05 12000 1000 1 500 111 1 0 1 52 60 8 0 -1 -1 74086.9479461143
"483" "Simulation_483" 1.562 0.081 0.247 0.025 1.441 0.24 483 0.05 12000 1000 1 500 111 1 0 1 56 56 0 1 0.111574222507214 20 55291.3692000795
"484" "Simulation_484" 1.813 0.047 0.153 0.116 2.382 0.127 484 0.05 12000 1000 1 500 111 1 0 1 2 2 0 0 -1 -1 77869.3339956228
"485" "Simulation_485" 2.819 0.092 0.278 0.043 1.127 0.579 485 0.05 12000 1000 1 500 111 1 0 1 10 10 0 1 0.143635780698942 6 55186.7038124851
"486" "Simulation_486" 2.316 0.024 0.089 0.079 0.5 0.353 486 0.05 12000 1000 1 500 111 1 0 1 2 2 0 0 -1 -1 0
"487" "Simulation_487" 1.31 0.069 0.214 0.007 1.755 0.806 487 0.05 12000 1000 1 500 111 1 0 1 221 257 36 0 -1 -1 55643.1310441319
"488" "Simulation_488" 1.436 0.041 0.136 0.052 2.225 0.862 488 0.05 12000 1000 1 500 111 1 0 1 0 1 1 -1 -1 -1 78240.9177335022
"489" "Simulation_489" 2.442 0.086 0.261 0.125 0.971 0.409 489 0.05 12000 1000 1 500 111 1 0 1 1 1 0 1 -1 -1 48482.9935703405
"490" "Simulation_490" 2.945 0.018 0.072 0.016 1.598 0.636 490 0.05 12000 1000 1 500 111 1 0 1 13 16 3 1 0.0115421609490221 3 55304.3198065823
"491" "Simulation_491" 1.939 0.064 0.2 0.089 2.853 0.183 491 0.05 12000 1000 1 500 111 1 0 1 1 1 0 1 -1 -1 53099.6556391896
"492" "Simulation_492" 1.688 0.03 0.106 0.07 1.284 0.296 492 0.05 12000 1000 1 500 111 1 0 1 222 222 0 1 0.0211606284065406 6 55287.3210926918
"493" "Simulation_493" 2.694 0.075 0.231 0.143 2.539 0.749 493 0.05 12000 1000 1 500 111 1 0 1 6 7 1 1 0.162552100032062 2 74935.1118069623
"494" "Simulation_494" 2.191 0.052 0.167 0.034 1.912 0.523 494 0.05 12000 1000 1 500 111 1 0 1 65 65 0 1 0.06957358127605 21 55293.2181523508
"495" "Simulation_495" 1.185 0.098 0.294 0.107 0.657 0.975 495 0.05 12000 1000 1 500 111 1 0 1 2 2 0 0 -1 -1 55507.7436093998
"496" "Simulation_496" 1.122 0.049 0.158 0.084 1.52 0.721 496 0.05 12000 1000 1 500 111 0 132 1 2338 2341 3 1 0.164475793523565 191 54733.7792618188
"497" "Simulation_497" 2.128 0.095 0.286 0.011 2.775 0.268 497 0.05 12000 1000 1 500 111 1 0 1 2 2 0 1 0.135941006732927 -1 55556.6191813857
"498" "Simulation_498" 2.631 0.027 0.097 0.12 2.147 0.947 498 0.05 12000 1000 1 500 111 1 0 1 9 9 0 0 -1 -1 48951.9153664772
"499" "Simulation_499" 1.625 0.072 0.222 0.048 0.892 0.494 499 0.05 12000 1000 1 500 111 1 0 1 212 218 6 1 0.119910227637063 88 54348.8776023639
"500" "Simulation_500" 1.876 0.015 0.064 0.102 1.833 0.381 500 0.05 12000 1000 1 500 111 1 0 1 0 1 1 -1 -1 -1 0
