Sim_index	S	omega_T	omega_P	sigma_e	disp_shape	disp_scale	seed	divergence_factor	max_species	max_coex_sp	start_species	init_ab	grid_cell_distance	finished	final_timestep	initial_nb_species	final_nb_species	sp_events	ex_events	exchanged	prop_col_area	div_col	dist_to_isthmus	start_biome
Simulation_1	1.998	0.055	0.175	0.078	1.75	0.549	1	0.05	12000	1000	1	500	111	1	0	1	149	150	1	0	-1	-1	5762.84642890909	3
Simulation_2	2.501	0.032	0.238	0.041	2.377	0.323	2	0.05	12000	1000	1	500	111	1	0	1	25	30	5	0	-1	-1	5569.65101009385	3
Simulation_3	1.495	0.078	0.112	0.114	1.123	0.775	3	0.05	12000	1000	1	500	111	1	0	1	149	153	4	1	0.143635780698942	60	5174.97165213021	1
Simulation_4	1.747	0.044	0.206	0.023	2.691	0.889	4	0.05	12000	1000	1	500	111	1	0	1	385	395	10	1	0.0734209682590574	215	2694.16105765157	1
Simulation_5	2.752	0.089	0.081	0.096	1.436	0.436	5	0.05	12000	1000	1	500	111	1	0	1	17	17	0	1	0.130169926258416	5	4853.5620456941	1
Simulation_6	2.25	0.021	0.144	0.059	0.809	0.662	6	0.05	12000	1000	1	500	111	1	0	1	0	1	1	-1	-1	-1	4856.78159020341	1
Simulation_7	1.244	0.066	0.269	0.132	2.064	0.21	7	0.05	12000	1000	1	500	111	1	0	1	3	3	0	0	-1	-1	6014.88820067733	3
Simulation_8	1.369	0.038	0.128	0.105	1.907	0.266	8	0.05	12000	1000	1	500	111	1	0	1	22	24	2	0	-1	-1	6264.83135599015	2
Simulation_9	2.375	0.083	0.253	0.032	0.652	0.719	9	0.05	12000	1000	1	500	111	1	0	1	1	1	0	1	-1	-1	4108.48427324893	1
Simulation_10	2.878	0.015	0.191	0.141	1.279	0.493	10	0.05	12000	1000	1	500	111	1	0	1	0	4	4	0	-1	-1	2365.99284164379	1
Simulation_11	1.872	0.061	0.065	0.068	2.534	0.945	11	0.05	12000	1000	1	500	111	1	0	1	112	112	0	1	0.0958640589932671	51	3448.03309010326	1
Simulation_12	1.621	0.027	0.285	0.087	1.593	0.832	12	0.05	12000	1000	1	500	111	1	0	1	0	1	1	-1	-1	-1	3952.49746310609	1
Simulation_13	2.627	0.072	0.159	0.014	2.848	0.379	13	0.05	12000	1000	1	500	111	1	0	1	44	45	1	0	-1	-1	6156.71652086397	3
Simulation_14	2.124	0.049	0.097	0.123	2.221	0.606	14	0.05	12000	1000	1	500	111	1	0	1	21	21	0	1	0.0859249759538314	17	5917.71679949004	1
Simulation_15	1.118	0.095	0.222	0.05	0.966	0.153	15	0.05	12000	1000	1	500	111	1	0	1	35	35	0	1	0.152933632574543	12	3920.14160889679	1
Simulation_16	1.181	0.052	0.261	0.064	1.201	0.408	16	0.05	12000	1000	1	500	111	1	0	1	0	1	1	-1	-1	-1	4196.15154089103	1
Simulation_17	2.187	0.097	0.136	0.137	2.456	0.86	17	0.05	12000	1000	1	500	111	1	0	1	24	24	0	0	-1	-1	1465.62522679972	3
Simulation_18	2.69	0.029	0.073	0.027	1.828	0.181	18	0.05	12000	1000	1	500	111	1	0	1	1	1	0	0	-1	-1	9260.72136263067	4
Simulation_19	1.684	0.075	0.199	0.1	0.574	0.634	19	0.05	12000	1000	1	500	111	1	0	1	1	1	0	1	-1	-1	5347.94403193922	3
Simulation_20	1.935	0.018	0.167	0.046	2.142	0.747	20	0.05	12000	1000	1	500	111	1	0	1	0	1	1	-1	-1	-1	5393.7384871926	2
Simulation_21	2.941	0.063	0.293	0.118	0.887	0.294	21	0.05	12000	1000	1	500	111	1	0	1	21	22	1	1	0.0891311317730042	7	5807.32636013118	1
Simulation_22	2.438	0.041	0.23	0.009	1.515	0.973	22	0.05	12000	1000	1	500	111	1	0	1	11	11	0	1	0.071817890349471	10	1898.13484001955	1
Simulation_23	1.432	0.086	0.104	0.082	2.77	0.521	23	0.05	12000	1000	1	500	111	1	0	1	175	175	0	1	0.139467778134017	71	5020.09947321107	1
Simulation_24	1.306	0.024	0.183	0.128	2.613	0.464	24	0.05	12000	1000	1	500	111	1	0	1	0	1	1	-1	-1	-1	2491.9132353626	1
Simulation_25	2.312	0.069	0.057	0.055	1.358	0.917	25	0.05	12000	1000	1	500	111	1	0	1	15	15	0	1	0.107406219942289	11	4166.6978315226	1
Simulation_26	2.815	0.046	0.12	0.091	0.73	0.238	26	0.05	12000	1000	1	500	111	1	0	1	70	70	0	0	-1	-1	5225.19066209215	2
Simulation_27	1.809	0.092	0.246	0.018	1.985	0.691	27	0.05	12000	1000	1	500	111	1	0	1	38	40	2	1	0.103238217377365	8	4248.77727308828	1
Simulation_28	1.558	0.035	0.089	0.146	1.044	0.577	28	0.05	12000	1000	1	500	111	1	0	1	0	1	1	-1	-1	-1	2969.56103706809	1
Simulation_29	2.564	0.08	0.214	0.073	2.299	0.125	29	0.05	12000	1000	1	500	111	1	0	1	1	1	0	1	-1	-1	2434.68323554629	1
Simulation_30	2.061	0.012	0.277	0.109	2.926	0.804	30	0.05	12000	1000	1	500	111	1	0	1	0	1	1	-1	-1	-1	5852.09454971076	2
Simulation_31	1.055	0.058	0.151	0.037	1.672	0.351	31	0.05	12000	1000	1	500	111	0	85	1	4175	4175	0	0	-1	-1	7681.85005248198	2
Simulation_32	1.086	0.034	0.202	0.089	2.26	0.676	32	0.05	12000	1000	1	500	111	1	0	1	0	1	1	-1	-1	-1	2166.52269361818	1
Simulation_33	2.092	0.079	0.077	0.016	1.005	0.224	33	0.05	12000	1000	1	500	111	1	0	1	141	141	0	1	0.126643154857326	87	3373.96630174083	1
Simulation_34	2.595	0.011	0.14	0.125	1.632	0.903	34	0.05	12000	1000	1	500	111	1	0	1	0	1	1	-1	-1	-1	3937.2633314581	1
Simulation_35	1.589	0.056	0.265	0.052	2.887	0.45	35	0.05	12000	1000	1	500	111	1	0	1	4	4	0	0	-1	-1	4427.63538386835	1
Simulation_36	1.841	0.022	0.108	0.107	1.319	0.337	36	0.05	12000	1000	1	500	111	1	0	1	19	19	0	0	-1	-1	5812.25617286227	3
Simulation_37	2.847	0.068	0.234	0.034	2.574	0.79	37	0.05	12000	1000	1	500	111	1	0	1	14	15	1	0	-1	-1	4322.02761595036	2
Simulation_38	2.344	0.045	0.297	0.143	1.946	0.111	38	0.05	12000	1000	1	500	111	1	0	1	1	1	0	0	-1	-1	6405.65477285516	2
Simulation_39	1.338	0.09	0.171	0.071	0.691	0.563	39	0.05	12000	1000	1	500	111	1	0	1	24	25	1	1	0.236293683873036	12	6276.93386806159	2
Simulation_40	1.464	0.017	0.25	0.025	0.848	0.62	40	0.05	12000	1000	1	500	111	1	0	1	0	1	1	-1	-1	-1	4877.141772416	1
Simulation_41	2.47	0.062	0.124	0.098	2.103	0.167	41	0.05	12000	1000	1	500	111	1	0	1	1	1	0	0	-1	-1	5098.10238251322	1
Simulation_42	2.972	0.039	0.061	0.062	2.73	0.846	42	0.05	12000	1000	1	500	111	1	0	1	1	2	1	0	-1	-1	2823.06611175561	4
Simulation_43	1.967	0.085	0.187	0.134	1.475	0.394	43	0.05	12000	1000	1	500	111	1	0	1	347	349	2	0	-1	-1	5655.72499398639	3
Simulation_44	1.715	0.051	0.155	0.007	2.417	0.507	44	0.05	12000	1000	1	500	111	1	0	1	85	85	0	1	0.0891311317730042	38	1400.29621666904	1
Simulation_45	2.721	0.096	0.281	0.08	1.162	0.959	45	0.05	12000	1000	1	500	111	1	0	1	1	1	0	1	-1	-1	3920.14160889679	1
Simulation_46	2.218	0.028	0.218	0.043	0.534	0.28	46	0.05	12000	1000	1	500	111	1	0	1	6	6	0	0	-1	-1	6934.86901437697	5
Simulation_47	1.212	0.073	0.093	0.116	1.789	0.733	47	0.05	12000	1000	1	500	111	0	85	1	1508	1508	0	1	0.142353318371273	295	3501.31010158289	1
Simulation_48	1.149	0.031	0.116	0.148	2.966	0.988	48	0.05	12000	1000	1	500	111	1	0	1	1857	1960	103	0	-1	-1	5265.63055252135	3
Simulation_49	2.155	0.076	0.242	0.075	1.711	0.535	49	0.05	12000	1000	1	500	111	1	0	1	5	6	1	0	-1	-1	7373.26914479926	2
Simulation_50	2.658	0.053	0.179	0.112	1.083	0.761	50	0.05	12000	1000	1	500	111	1	0	1	1	1	0	0	-1	-1	7744.81265786726	5
Simulation_51	1.652	0.099	0.053	0.039	2.338	0.309	51	0.05	12000	1000	1	500	111	1	0	1	4	4	0	1	0.176338570054505	2	5188.13359146233	1
Simulation_52	1.904	0.042	0.273	0.13	0.77	0.195	52	0.05	12000	1000	1	500	111	1	0	1	406	426	20	1	0.0625200384738698	143	3263.38936487369	1
Simulation_53	2.91	0.087	0.148	0.057	2.025	0.648	53	0.05	12000	1000	1	500	111	1	0	1	27	27	0	0	-1	-1	5036.92053140709	2
Simulation_54	2.407	0.02	0.085	0.093	2.652	0.422	54	0.05	12000	1000	1	500	111	1	0	1	0	1	1	-1	-1	-1	1557.0111607966	1
Simulation_55	1.401	0.065	0.21	0.021	1.397	0.874	55	0.05	12000	1000	1	500	111	1	0	1	95	95	0	1	0.143315165117025	36	5182.00129588307	3
Simulation_56	1.275	0.048	0.069	0.048	1.554	0.818	56	0.05	12000	1000	1	500	111	1	0	1	0	1	1	-1	-1	-1	5300.87561054891	1
Simulation_57	2.281	0.093	0.195	0.121	2.809	0.365	57	0.05	12000	1000	1	500	111	1	0	1	4	4	0	1	0.14972747675537	2	4977.32703350393	1
Simulation_58	2.784	0.025	0.257	0.012	2.181	0.592	58	0.05	12000	1000	1	500	111	1	0	1	0	1	1	-1	-1	-1	5313.71794802368	1
Simulation_59	1.778	0.07	0.132	0.084	0.926	0.139	59	0.05	12000	1000	1	500	111	1	0	1	14	14	0	1	0.0955434434113498	5	3462.69373497661	1
Simulation_60	1.527	0.014	0.226	0.066	1.868	0.252	60	0.05	12000	1000	1	500	111	1	0	1	22	23	1	0	-1	-1	6056.39443778581	3
Simulation_61	2.532	0.059	0.1	0.139	0.613	0.705	61	0.05	12000	1000	1	500	111	1	0	1	2	2	0	1	0.0814363578069894	2	2885.16564401909	1
Simulation_62	2.029	0.037	0.163	0.03	1.24	0.478	62	0.05	12000	1000	1	500	111	1	0	1	0	1	1	-1	-1	-1	4046.93342079138	1
Simulation_63	1.024	0.082	0.289	0.103	2.495	0.931	63	0.05	12000	1000	1	500	111	0	135	1	1364	1364	0	1	0.136582237896762	312	2208.93164941949	1
Simulation_64	1.039	0.046	0.161	0.122	1.025	0.882	64	0.05	12000	1000	1	500	111	0	5	1	1534	1614	80	1	0.193972427059955	810	4917.26268786657	1
Simulation_65	2.045	0.091	0.287	0.049	2.279	0.429	65	0.05	12000	1000	1	500	111	1	0	1	205	205	0	0	-1	-1	7373.26914479926	5
Simulation_66	2.548	0.023	0.224	0.085	2.907	0.655	66	0.05	12000	1000	1	500	111	1	0	1	396	398	2	0	-1	-1	7636.83064495958	5
Simulation_67	1.542	0.068	0.099	0.013	1.652	0.203	67	0.05	12000	1000	1	500	111	1	0	1	1	1	0	1	-1	-1	4929.52538823787	1
Simulation_68	1.794	0.012	0.255	0.14	2.593	0.316	68	0.05	12000	1000	1	500	111	1	0	1	0	1	1	-1	-1	-1	5018.28767375138	1
Simulation_69	2.8	0.057	0.13	0.067	1.338	0.768	69	0.05	12000	1000	1	500	111	1	0	1	20	21	1	0	-1	-1	5729.2153957535	3
Simulation_70	2.297	0.034	0.067	0.104	0.711	0.542	70	0.05	12000	1000	1	500	111	1	0	1	19	19	0	0	-1	-1	6010.92194103768	3
Simulation_71	1.291	0.08	0.193	0.031	1.966	0.995	71	0.05	12000	1000	1	500	111	1	0	1	1	3	2	0	-1	-1	6961.43126726732	3
Simulation_72	1.417	0.029	0.083	0.076	2.123	0.938	72	0.05	12000	1000	1	500	111	1	0	1	0	1	1	-1	-1	-1	3702.5102331529	1
Simulation_73	2.422	0.074	0.208	0.149	0.868	0.485	73	0.05	12000	1000	1	500	111	1	0	1	64	64	0	1	0.100993908303944	26	6072.58212537549	1
Simulation_74	2.925	0.051	0.271	0.04	1.495	0.712	74	0.05	12000	1000	1	500	111	1	0	1	40	41	1	0	-1	-1	5728.1254670153	2
Simulation_75	1.919	0.097	0.146	0.113	2.75	0.259	75	0.05	12000	1000	1	500	111	1	0	1	4	4	0	1	0.159025328630971	4	4397.22337231457	2
Simulation_76	1.668	0.04	0.177	0.058	1.181	0.146	76	0.05	12000	1000	1	500	111	1	0	1	9	9	0	0	-1	-1	3971.32249182651	2
Simulation_77	2.674	0.085	0.051	0.131	2.436	0.599	77	0.05	12000	1000	1	500	111	1	0	1	4	4	0	1	0.118307149727477	3	4196.15154089103	1
Simulation_78	2.171	0.017	0.114	0.022	1.809	0.372	78	0.05	12000	1000	1	500	111	1	0	1	10	10	0	0	-1	-1	5678.77376808138	3
Simulation_79	1.165	0.063	0.24	0.095	0.554	0.825	79	0.05	12000	1000	1	500	111	1	0	1	3	3	0	1	0.261622314844501	-1	7884.85915342942	5
Simulation_80	1.228	0.02	0.216	0.099	1.73	0.57	80	0.05	12000	1000	1	500	111	1	0	1	0	1	1	-1	-1	-1	1020.84482208978	1
Simulation_81	2.234	0.066	0.091	0.026	2.985	0.118	81	0.05	12000	1000	1	500	111	1	0	1	1	1	0	0	-1	-1	5215.39869346064	1
Simulation_82	2.737	0.043	0.153	0.136	2.358	0.797	82	0.05	12000	1000	1	500	111	1	0	1	7	7	0	0	-1	-1	3953.72923567111	3
Simulation_83	1.731	0.088	0.279	0.063	1.103	0.344	83	0.05	12000	1000	1	500	111	1	0	1	99	99	0	1	0.138505931388265	18	4351.46478951512	1
Simulation_84	1.982	0.054	0.059	0.081	2.044	0.457	84	0.05	12000	1000	1	500	111	1	0	1	10	10	0	1	0.0904135941006733	6	4914.65066317811	1
Simulation_85	2.988	0.099	0.185	0.008	0.789	0.91	85	0.05	12000	1000	1	500	111	1	0	1	1	1	0	1	-1	-1	3385.93355783978	1
Simulation_86	2.485	0.032	0.248	0.117	1.417	0.231	86	0.05	12000	1000	1	500	111	1	0	1	15	17	2	0	-1	-1	2289.61828623954	1
Simulation_87	1.479	0.077	0.122	0.045	2.672	0.683	87	0.05	12000	1000	1	500	111	1	0	1	350	352	2	0	-1	-1	5772.32028691652	3
Simulation_88	1.354	0.037	0.295	0.017	2.828	0.74	88	0.05	12000	1000	1	500	111	1	0	1	0	1	1	-1	-1	-1	4485.61377812451	1
Simulation_89	2.36	0.082	0.169	0.09	1.574	0.287	89	0.05	12000	1000	1	500	111	1	0	1	46	46	0	0	-1	-1	2400.65853296772	5
Simulation_90	2.862	0.015	0.106	0.054	0.946	0.966	90	0.05	12000	1000	1	500	111	1	0	1	0	1	1	-1	-1	-1	4196.15154089103	1
Simulation_91	1.857	0.06	0.232	0.126	2.201	0.514	91	0.05	12000	1000	1	500	111	1	0	1	637	637	0	1	0.109329913433793	226	4625.7821254396	2
Simulation_92	1.605	0.026	0.138	0.035	0.632	0.401	92	0.05	12000	1000	1	500	111	1	0	1	0	1	1	-1	-1	-1	3717.92315279153	1
Simulation_93	2.611	0.071	0.263	0.108	1.887	0.853	93	0.05	12000	1000	1	500	111	1	0	1	8	8	0	1	0.10612375761462	7	2813.07179757856	1
Simulation_94	2.108	0.049	0.2	0.072	2.515	0.174	94	0.05	12000	1000	1	500	111	1	0	1	3	3	0	1	0.0480923372875922	2	3619.83862990603	1
Simulation_95	1.102	0.094	0.075	0.145	1.26	0.627	95	0.05	12000	1000	1	500	111	0	47	1	1626	1626	0	1	0.207438281500481	384	5863.68995347474	1
Simulation_96	1.071	0.022	0.283	0.056	1.77	0.528	96	0.05	12000	1000	1	500	111	0	98	1	2238	2238	0	1	0.0359089451747355	125	3353.02364564333	1
Simulation_97	2.077	0.067	0.157	0.129	0.515	0.981	97	0.05	12000	1000	1	500	111	1	0	1	1	1	0	1	-1	-1	4537.34264201239	1
Simulation_98	2.58	0.044	0.095	0.02	1.142	0.302	98	0.05	12000	1000	1	500	111	1	0	1	64	64	0	1	0.0650849631292081	24	3462.69373497661	1
Simulation_99	1.574	0.09	0.22	0.092	2.397	0.754	99	0.05	12000	1000	1	500	111	1	0	1	15	15	0	0	-1	-1	7902.64208473742	5
Simulation_100	1.825	0.033	0.126	0.074	1.456	0.641	100	0.05	12000	1000	1	500	111	1	0	1	622	651	29	1	0.0496954151971786	557	2537.94191741934	1
Simulation_101	2.831	0.078	0.251	0.147	2.711	0.188	101	0.05	12000	1000	1	500	111	1	0	1	1	1	0	1	-1	-1	5023.33666052353	1
Simulation_102	2.328	0.01	0.189	0.038	2.083	0.867	102	0.05	12000	1000	1	500	111	1	0	1	0	1	1	-1	-1	-1	3299.81652000594	1
Simulation_103	1.322	0.056	0.063	0.11	0.828	0.415	103	0.05	12000	1000	1	500	111	0	83	1	1557	1561	4	1	0.184353959602437	404	2523.1377365732	1
Simulation_104	1.448	0.05	0.236	0.138	0.672	0.358	104	0.05	12000	1000	1	500	111	0	3	1	1828	1842	14	0	-1	-1	6386.63021972606	2
Simulation_105	2.454	0.095	0.11	0.065	1.926	0.811	105	0.05	12000	1000	1	500	111	1	0	1	45	47	2	1	0.138826546970183	21	4313.27110805027	1
Simulation_106	2.957	0.027	0.173	0.101	2.554	0.132	106	0.05	12000	1000	1	500	111	1	0	1	16	16	0	0	-1	-1	6299.47562750211	3
Simulation_107	1.951	0.073	0.299	0.029	1.299	0.584	107	0.05	12000	1000	1	500	111	1	0	1	116	117	1	1	0.105161910868868	38	3576.09609221523	1
Simulation_108	1.699	0.016	0.079	0.12	2.868	0.698	108	0.05	12000	1000	1	500	111	1	0	1	4	5	1	0	-1	-1	4016.41490496886	3
Simulation_109	2.705	0.061	0.204	0.047	1.613	0.245	109	0.05	12000	1000	1	500	111	1	0	1	10	11	1	0	-1	-1	4491.20273151074	2
Simulation_110	2.202	0.039	0.267	0.083	0.985	0.924	110	0.05	12000	1000	1	500	111	1	0	1	1	1	0	0	-1	-1	6136.11045119658	3
Simulation_111	1.196	0.084	0.142	0.01	2.24	0.471	111	0.05	12000	1000	1	500	111	1	0	1	266	266	0	1	0.12023084321898	84	2632.80782590648	1
Simulation_112	1.134	0.041	0.102	0.033	2.475	0.217	112	0.05	12000	1000	1	500	111	1	0	1	1	1	0	0	-1	-1	6428.83835762059	4
Simulation_113	2.139	0.087	0.228	0.106	1.221	0.669	113	0.05	12000	1000	1	500	111	1	0	1	1	1	0	0	-1	-1	7592.44514770233	2
Simulation_114	2.642	0.019	0.291	0.07	0.593	0.443	114	0.05	12000	1000	1	500	111	1	0	1	2	2	0	1	0.0221224751522924	2	5521.36318621365	2
Simulation_115	1.637	0.064	0.165	0.142	1.848	0.896	115	0.05	12000	1000	1	500	111	0	51	1	1544	1544	0	0	-1	-1	3574.52811481526	2
Simulation_116	1.888	0.03	0.197	0.015	0.907	0.783	116	0.05	12000	1000	1	500	111	1	0	1	25	25	0	0	-1	-1	7571.45763287579	2
Simulation_117	2.894	0.075	0.071	0.088	2.162	0.33	117	0.05	12000	1000	1	500	111	1	0	1	1	1	0	1	-1	-1	4868.44633210864	1
Simulation_118	2.391	0.053	0.134	0.051	2.789	0.556	118	0.05	12000	1000	1	500	111	1	0	1	367	376	9	0	-1	-1	5325.74408042093	2
Simulation_119	1.385	0.098	0.259	0.124	1.534	0.104	119	0.05	12000	1000	1	500	111	1	0	1	1	1	0	1	-1	-1	5363.47789726054	2
Simulation_120	1.259	0.013	0.15	0.079	1.377	0.16	120	0.05	12000	1000	1	500	111	1	0	1	0	1	1	-1	-1	-1	6167.21767078369	3
Simulation_121	2.265	0.058	0.275	0.006	2.632	0.613	121	0.05	12000	1000	1	500	111	1	0	1	42	42	0	1	0.103238217377365	24	4856.78159020341	1
Simulation_122	2.768	0.036	0.212	0.115	2.005	0.386	122	0.05	12000	1000	1	500	111	1	0	1	8	8	0	1	0.0381532542481565	4	2318.60173875278	1
Simulation_123	1.762	0.081	0.087	0.042	0.75	0.839	123	0.05	12000	1000	1	500	111	1	0	1	1	1	0	1	-1	-1	2675.16258305511	1
Simulation_124	1.511	0.047	0.244	0.097	2.319	0.952	124	0.05	12000	1000	1	500	111	1	0	1	392	393	1	0	-1	-1	6357.00190403854	3
Simulation_125	2.517	0.092	0.118	0.024	1.064	0.5	125	0.05	12000	1000	1	500	111	1	0	1	16	16	0	1	0.174414876563001	14	5234.08338521426	3
Simulation_126	2.014	0.024	0.055	0.133	1.691	0.726	126	0.05	12000	1000	1	500	111	1	0	1	76	82	6	0	-1	-1	4837.56114861863	3
Simulation_127	1.008	0.07	0.181	0.06	2.946	0.273	127	0.05	12000	1000	1	500	111	1	0	1	15	16	1	1	0.098108368066688	15	5038.40000515601	1
Simulation_128	1.016	0.04	0.247	0.142	1.662	0.475	128	0.05	12000	1000	1	500	111	1	0	1	0	1	1	-1	-1	-1	2342.6280633011	1
Simulation_129	2.022	0.085	0.121	0.069	2.917	0.928	129	0.05	12000	1000	1	500	111	1	0	1	87	87	0	1	0.134658544405258	17	2069.89248584038	1
Simulation_130	2.525	0.017	0.058	0.105	2.289	0.249	130	0.05	12000	1000	1	500	111	1	0	1	0	1	1	-1	-1	-1	4839.41781898048	1
Simulation_131	1.519	0.062	0.184	0.033	1.034	0.701	131	0.05	12000	1000	1	500	111	1	0	1	270	270	0	0	-1	-1	6266.4015281136	3
Simulation_132	1.77	0.028	0.152	0.124	1.975	0.588	132	0.05	12000	1000	1	500	111	1	0	1	0	1	1	-1	-1	-1	4945.18671954035	1
Simulation_133	2.776	0.074	0.278	0.051	0.721	0.135	133	0.05	12000	1000	1	500	111	1	0	1	45	45	0	1	0.0663674254568772	15	4820.47446174766	1
Simulation_134	2.273	0.051	0.215	0.087	1.348	0.814	134	0.05	12000	1000	1	500	111	1	0	1	15	15	0	1	0.0763065084963129	8	4747.68563688686	1
Simulation_135	1.267	0.096	0.09	0.014	2.603	0.362	135	0.05	12000	1000	1	500	111	1	0	1	2	3	1	0	-1	-1	4993.78652281484	2
Simulation_136	1.393	0.011	0.2	0.042	2.76	0.418	136	0.05	12000	1000	1	500	111	1	0	1	0	1	1	-1	-1	-1	4182.3671947117	1
Simulation_137	2.399	0.057	0.074	0.114	1.505	0.871	137	0.05	12000	1000	1	500	111	1	0	1	21	21	0	1	0.0974671369028535	9	2028.42197614739	1
Simulation_138	2.902	0.034	0.137	0.005	0.877	0.192	138	0.05	12000	1000	1	500	111	1	0	1	0	1	1	-1	-1	-1	2850.4485719714	1
Simulation_139	1.896	0.079	0.262	0.078	2.132	0.645	139	0.05	12000	1000	1	500	111	1	0	1	28	31	3	1	0.103238217377365	7	3857.63155461895	1
Simulation_140	1.644	0.045	0.105	0.06	0.564	0.758	140	0.05	12000	1000	1	500	111	1	0	1	0	1	1	-1	-1	-1	4704.95395679108	1
Simulation_141	2.65	0.091	0.231	0.133	1.819	0.305	141	0.05	12000	1000	1	500	111	1	0	1	2	2	0	1	0.146841936518115	-1	2804.68998917195	1
Simulation_142	2.147	0.023	0.294	0.023	2.446	0.984	142	0.05	12000	1000	1	500	111	1	0	1	0	1	1	-1	-1	-1	5833.88275218585	3
Simulation_143	1.141	0.068	0.168	0.096	1.191	0.531	143	0.05	12000	1000	1	500	111	0	110	1	1547	1547	0	1	0.144277011862777	279	3373.96630174083	1
Simulation_144	1.204	0.026	0.066	0.092	1.113	0.277	144	0.05	12000	1000	1	500	111	1	0	1	0	1	1	-1	-1	-1	4671.07626375164	2
Simulation_145	2.21	0.071	0.192	0.019	2.368	0.729	145	0.05	12000	1000	1	500	111	1	0	1	14	14	0	1	0.10612375761462	6	5230.15046133144	1
Simulation_146	2.713	0.048	0.254	0.128	2.995	0.503	146	0.05	12000	1000	1	500	111	1	0	1	2	2	0	1	0.0833600512984931	2	3529.78090677459	1
Simulation_147	1.707	0.093	0.129	0.055	1.74	0.956	147	0.05	12000	1000	1	500	111	1	0	1	13	13	0	1	0.149406861173453	6	1865.11720057351	1
Simulation_148	1.959	0.037	0.223	0.11	2.681	0.843	148	0.05	12000	1000	1	500	111	1	0	1	3	3	0	0	-1	-1	7852.79692805425	5
Simulation_149	2.965	0.082	0.098	0.037	1.426	0.39	149	0.05	12000	1000	1	500	111	1	0	1	3	3	0	1	0.149406861173453	2	1576.8203279772	1
Simulation_150	2.462	0.014	0.16	0.146	0.799	0.616	150	0.05	12000	1000	1	500	111	1	0	1	0	1	1	-1	-1	-1	6199.04816619277	2
Simulation_151	1.456	0.06	0.286	0.074	2.054	0.164	151	0.05	12000	1000	1	500	111	1	0	1	8	8	0	1	0.124078230201988	4	1714.75356704513	1
Simulation_152	1.33	0.054	0.113	0.028	2.211	0.107	152	0.05	12000	1000	1	500	111	1	0	1	1	1	0	0	-1	-1	6715.61562636649	2
Simulation_153	2.336	0.099	0.239	0.101	0.956	0.56	153	0.05	12000	1000	1	500	111	1	0	1	8	8	0	1	0.228919525488939	3	5852.69606329147	3
Simulation_154	2.839	0.031	0.176	0.064	1.583	0.333	154	0.05	12000	1000	1	500	111	1	0	1	31	32	1	0	-1	-1	5182.00129588307	3
Simulation_155	1.833	0.076	0.05	0.137	2.838	0.786	155	0.05	12000	1000	1	500	111	1	0	1	38	38	0	1	0.120551458800898	11	3543.18618001879	1
Simulation_156	1.582	0.02	0.27	0.01	1.27	0.899	156	0.05	12000	1000	1	500	111	1	0	1	17	20	3	0	-1	-1	5991.48438794968	3
Simulation_157	2.587	0.065	0.145	0.083	2.525	0.447	157	0.05	12000	1000	1	500	111	1	0	1	5	5	0	1	0.0836806668804104	3	6072.58212537549	1
Simulation_158	2.084	0.043	0.082	0.046	1.897	0.673	158	0.05	12000	1000	1	500	111	1	0	1	16	19	3	0	-1	-1	4848.57878843911	2
Simulation_159	1.079	0.088	0.207	0.119	0.642	0.22	159	0.05	12000	1000	1	500	111	1	0	1	2	2	0	0	-1	-1	6661.7130404771	3
Simulation_160	1.11	0.016	0.133	0.062	2.407	0.828	160	0.05	12000	1000	1	500	111	1	0	1	0	1	1	-1	-1	-1	5398.68898769924	1
Simulation_161	2.116	0.061	0.258	0.135	1.152	0.376	161	0.05	12000	1000	1	500	111	1	0	1	14	14	0	0	-1	-1	7096.81979674531	3
Simulation_162	2.619	0.038	0.196	0.026	0.525	0.602	162	0.05	12000	1000	1	500	111	1	0	1	1	1	0	1	-1	-1	3481.08664775531	1
Simulation_163	1.613	0.084	0.07	0.099	1.779	0.15	163	0.05	12000	1000	1	500	111	1	0	1	1	1	0	1	-1	-1	5471.85836963933	3
Simulation_164	1.864	0.05	0.29	0.044	0.838	0.263	164	0.05	12000	1000	1	500	111	1	0	1	629	629	0	1	0.0961846745751844	180	5161.48527197625	1
Simulation_165	2.87	0.095	0.164	0.117	2.093	0.715	165	0.05	12000	1000	1	500	111	1	0	1	1	1	0	0	-1	-1	7662.46895107446	3
Simulation_166	2.367	0.027	0.101	0.008	2.721	0.489	166	0.05	12000	1000	1	500	111	1	0	1	0	1	1	-1	-1	-1	3104.50582268566	1
Simulation_167	1.361	0.072	0.227	0.08	1.466	0.942	167	0.05	12000	1000	1	500	111	1	0	1	57	60	3	1	0.0711766591856364	17	4642.28137605012	1
Simulation_168	1.487	0.033	0.054	0.126	1.309	0.998	168	0.05	12000	1000	1	500	111	0	66	1	2592	2596	4	0	-1	-1	6256.54466696557	3
Simulation_169	2.493	0.078	0.18	0.053	2.564	0.546	169	0.05	12000	1000	1	500	111	1	0	1	6	6	0	1	0.104520679705034	4	3872.19644801864	1
Simulation_170	2.996	0.01	0.243	0.089	1.936	0.772	170	0.05	12000	1000	1	500	111	1	0	1	0	1	1	-1	-1	-1	5672.07979384892	3
Simulation_171	1.99	0.055	0.117	0.017	0.681	0.319	171	0.05	12000	1000	1	500	111	1	0	1	19	24	5	1	0.110291760179545	10	2523.1377365732	1
Simulation_172	1.739	0.021	0.211	0.144	2.25	0.206	172	0.05	12000	1000	1	500	111	1	0	1	0	1	1	-1	-1	-1	3253.95042895913	1
Simulation_173	2.745	0.067	0.086	0.071	0.995	0.659	173	0.05	12000	1000	1	500	111	1	0	1	20	21	1	1	0.0987495992305226	12	4195.26577283808	1
Simulation_174	2.242	0.044	0.149	0.108	1.623	0.432	174	0.05	12000	1000	1	500	111	1	0	1	0	1	1	-1	-1	-1	4203.60101871699	1
Simulation_175	1.236	0.089	0.274	0.035	2.877	0.885	175	0.05	12000	1000	1	500	111	0	62	1	1591	1592	1	1	0.167681949342738	269	2570.672375437	1
Simulation_176	1.173	0.047	0.188	0.012	1.858	0.63	176	0.05	12000	1000	1	500	111	1	0	1	1759	1769	10	1	0.0769477396601475	1283	5840.05386690209	2
Simulation_177	2.179	0.092	0.062	0.085	0.603	0.178	177	0.05	12000	1000	1	500	111	1	0	1	30	30	0	0	-1	-1	2400.65853296772	3
Simulation_178	2.682	0.024	0.125	0.048	1.23	0.857	178	0.05	12000	1000	1	500	111	1	0	1	0	1	1	-1	-1	-1	4645.9019107532	1
Simulation_179	1.676	0.069	0.25	0.121	2.485	0.404	179	0.05	12000	1000	1	500	111	1	0	1	4	4	0	1	0.0939403655017634	4	2794.50491712374	1
Simulation_180	1.927	0.013	0.094	0.03	1.544	0.517	180	0.05	12000	1000	1	500	111	1	0	1	0	1	1	-1	-1	-1	3600.16506206127	5
Simulation_181	2.933	0.058	0.219	0.103	2.799	0.97	181	0.05	12000	1000	1	500	111	1	0	1	5	5	0	0	-1	-1	5947.71986354178	3
Simulation_182	2.43	0.035	0.282	0.067	2.172	0.291	182	0.05	12000	1000	1	500	111	1	0	1	30	30	0	0	-1	-1	5871.86260409077	2
Simulation_183	1.424	0.081	0.156	0.139	0.917	0.744	183	0.05	12000	1000	1	500	111	1	0	1	4	6	2	1	0.145880089772363	3	5321.8253442473	1
Simulation_184	1.299	0.03	0.266	0.112	0.76	0.687	184	0.05	12000	1000	1	500	111	0	9	1	1894	1932	38	0	-1	-1	6057.48014840839	3
Simulation_185	2.305	0.075	0.141	0.039	2.015	0.234	185	0.05	12000	1000	1	500	111	1	0	1	1	1	0	1	-1	-1	3228.69291143669	1
Simulation_186	2.807	0.052	0.078	0.149	2.642	0.913	186	0.05	12000	1000	1	500	111	1	0	1	19	19	0	1	0.0663674254568772	13	3169.57270612512	1
Simulation_187	1.802	0.098	0.203	0.076	1.387	0.461	187	0.05	12000	1000	1	500	111	1	0	1	69	69	0	1	0.109971144597627	26	4814.62404612436	1
Simulation_188	1.55	0.041	0.172	0.094	2.956	0.348	188	0.05	12000	1000	1	500	111	1	0	1	1	1	0	0	-1	-1	6664.47199719274	2
Simulation_189	2.556	0.086	0.298	0.021	1.701	0.8	189	0.05	12000	1000	1	500	111	1	0	1	1	2	1	0	-1	-1	3862.96260061095	3
Simulation_190	2.053	0.018	0.235	0.13	1.074	0.121	190	0.05	12000	1000	1	500	111	1	0	1	0	1	1	-1	-1	-1	5450.01367420606	1
Simulation_191	1.047	0.064	0.109	0.058	2.328	0.574	191	0.05	12000	1000	1	500	111	0	101	1	1407	1407	0	1	0.141070856043604	435	1602.87725184341	1
Simulation_192	1.031	0.028	0.233	0.041	1.132	0.737	192	0.05	12000	1000	1	500	111	1	0	1	37	49	12	1	0.0294966335363899	32	5631.60697404602	2
Simulation_193	2.037	0.073	0.107	0.113	2.387	0.284	193	0.05	12000	1000	1	500	111	1	0	1	4	4	0	1	0.0920166720102597	4	3762.52635868535	1
Simulation_194	2.54	0.05	0.17	0.077	1.76	0.963	194	0.05	12000	1000	1	500	111	1	0	1	136	137	1	0	-1	-1	6743.72686847916	2
Simulation_195	1.534	0.096	0.296	0.15	0.505	0.51	195	0.05	12000	1000	1	500	111	1	0	1	1	1	0	1	-1	-1	3890.11096841646	1
Simulation_196	1.786	0.039	0.076	0.022	2.074	0.397	196	0.05	12000	1000	1	500	111	1	0	1	2	2	0	0	-1	-1	3554.87092374923	5
Simulation_197	2.792	0.084	0.201	0.095	0.819	0.85	197	0.05	12000	1000	1	500	111	1	0	1	1	1	0	1	-1	-1	3995.5095174452	1
Simulation_198	2.289	0.016	0.264	0.059	1.446	0.171	198	0.05	12000	1000	1	500	111	1	0	1	0	1	1	-1	-1	-1	4670.81261634501	1
Simulation_199	1.283	0.062	0.139	0.132	2.701	0.623	199	0.05	12000	1000	1	500	111	0	60	1	1665	1665	0	1	0.112215453671048	977	2570.672375437	1
Simulation_200	1.409	0.045	0.28	0.086	2.544	0.567	200	0.05	12000	1000	1	500	111	1	0	1	0	1	1	-1	-1	-1	5237.45097287278	1
Simulation_201	2.415	0.09	0.154	0.013	1.289	0.114	201	0.05	12000	1000	1	500	111	1	0	1	13	14	1	1	0.167040718178904	2	5957.37845727591	3
Simulation_202	2.917	0.022	0.092	0.122	0.662	0.793	202	0.05	12000	1000	1	500	111	1	0	1	0	1	1	-1	-1	-1	5405.81679193886	1
Simulation_203	1.912	0.067	0.217	0.05	1.917	0.34	203	0.05	12000	1000	1	500	111	1	0	1	4	4	0	1	0.134017313241424	2	4703.75304311219	1
Simulation_204	1.66	0.011	0.123	0.104	0.975	0.454	204	0.05	12000	1000	1	500	111	1	0	1	0	1	1	-1	-1	-1	4503.06159515754	1
Simulation_205	2.666	0.056	0.249	0.031	2.23	0.906	205	0.05	12000	1000	1	500	111	1	0	1	92	92	0	0	-1	-1	5684.26398167684	3
Simulation_206	2.163	0.033	0.186	0.141	2.858	0.227	206	0.05	12000	1000	1	500	111	1	0	1	14	14	0	0	-1	-1	5401.78921634747	2
Simulation_207	1.157	0.079	0.06	0.068	1.603	0.68	207	0.05	12000	1000	1	500	111	0	101	1	1729	1731	2	1	0.185957037512023	288	1799.21053033217	1
Simulation_208	1.22	0.036	0.147	0.054	0.583	0.935	208	0.05	12000	1000	1	500	111	1	0	1	1	1	0	1	-1	-1	3104.50582268566	1
Simulation_209	2.226	0.081	0.272	0.127	1.838	0.482	209	0.05	12000	1000	1	500	111	1	0	1	13	13	0	1	0.142353318371273	6	3840.57503241768	1
Simulation_210	2.729	0.014	0.209	0.018	2.466	0.708	210	0.05	12000	1000	1	500	111	1	0	1	3	4	1	0	-1	-1	5638.31418792491	3
Simulation_211	1.723	0.059	0.084	0.091	1.211	0.256	211	0.05	12000	1000	1	500	111	1	0	1	389	390	1	1	0.129208079512664	80	5293.56487326262	2
Simulation_212	1.974	0.025	0.241	0.072	2.779	0.142	212	0.05	12000	1000	1	500	111	1	0	1	8	8	0	0	-1	-1	1536.10693257366	1
Simulation_213	2.98	0.07	0.115	0.145	1.525	0.595	213	0.05	12000	1000	1	500	111	1	0	1	30	30	0	1	0.101635139467778	8	2434.68323554629	1
Simulation_214	2.477	0.047	0.052	0.036	0.897	0.369	214	0.05	12000	1000	1	500	111	1	0	1	211	211	0	1	0.104841295286951	34	2318.60173875278	1
Simulation_215	1.472	0.093	0.178	0.109	2.152	0.821	215	0.05	12000	1000	1	500	111	1	0	1	394	399	5	1	0.143635780698942	66	3592.39963287354	1
Simulation_216	1.346	0.019	0.1	0.136	1.995	0.878	216	0.05	12000	1000	1	500	111	1	0	1	0	1	1	-1	-1	-1	4257.04618931647	1
Simulation_217	2.352	0.064	0.225	0.063	0.74	0.425	217	0.05	12000	1000	1	500	111	1	0	1	4	4	0	0	-1	-1	2067.46682373394	3
Simulation_218	2.855	0.042	0.288	0.1	1.368	0.652	218	0.05	12000	1000	1	500	111	1	0	1	23	23	0	1	0.0772683552420648	14	2205.29233555228	2
Simulation_219	1.849	0.087	0.162	0.027	2.623	0.199	219	0.05	12000	1000	1	500	111	1	0	1	8	8	0	1	0.137544084642514	4	2001.79156550654	1
Simulation_220	1.597	0.053	0.194	0.118	1.681	0.312	220	0.05	12000	1000	1	500	111	1	0	1	4	4	0	1	0.0904135941006733	4	3903.45434520001	1
Simulation_221	2.603	0.098	0.068	0.045	2.936	0.765	221	0.05	12000	1000	1	500	111	1	0	1	5	5	0	1	0.162872715613979	4	5161.48527197625	1
Simulation_222	2.1	0.031	0.131	0.081	2.309	0.539	222	0.05	12000	1000	1	500	111	1	0	1	0	1	1	-1	-1	-1	5188.69825445724	1
Simulation_223	1.094	0.076	0.256	0.009	1.054	0.991	223	0.05	12000	1000	1	500	111	1	0	1	5	5	0	1	0.167361333760821	5	5614.85917683455	3
Simulation_224	1.063	0.052	0.088	0.102	2.897	0.157	224	0.05	12000	1000	1	500	111	1	0	1	24	25	1	1	0.0939403655017634	20	5355.9891813182	1
Simulation_225	2.069	0.097	0.213	0.029	1.642	0.609	225	0.05	12000	1000	1	500	111	1	0	1	18	18	0	0	-1	-1	6309.22873511817	3
Simulation_226	2.572	0.029	0.276	0.138	1.015	0.383	226	0.05	12000	1000	1	500	111	1	0	1	84	87	3	0	-1	-1	4859.78538620561	3
Simulation_227	1.566	0.074	0.15	0.066	2.27	0.836	227	0.05	12000	1000	1	500	111	1	0	1	1128	1142	14	1	0.103558832959282	274	4422.94119738356	1
Simulation_228	1.817	0.018	0.182	0.084	0.701	0.949	228	0.05	12000	1000	1	500	111	1	0	1	0	1	1	-1	-1	-1	5272.38784733745	3
Simulation_229	2.823	0.063	0.056	0.011	1.956	0.496	229	0.05	12000	1000	1	500	111	1	0	1	11	11	0	1	0.12504007694774	7	2303.79755790664	1
Simulation_230	2.32	0.04	0.119	0.12	2.583	0.722	230	0.05	12000	1000	1	500	111	1	0	1	37	37	0	1	0.041038794485412	18	2099.26156008621	1
Simulation_231	1.314	0.086	0.245	0.047	1.328	0.27	231	0.05	12000	1000	1	500	111	1	0	1	1868	1872	4	0	-1	-1	5030.92566637666	2
Simulation_232	1.44	0.023	0.166	0.02	1.485	0.213	232	0.05	12000	1000	1	500	111	1	0	1	8	30	22	0	-1	-1	5175.83893515149	4
Simulation_233	2.446	0.069	0.292	0.093	2.74	0.666	233	0.05	12000	1000	1	500	111	1	0	1	11	11	0	1	0.0400769477396601	-1	5339.02597955705	1
Simulation_234	2.949	0.046	0.229	0.056	2.113	0.439	234	0.05	12000	1000	1	500	111	1	0	1	6	6	0	0	-1	-1	3009.35273277013	1
Simulation_235	1.943	0.091	0.103	0.129	0.858	0.892	235	0.05	12000	1000	1	500	111	1	0	1	1	1	0	1	-1	-1	5213.98127501861	3
Simulation_236	1.692	0.035	0.26	0.038	1.799	0.779	236	0.05	12000	1000	1	500	111	1	0	1	1688	1689	1	1	0.0618788073100353	1114	4991.05281058716	1
Simulation_237	2.697	0.08	0.135	0.111	0.544	0.326	237	0.05	12000	1000	1	500	111	1	0	1	1	1	0	1	-1	-1	5524.35687178181	3
Simulation_238	2.194	0.012	0.072	0.075	1.172	0.553	238	0.05	12000	1000	1	500	111	1	0	1	0	1	1	-1	-1	-1	5077.587288761	3
Simulation_239	1.189	0.057	0.198	0.147	2.426	0.1	239	0.05	12000	1000	1	500	111	1	0	1	12	12	0	1	0.0509778775248477	8	2903.08016441691	1
Simulation_240	1.126	0.015	0.3	0.116	2.348	0.355	240	0.05	12000	1000	1	500	111	1	0	1	0	1	1	-1	-1	-1	7231.41010590227	2
Simulation_241	2.132	0.06	0.174	0.043	1.093	0.807	241	0.05	12000	1000	1	500	111	1	0	1	3	3	0	1	0.125360692529657	2	5122.88142707304	3
Simulation_242	2.635	0.038	0.111	0.079	1.721	0.128	242	0.05	12000	1000	1	500	111	1	0	1	211	211	0	1	0.0791920487335685	58	2757.28209608591	1
Simulation_243	1.629	0.083	0.237	0.006	2.975	0.581	243	0.05	12000	1000	1	500	111	1	0	1	62	62	0	1	0.111253606925297	21	4626.6137247115	1
Simulation_244	1.88	0.049	0.143	0.134	1.407	0.694	244	0.05	12000	1000	1	500	111	1	0	1	104	105	1	0	-1	-1	3971.32249182651	2
Simulation_245	2.886	0.094	0.268	0.061	2.662	0.241	245	0.05	12000	1000	1	500	111	1	0	1	1	1	0	0	-1	-1	6386.63021972606	2
Simulation_246	2.383	0.026	0.205	0.097	2.034	0.92	246	0.05	12000	1000	1	500	111	1	0	1	0	1	1	-1	-1	-1	8328.7295533621	2
Simulation_247	1.377	0.072	0.08	0.025	0.779	0.468	247	0.05	12000	1000	1	500	111	1	0	1	2	2	0	0	-1	-1	1177.6672744647	3
Simulation_248	1.251	0.043	0.221	0.07	0.936	0.524	248	0.05	12000	1000	1	500	111	1	0	1	0	1	1	-1	-1	-1	3639.01705786008	1
Simulation_249	2.257	0.089	0.096	0.143	2.191	0.977	249	0.05	12000	1000	1	500	111	1	0	1	10	10	0	1	0.146841936518115	6	3025.31246991855	1
Simulation_250	2.76	0.021	0.158	0.034	2.819	0.298	250	0.05	12000	1000	1	500	111	1	0	1	2	3	1	0	-1	-1	5376.0226270425	3
Simulation_251	1.754	0.066	0.284	0.106	1.564	0.751	251	0.05	12000	1000	1	500	111	1	0	1	262	263	1	1	0.105161910868868	110	2585.33302031035	1
Simulation_252	1.503	0.032	0.064	0.052	2.505	0.638	252	0.05	12000	1000	1	500	111	1	0	1	964	964	0	1	0.0250080153895479	26	5004.69303281734	1
Simulation_253	2.509	0.077	0.19	0.125	1.25	0.185	253	0.05	12000	1000	1	500	111	1	0	1	5	5	0	1	0.135941006732927	2	1890.59646432906	1
Simulation_254	2.006	0.055	0.252	0.016	0.623	0.864	254	0.05	12000	1000	1	500	111	1	0	1	1	1	0	1	-1	-1	3056.92328983993	1
Simulation_255	1	0.1	0.127	0.088	1.877	0.411	255	0.05	12000	1000	1	500	111	0	1	1	1649	1649	0	1	0.163193331195896	591	3498.58297412497	1
Simulation_256	1.004	0.055	0.214	0.046	2.588	0.979	256	0.05	12000	1000	1	500	111	0	132	1	1309	1315	6	1	0.12151330554665	353	1380.48704948844	1
Simulation_257	2.01	0.1	0.088	0.119	1.333	0.526	257	0.05	12000	1000	1	500	111	1	0	1	2	2	0	1	0.207117665918564	2	5520.00907613642	3
Simulation_258	2.513	0.032	0.151	0.01	0.706	0.752	258	0.05	12000	1000	1	500	111	1	0	1	29	29	0	1	0.0788714331516512	14	5566.22363266715	1
Simulation_259	1.507	0.077	0.276	0.082	1.961	0.3	259	0.05	12000	1000	1	500	111	1	0	1	2	2	0	1	0.130169926258416	2	3886.62057764328	1
Simulation_260	1.758	0.021	0.057	0.064	1.02	0.187	260	0.05	12000	1000	1	500	111	1	0	1	0	1	1	-1	-1	-1	4029.43709442172	1
Simulation_261	2.764	0.066	0.182	0.137	2.275	0.639	261	0.05	12000	1000	1	500	111	1	0	1	4	4	0	1	0.0913754408464251	4	3061.61620931328	1
Simulation_262	2.261	0.043	0.245	0.028	2.902	0.413	262	0.05	12000	1000	1	500	111	1	0	1	4	4	0	0	-1	-1	4407.98022288421	2
Simulation_263	1.255	0.089	0.12	0.101	1.647	0.866	263	0.05	12000	1000	1	500	111	1	0	1	1187	1191	4	1	0.0958640589932671	413	5080.96173338325	1
Simulation_264	1.381	0.026	0.292	0.146	1.176	0.809	264	0.05	12000	1000	1	500	111	1	0	1	0	1	1	-1	-1	-1	5032.49487561865	3
Simulation_265	2.387	0.072	0.167	0.073	2.431	0.356	265	0.05	12000	1000	1	500	111	1	0	1	4	4	0	1	0.105161910868868	2	1989.59147075293	1
Simulation_266	2.89	0.049	0.104	0.11	1.804	0.583	266	0.05	12000	1000	1	500	111	1	0	1	15	15	0	1	0.0676498877845463	10	3593.26952235442	1
Simulation_267	1.884	0.094	0.229	0.037	0.549	0.13	267	0.05	12000	1000	1	500	111	1	0	1	30	37	7	0	-1	-1	6299.47562750211	3
Simulation_268	1.633	0.038	0.135	0.128	2.118	0.243	268	0.05	12000	1000	1	500	111	1	0	1	4	4	0	0	-1	-1	5230.15046133144	1
Simulation_269	2.639	0.083	0.261	0.055	0.863	0.696	269	0.05	12000	1000	1	500	111	1	0	1	2	3	1	1	0.121833921128567	2	3171.85817840751	1
Simulation_270	2.136	0.015	0.198	0.091	1.49	0.47	270	0.05	12000	1000	1	500	111	1	0	1	0	1	1	-1	-1	-1	2583.43040096149	1
Simulation_271	1.13	0.06	0.073	0.019	2.745	0.922	271	0.05	12000	1000	1	500	111	0	2	1	1936	2052	116	1	0.106444373196537	1302	4391.17782043922	1
Simulation_272	1.193	0.012	0.175	0.023	2.039	0.668	272	0.05	12000	1000	1	500	111	1	0	1	0	1	1	-1	-1	-1	5066.41552566714	1
Simulation_273	2.198	0.058	0.3	0.096	0.784	0.215	273	0.05	12000	1000	1	500	111	1	0	1	176	189	13	1	0.0654055787111254	103	4391.17782043922	1
Simulation_274	2.701	0.035	0.237	0.06	1.412	0.894	274	0.05	12000	1000	1	500	111	1	0	1	3	4	1	1	0.0282141712087207	3	5917.80666517979	2
Simulation_275	1.695	0.08	0.112	0.132	2.667	0.441	275	0.05	12000	1000	1	500	111	1	0	1	2	2	0	1	0.120551458800898	2	2165.04557575591	1
Simulation_276	1.947	0.046	0.269	0.005	1.725	0.328	276	0.05	12000	1000	1	500	111	1	0	1	2	3	1	0	-1	-1	7676.67410371679	1
Simulation_277	2.953	0.092	0.143	0.078	2.98	0.781	277	0.05	12000	1000	1	500	111	1	0	1	1	1	0	0	-1	-1	6605.96951441133	2
Simulation_278	2.45	0.024	0.08	0.041	2.353	0.102	278	0.05	12000	1000	1	500	111	1	0	1	0	1	1	-1	-1	-1	2767.06217055897	1
Simulation_279	1.444	0.069	0.206	0.114	1.098	0.554	279	0.05	12000	1000	1	500	111	1	0	1	977	982	5	1	0.101955755049695	289	4148.92349242591	1
Simulation_280	1.318	0.041	0.096	0.087	0.627	0.611	280	0.05	12000	1000	1	500	111	1	0	1	2	2	0	1	0.0862455915357486	2	5528.01972524991	1
Simulation_281	2.324	0.086	0.222	0.014	1.882	0.158	281	0.05	12000	1000	1	500	111	1	0	1	4	4	0	1	0.136261622314845	2	4905.78237065978	1
Simulation_282	2.827	0.018	0.284	0.123	2.51	0.837	282	0.05	12000	1000	1	500	111	1	0	1	0	1	1	-1	-1	-1	4974.49486322676	1
Simulation_283	1.821	0.063	0.159	0.05	1.255	0.385	283	0.05	12000	1000	1	500	111	1	0	1	304	305	1	1	0.138826546970183	2	5338.74151759071	3
Simulation_284	1.57	0.029	0.19	0.105	2.824	0.498	284	0.05	12000	1000	1	500	111	1	0	1	0	1	1	-1	-1	-1	2055.37548642263	1
Simulation_285	2.576	0.075	0.065	0.032	1.569	0.95	285	0.05	12000	1000	1	500	111	1	0	1	13	14	1	0	-1	-1	5694.03631307332	3
Simulation_286	2.073	0.052	0.127	0.141	0.941	0.272	286	0.05	12000	1000	1	500	111	1	0	1	222	223	1	0	-1	-1	4187.44822202151	2
Simulation_287	1.067	0.097	0.253	0.069	2.196	0.724	287	0.05	12000	1000	1	500	111	1	0	1	342	342	0	0	-1	-1	6123.26333820577	2
Simulation_288	1.098	0.031	0.108	0.13	1.451	0.427	288	0.05	12000	1000	1	500	111	1	0	1	4	10	6	0	-1	-1	5473.16640617359	2
Simulation_289	2.104	0.076	0.233	0.057	2.706	0.88	289	0.05	12000	1000	1	500	111	1	0	1	39	39	0	1	0.159025328630971	22	5800.13429979019	1
Simulation_290	2.607	0.053	0.296	0.094	2.078	0.201	290	0.05	12000	1000	1	500	111	1	0	1	0	1	1	-1	-1	-1	4500.8479097725	1
Simulation_291	1.601	0.099	0.171	0.021	0.824	0.653	291	0.05	12000	1000	1	500	111	1	0	1	1	1	0	1	-1	-1	3166.59337917321	1
Simulation_292	1.853	0.042	0.202	0.148	1.765	0.767	292	0.05	12000	1000	1	500	111	1	0	1	129	129	0	1	0.0734209682590574	74	2047.65765655335	1
Simulation_293	2.859	0.087	0.076	0.076	0.51	0.314	293	0.05	12000	1000	1	500	111	1	0	1	1	1	0	1	-1	-1	3998.00396820032	1
Simulation_294	2.356	0.019	0.139	0.112	1.137	0.993	294	0.05	12000	1000	1	500	111	1	0	1	17	20	3	0	-1	-1	5871.86260409077	2
Simulation_295	1.35	0.065	0.265	0.039	2.392	0.54	295	0.05	12000	1000	1	500	111	0	190	1	1846	1846	0	0	-1	-1	7571.45763287579	2
Simulation_296	1.475	0.048	0.155	0.066	2.863	0.484	296	0.05	12000	1000	1	500	111	1	0	1	4	4	0	0	-1	-1	5056.49128616406	1
Simulation_297	2.481	0.093	0.28	0.139	1.608	0.936	297	0.05	12000	1000	1	500	111	1	0	1	11	13	2	0	-1	-1	3574.52811481526	2
Simulation_298	2.984	0.025	0.218	0.03	0.98	0.257	298	0.05	12000	1000	1	500	111	1	0	1	267	267	0	0	-1	-1	6328.12773694465	2
Simulation_299	1.978	0.07	0.092	0.103	2.235	0.71	299	0.05	12000	1000	1	500	111	1	0	1	72	72	0	0	-1	-1	6121.96527303672	3
Simulation_300	1.727	0.014	0.249	0.048	0.667	0.597	300	0.05	12000	1000	1	500	111	1	0	1	0	1	1	-1	-1	-1	2896.20715477085	1
Simulation_301	2.733	0.059	0.124	0.121	1.922	0.144	301	0.05	12000	1000	1	500	111	1	0	1	1	1	0	1	-1	-1	5583.2138636769	1
Simulation_302	2.23	0.036	0.061	0.012	2.549	0.823	302	0.05	12000	1000	1	500	111	1	0	1	4	5	1	0	-1	-1	7044.47970817281	5
Simulation_303	1.224	0.082	0.186	0.085	1.294	0.371	303	0.05	12000	1000	1	500	111	1	0	1	216	216	0	0	-1	-1	7811.62563024889	3
Simulation_304	1.161	0.034	0.273	0.107	0.902	0.116	304	0.05	12000	1000	1	500	111	1	0	1	196	196	0	0	-1	-1	4429.05472069057	2
Simulation_305	2.167	0.079	0.147	0.035	2.157	0.569	305	0.05	12000	1000	1	500	111	1	0	1	64	64	0	0	-1	-1	6270.35758622587	3
Simulation_306	2.67	0.011	0.084	0.144	2.784	0.342	306	0.05	12000	1000	1	500	111	1	0	1	0	1	1	-1	-1	-1	5472.19659732049	4
Simulation_307	1.664	0.056	0.21	0.071	1.529	0.795	307	0.05	12000	1000	1	500	111	1	0	1	84	87	3	1	0.071817890349471	36	6090.06335620698	1
Simulation_308	1.916	0.022	0.116	0.089	2.471	0.908	308	0.05	12000	1000	1	500	111	1	0	1	0	1	1	-1	-1	-1	3824.61391517291	1
Simulation_309	2.921	0.067	0.241	0.016	1.216	0.455	309	0.05	12000	1000	1	500	111	1	0	1	36	36	0	1	0.113818531580635	11	1912.6518394373	1
Simulation_310	2.418	0.045	0.178	0.126	0.588	0.682	310	0.05	12000	1000	1	500	111	1	0	1	1	1	0	1	-1	-1	2882.18631706718	1
Simulation_311	1.413	0.09	0.053	0.053	1.843	0.229	311	0.05	12000	1000	1	500	111	1	0	1	2	2	0	1	0.157101635139468	-1	5230.99709327699	1
Simulation_312	1.287	0.017	0.225	0.007	2.314	0.286	312	0.05	12000	1000	1	500	111	1	0	1	0	1	1	-1	-1	-1	8102.32878352143	3
Simulation_313	2.293	0.062	0.1	0.08	1.059	0.738	313	0.05	12000	1000	1	500	111	1	0	1	25	26	1	1	0.0872074382815005	17	4611.64997688507	1
Simulation_314	2.796	0.039	0.163	0.044	1.686	0.512	314	0.05	12000	1000	1	500	111	1	0	1	0	1	1	-1	-1	-1	3216.57021471745	1
Simulation_315	1.79	0.084	0.288	0.116	2.941	0.965	315	0.05	12000	1000	1	500	111	1	0	1	872	872	0	1	0.159987175376723	384	5122.88142707304	3
Simulation_316	1.538	0.05	0.069	0.025	1.373	0.851	316	0.05	12000	1000	1	500	111	1	0	1	101	102	1	0	-1	-1	7592.44514770233	5
Simulation_317	2.544	0.096	0.194	0.098	2.627	0.399	317	0.05	12000	1000	1	500	111	1	0	1	1	1	0	0	-1	-1	3600.16506206127	5
Simulation_318	2.041	0.028	0.257	0.062	2	0.625	318	0.05	12000	1000	1	500	111	1	0	1	0	1	1	-1	-1	-1	3137.4157348821	1
Simulation_319	1.035	0.073	0.131	0.135	0.745	0.172	319	0.05	12000	1000	1	500	111	0	136	1	1541	1543	2	1	0.125681308111574	441	3075.13674843983	1
Simulation_320	1.051	0.019	0.259	0.081	2.725	0.236	320	0.05	12000	1000	1	500	111	1	0	1	6	12	6	0	-1	-1	6142.25460278199	3
Simulation_321	2.057	0.064	0.133	0.008	1.471	0.689	321	0.05	12000	1000	1	500	111	1	0	1	4	5	1	0	-1	-1	4107.18154002903	2
Simulation_322	2.56	0.041	0.071	0.118	0.843	0.462	322	0.05	12000	1000	1	500	111	1	0	1	750	751	1	0	-1	-1	6725.95213338675	2
Simulation_323	1.554	0.087	0.196	0.045	2.098	0.915	323	0.05	12000	1000	1	500	111	1	0	1	49	49	0	0	-1	-1	5216.38240528338	2
Simulation_324	1.806	0.053	0.165	0.099	0.529	0.802	324	0.05	12000	1000	1	500	111	1	0	1	1	1	0	1	-1	-1	4242.20906189256	1
Simulation_325	2.811	0.098	0.29	0.027	1.784	0.349	325	0.05	12000	1000	1	500	111	1	0	1	5	5	0	1	0.112536069252966	2	4548.13150441615	1
Simulation_326	2.308	0.03	0.227	0.136	2.412	0.576	326	0.05	12000	1000	1	500	111	1	0	1	0	1	1	-1	-1	-1	4458.19767252715	1
Simulation_327	1.303	0.075	0.102	0.063	1.157	0.123	327	0.05	12000	1000	1	500	111	1	0	1	2	2	0	0	-1	-1	6105.73753458968	3
Simulation_328	1.428	0.036	0.18	0.036	1.627	0.18	328	0.05	12000	1000	1	500	111	1	0	1	0	1	1	-1	-1	-1	4518.22534033532	1
Simulation_329	2.434	0.081	0.055	0.108	2.882	0.632	329	0.05	12000	1000	1	500	111	1	0	1	22	22	0	1	0.118948380891311	18	2859.08142459816	1
Simulation_330	2.937	0.013	0.118	0.072	2.255	0.406	330	0.05	12000	1000	1	500	111	1	0	1	0	1	1	-1	-1	-1	6331.73190400665	3
Simulation_331	1.931	0.058	0.243	0.145	1	0.859	331	0.05	12000	1000	1	500	111	1	0	1	23	23	0	1	0.0907342096825906	17	2702.41382667255	1
Simulation_332	1.68	0.024	0.086	0.018	1.941	0.972	332	0.05	12000	1000	1	500	111	1	0	1	0	1	1	-1	-1	-1	5797.98236138618	3
Simulation_333	2.686	0.07	0.212	0.09	0.686	0.519	333	0.05	12000	1000	1	500	111	1	0	1	1	1	0	0	-1	-1	8013.04375835712	5
Simulation_334	2.183	0.047	0.275	0.054	1.314	0.745	334	0.05	12000	1000	1	500	111	1	0	1	48	51	3	1	0.104841295286951	5	5842.59132783663	1
Simulation_335	1.177	0.092	0.149	0.127	2.569	0.293	335	0.05	12000	1000	1	500	111	1	0	1	92	118	26	1	0.111894838089131	46	4029.43709442172	1
Simulation_336	1.24	0.044	0.063	0.14	2.176	0.547	336	0.05	12000	1000	1	500	111	0	92	1	1847	1864	17	0	-1	-1	6439.58195609131	3
Simulation_337	2.246	0.089	0.188	0.068	0.922	1	337	0.05	12000	1000	1	500	111	1	0	1	1	1	0	1	-1	-1	5520.00907613642	3
Simulation_338	2.749	0.021	0.251	0.104	1.549	0.321	338	0.05	12000	1000	1	500	111	1	0	1	6	6	0	0	-1	-1	3195.96245341904	1
Simulation_339	1.743	0.067	0.125	0.031	2.804	0.774	339	0.05	12000	1000	1	500	111	1	0	1	222	223	1	0	-1	-1	5729.2153957535	3
Simulation_340	1.994	0.01	0.22	0.122	1.235	0.661	340	0.05	12000	1000	1	500	111	1	0	1	0	1	1	-1	-1	-1	6587.41669921022	3
Simulation_341	3	0.055	0.094	0.049	2.49	0.208	341	0.05	12000	1000	1	500	111	1	0	1	3	3	0	0	-1	-1	6333.35801787511	3
Simulation_342	2.497	0.033	0.157	0.086	1.863	0.887	342	0.05	12000	1000	1	500	111	1	0	1	23	23	0	1	0.0500160307790959	23	1378.96203764424	1
Simulation_343	1.491	0.078	0.282	0.013	0.608	0.434	343	0.05	12000	1000	1	500	111	1	0	1	135	138	3	1	0.18275088169285	62	5957.37845727591	3
Simulation_344	1.365	0.027	0.141	0.058	1.078	0.378	344	0.05	12000	1000	1	500	111	1	0	1	12	12	0	0	-1	-1	5909.94192088625	3
Simulation_345	2.371	0.072	0.267	0.131	2.333	0.83	345	0.05	12000	1000	1	500	111	1	0	1	134	134	0	1	0.126643154857326	46	4853.5620456941	1
Simulation_346	2.874	0.05	0.204	0.022	2.961	0.151	346	0.05	12000	1000	1	500	111	1	0	1	1	1	0	0	-1	-1	5935.00954270934	3
Simulation_347	1.868	0.095	0.078	0.095	1.706	0.604	347	0.05	12000	1000	1	500	111	1	0	1	15	15	0	0	-1	-1	3536.66843178661	5
Simulation_348	1.617	0.038	0.298	0.077	2.647	0.717	348	0.05	12000	1000	1	500	111	1	0	1	27	27	0	0	-1	-1	7744.81265786726	5
Simulation_349	2.623	0.084	0.173	0.149	1.392	0.264	349	0.05	12000	1000	1	500	111	1	0	1	10	10	0	1	0.119268996473229	4	4313.27110805027	1
Simulation_350	2.12	0.016	0.11	0.04	0.765	0.943	350	0.05	12000	1000	1	500	111	1	0	1	0	1	1	-1	-1	-1	3279.2427954584	1
Simulation_351	1.114	0.061	0.235	0.113	2.02	0.491	351	0.05	12000	1000	1	500	111	1	0	1	453	453	0	1	0.0464892593780058	5	3981.86653735192	1
Simulation_352	1.083	0.043	0.122	0.015	1.353	0.561	352	0.05	12000	1000	1	500	111	1	0	1	0	1	1	-1	-1	-1	3125.84855138792	1
Simulation_353	2.088	0.088	0.247	0.088	2.608	0.109	353	0.05	12000	1000	1	500	111	1	0	1	1	1	0	1	-1	-1	4747.68563688686	1
Simulation_354	2.591	0.02	0.184	0.052	1.98	0.788	354	0.05	12000	1000	1	500	111	1	0	1	0	1	1	-1	-1	-1	4203.60101871699	1
Simulation_355	1.585	0.065	0.059	0.124	0.725	0.335	355	0.05	12000	1000	1	500	111	1	0	1	809	812	3	1	0.103879448541199	225	2987.93933686446	1
Simulation_356	1.837	0.031	0.278	0.033	2.294	0.448	356	0.05	12000	1000	1	500	111	1	0	1	127	127	0	0	-1	-1	6084.74509504821	3
Simulation_357	2.843	0.077	0.153	0.106	1.039	0.901	357	0.05	12000	1000	1	500	111	1	0	1	1	1	0	1	-1	-1	5380.86642886273	3
Simulation_358	2.34	0.054	0.09	0.07	1.667	0.222	358	0.05	12000	1000	1	500	111	1	0	1	12	12	0	0	-1	-1	2733.63881668228	5
Simulation_359	1.334	0.099	0.216	0.143	2.922	0.675	359	0.05	12000	1000	1	500	111	1	0	1	10	10	0	1	0.159666559794806	8	1850.55230717382	1
Simulation_360	1.46	0.014	0.075	0.097	2.451	0.731	360	0.05	12000	1000	1	500	111	1	0	1	65	85	20	0	-1	-1	6412.65990699047	3
Simulation_361	2.466	0.06	0.2	0.024	1.196	0.279	361	0.05	12000	1000	1	500	111	1	0	1	73	82	9	0	-1	-1	5435.05745375867	2
Simulation_362	2.969	0.037	0.263	0.134	0.569	0.958	362	0.05	12000	1000	1	500	111	1	0	1	0	1	1	-1	-1	-1	5254.92483488814	1
Simulation_363	1.963	0.082	0.137	0.061	1.824	0.505	363	0.05	12000	1000	1	500	111	1	0	1	12	14	2	1	0.177300416800256	4	2132.79583386462	1
Simulation_364	1.711	0.048	0.231	0.079	0.882	0.392	364	0.05	12000	1000	1	500	111	1	0	1	417	421	4	1	0.0849631292080795	163	2960.75256727967	1
Simulation_365	2.717	0.094	0.106	0.006	2.137	0.844	365	0.05	12000	1000	1	500	111	1	0	1	5	6	1	0	-1	-1	3574.52811481526	2
Simulation_366	2.214	0.026	0.169	0.115	2.765	0.165	366	0.05	12000	1000	1	500	111	1	0	1	1	1	0	0	-1	-1	7312.85930818458	2
Simulation_367	1.208	0.071	0.294	0.043	1.51	0.618	367	0.05	12000	1000	1	500	111	1	0	1	160	162	2	0	-1	-1	6852.58856322613	3
Simulation_368	1.145	0.023	0.192	0.074	0.804	0.873	368	0.05	12000	1000	1	500	111	0	105	1	1497	1561	64	0	-1	-1	6256.54466696557	3
Simulation_369	2.151	0.068	0.067	0.147	2.059	0.42	369	0.05	12000	1000	1	500	111	1	0	1	3	3	0	0	-1	-1	2852.14800457305	1
Simulation_370	2.654	0.046	0.129	0.038	2.686	0.646	370	0.05	12000	1000	1	500	111	1	0	1	114	114	0	1	0.102276370631613	10	5182.00129588307	3
Simulation_371	1.648	0.091	0.255	0.111	1.431	0.194	371	0.05	12000	1000	1	500	111	1	0	1	5	5	0	1	0.0609169605642834	5	5006.06289561002	1
Simulation_372	1.9	0.034	0.098	0.056	3	0.307	372	0.05	12000	1000	1	500	111	1	0	1	0	1	1	-1	-1	-1	4313.27110805027	1
Simulation_373	2.906	0.079	0.224	0.129	1.745	0.76	373	0.05	12000	1000	1	500	111	1	0	1	16	16	0	1	0.0955434434113498	8	5554.51855200309	1
Simulation_374	2.403	0.012	0.286	0.02	1.118	0.533	374	0.05	12000	1000	1	500	111	1	0	1	0	1	1	-1	-1	-1	4139.107183755	1
Simulation_375	1.397	0.057	0.161	0.093	2.373	0.986	375	0.05	12000	1000	1	500	111	1	0	1	139	142	3	1	0.0586726514908625	109	5018.11079420621	1
Simulation_376	1.271	0.051	0.239	0.12	1.902	0.929	376	0.05	12000	1000	1	500	111	1	0	1	1670	1671	1	0	-1	-1	6694.84491379964	2
Simulation_377	2.277	0.096	0.114	0.047	0.647	0.477	377	0.05	12000	1000	1	500	111	1	0	1	4	4	0	0	-1	-1	7571.45763287579	2
Simulation_378	2.78	0.029	0.051	0.083	1.275	0.703	378	0.05	12000	1000	1	500	111	1	0	1	0	1	1	-1	-1	-1	5188.69825445724	1
Simulation_379	1.774	0.074	0.176	0.011	2.529	0.25	379	0.05	12000	1000	1	500	111	1	0	1	69	73	4	1	0.159666559794806	6	2178.55441666407	1
Simulation_380	1.523	0.017	0.145	0.138	1.588	0.137	380	0.05	12000	1000	1	500	111	1	0	1	0	1	1	-1	-1	-1	4689.10052620637	1
Simulation_381	2.528	0.063	0.271	0.065	2.843	0.59	381	0.05	12000	1000	1	500	111	1	0	1	112	114	2	0	-1	-1	5774.08287268374	3
Simulation_382	2.026	0.04	0.208	0.102	2.216	0.363	382	0.05	12000	1000	1	500	111	1	0	1	0	1	1	-1	-1	-1	4814.62404612436	1
Simulation_383	1.02	0.085	0.082	0.029	0.961	0.816	383	0.05	12000	1000	1	500	111	1	0	1	16	23	7	1	0.121833921128567	12	2976.62227475247	1
Simulation_384	1.012	0.025	0.158	0.11	2.088	0.615	384	0.05	12000	1000	1	500	111	1	0	1	127	130	3	0	-1	-1	6339.87158305778	2
Simulation_385	2.018	0.07	0.283	0.037	0.833	0.162	385	0.05	12000	1000	1	500	111	1	0	1	578	578	0	1	0.117345302981725	294	3243.35355631005	1
Simulation_386	2.521	0.047	0.221	0.147	1.461	0.841	386	0.05	12000	1000	1	500	111	1	0	1	0	1	1	-1	-1	-1	4579.43043687308	1
Simulation_387	1.515	0.093	0.095	0.074	2.716	0.388	387	0.05	12000	1000	1	500	111	1	0	1	2	2	0	1	0.144597627444694	-1	3545.5804827173	1
Simulation_388	1.766	0.036	0.252	0.092	1.147	0.501	388	0.05	12000	1000	1	500	111	1	0	1	1500	1501	1	1	0.0676498877845463	945	1688.01542915468	1
Simulation_389	2.772	0.081	0.126	0.019	2.402	0.954	389	0.05	12000	1000	1	500	111	1	0	1	6	6	0	1	0.0993908303943572	5	3872.19644801864	1
Simulation_390	2.269	0.013	0.064	0.128	1.775	0.275	390	0.05	12000	1000	1	500	111	1	0	1	4	4	0	0	-1	-1	5935.5773506813	3
Simulation_391	1.263	0.059	0.189	0.056	0.52	0.728	391	0.05	12000	1000	1	500	111	1	0	1	1	1	0	1	-1	-1	2785.78573149783	1
Simulation_392	1.389	0.053	0.111	0.01	0.99	0.671	392	0.05	12000	1000	1	500	111	1	0	1	1057	1068	11	0	-1	-1	5935.00954270934	3
Simulation_393	2.395	0.098	0.236	0.083	2.245	0.218	393	0.05	12000	1000	1	500	111	1	0	1	1	1	0	0	-1	-1	6587.41669921022	2
Simulation_394	2.898	0.03	0.299	0.047	2.873	0.897	394	0.05	12000	1000	1	500	111	1	0	1	5	5	0	0	-1	-1	6961.43126726732	3
Simulation_395	1.892	0.076	0.174	0.119	1.618	0.445	395	0.05	12000	1000	1	500	111	1	0	1	70	71	1	0	-1	-1	4429.05472069057	2
Simulation_396	1.64	0.019	0.205	0.028	2.559	0.332	396	0.05	12000	1000	1	500	111	1	0	1	0	1	1	-1	-1	-1	6090.02218430637	2
Simulation_397	2.646	0.064	0.079	0.101	1.304	0.784	397	0.05	12000	1000	1	500	111	1	0	1	3	3	0	1	0.105482526450786	-1	2942.07324581765	1
Simulation_398	2.143	0.042	0.142	0.065	0.676	0.105	398	0.05	12000	1000	1	500	111	1	0	1	0	1	1	-1	-1	-1	4820.47446174766	1
Simulation_399	1.138	0.087	0.268	0.137	1.931	0.558	399	0.05	12000	1000	1	500	111	1	0	1	68	68	0	1	0.152933632574543	33	5018.28767375138	3
Simulation_400	1.2	0.039	0.228	0.124	2.794	0.813	400	0.05	12000	1000	1	500	111	1	0	1	4	4	0	0	-1	-1	5534.75756141242	3
Simulation_401	2.206	0.084	0.103	0.051	1.539	0.36	401	0.05	12000	1000	1	500	111	1	0	1	580	581	1	0	-1	-1	6270.35758622587	3
Simulation_402	2.709	0.016	0.166	0.087	0.912	0.586	402	0.05	12000	1000	1	500	111	1	0	1	0	1	1	-1	-1	-1	6852.58856322613	3
Simulation_403	1.703	0.061	0.291	0.015	2.167	0.134	403	0.05	12000	1000	1	500	111	1	0	1	2	2	0	1	0.102276370631613	-1	2250.66864252957	1
Simulation_404	1.955	0.028	0.072	0.142	0.598	0.247	404	0.05	12000	1000	1	500	111	1	0	1	0	1	1	-1	-1	-1	3777.04335810311	1
Simulation_405	2.961	0.073	0.197	0.069	1.853	0.699	405	0.05	12000	1000	1	500	111	1	0	1	65	65	0	1	0.0840012824623277	35	3356.75591354867	1
Simulation_406	2.458	0.05	0.26	0.106	2.48	0.473	406	0.05	12000	1000	1	500	111	1	0	1	10	10	0	1	0.0583520359089452	8	2361.67253275457	1
Simulation_407	1.452	0.095	0.134	0.033	1.225	0.926	407	0.05	12000	1000	1	500	111	1	0	1	1	1	0	0	-1	-1	6515.91660568792	3
Simulation_408	1.326	0.011	0.275	0.06	1.696	0.982	408	0.05	12000	1000	1	500	111	1	0	1	0	1	1	-1	-1	-1	2859.08142459816	1
Simulation_409	2.332	0.056	0.15	0.133	2.951	0.53	409	0.05	12000	1000	1	500	111	1	0	1	4	4	0	0	-1	-1	4493.58614663513	1
Simulation_410	2.835	0.033	0.087	0.024	2.324	0.756	410	0.05	12000	1000	1	500	111	1	0	1	2	2	0	0	-1	-1	2695.00310964363	1
Simulation_411	1.829	0.078	0.213	0.097	1.069	0.303	411	0.05	12000	1000	1	500	111	1	0	1	36	36	0	1	0.13562039115101	14	3025.31246991855	1
Simulation_412	1.578	0.044	0.119	0.042	2.01	0.19	412	0.05	12000	1000	1	500	111	1	0	1	9	9	0	0	-1	-1	2400.65853296772	2
Simulation_413	2.583	0.09	0.244	0.115	0.755	0.643	413	0.05	12000	1000	1	500	111	1	0	1	1	1	0	1	-1	-1	3605.27373650634	1
Simulation_414	2.081	0.022	0.181	0.006	1.382	0.417	414	0.05	12000	1000	1	500	111	1	0	1	0	1	1	-1	-1	-1	4450.06711355759	1
Simulation_415	1.075	0.067	0.056	0.078	2.637	0.869	415	0.05	12000	1000	1	500	111	0	45	1	1291	1358	67	0	-1	-1	7106.49344518704	5
Simulation_416	1.106	0.049	0.287	0.031	0.716	0.289	416	0.05	12000	1000	1	500	111	1	0	1	0	1	1	-1	-1	-1	4563.12689621478	1
Simulation_417	2.112	0.094	0.162	0.103	1.971	0.742	417	0.05	12000	1000	1	500	111	1	0	1	288	289	1	1	0.135299775569093	67	4609.67754342762	1
Simulation_418	2.615	0.026	0.099	0.067	2.598	0.516	418	0.05	12000	1000	1	500	111	1	0	1	0	1	1	-1	-1	-1	4672.62335173109	1
Simulation_419	1.609	0.071	0.225	0.14	1.343	0.968	419	0.05	12000	1000	1	500	111	1	0	1	13	13	0	1	0.119268996473229	10	3921.40990087339	1
Simulation_420	1.861	0.015	0.13	0.012	2.912	0.855	420	0.05	12000	1000	1	500	111	1	0	1	0	1	1	-1	-1	-1	5023.33666052353	1
Simulation_421	2.866	0.06	0.256	0.085	1.657	0.402	421	0.05	12000	1000	1	500	111	1	0	1	62	63	1	1	0.0945815966655979	28	3903.45434520001	1
Simulation_422	2.363	0.037	0.193	0.049	1.029	0.629	422	0.05	12000	1000	1	500	111	1	0	1	5	5	0	1	0.0621994228919526	3	4764.67852397628	1
Simulation_423	1.358	0.083	0.068	0.122	2.284	0.176	423	0.05	12000	1000	1	500	111	1	0	1	3	3	0	1	0.174094260981084	3	5330.93021390016	3
Simulation_424	1.483	0.032	0.209	0.094	1.814	0.119	424	0.05	12000	1000	1	500	111	1	0	1	12	12	0	0	-1	-1	5878.02974637926	3
Simulation_425	2.489	0.077	0.083	0.021	0.559	0.572	425	0.05	12000	1000	1	500	111	1	0	1	1	1	0	1	-1	-1	4841.18490783257	1
Simulation_426	2.992	0.054	0.146	0.131	1.186	0.346	426	0.05	12000	1000	1	500	111	1	0	1	0	1	1	-1	-1	-1	5365.28832026854	1
Simulation_427	1.986	0.1	0.272	0.058	2.441	0.798	427	0.05	12000	1000	1	500	111	1	0	1	72	72	0	1	0.164796409105483	25	5115.42775097472	1
Simulation_428	1.735	0.043	0.052	0.112	1.5	0.912	428	0.05	12000	1000	1	500	111	1	0	1	10	11	1	1	0.0759858929143956	4	5206.56705941057	1
Simulation_429	2.741	0.088	0.177	0.04	2.755	0.459	429	0.05	12000	1000	1	500	111	1	0	1	2	2	0	1	0.165437640269317	2	5742.32150247613	1
Simulation_430	2.238	0.02	0.24	0.149	2.127	0.685	430	0.05	12000	1000	1	500	111	1	0	1	1	3	2	0	-1	-1	6224.56808219986	3
Simulation_431	1.232	0.066	0.115	0.076	0.873	0.233	431	0.05	12000	1000	1	500	111	0	3	1	1546	1550	4	1	0.168964411670407	567	2398.90275384023	1
Simulation_432	1.169	0.018	0.091	0.044	1.422	0.487	432	0.05	12000	1000	1	500	111	1	0	1	0	1	1	-1	-1	-1	3232.09043241676	1
Simulation_433	2.175	0.063	0.217	0.117	2.676	0.94	433	0.05	12000	1000	1	500	111	1	0	1	71	71	0	1	0.102276370631613	29	4028.51210284487	1
Simulation_434	2.678	0.04	0.279	0.008	2.049	0.261	434	0.05	12000	1000	1	500	111	1	0	1	0	1	1	-1	-1	-1	4219.1212364163	1
Simulation_435	1.672	0.086	0.154	0.081	0.794	0.714	435	0.05	12000	1000	1	500	111	1	0	1	1	1	0	1	-1	-1	5018.28767375138	1
Simulation_436	1.923	0.052	0.185	0.062	2.363	0.6	436	0.05	12000	1000	1	500	111	1	0	1	145	145	0	0	-1	-1	1112.23075608667	1
Simulation_437	2.929	0.097	0.06	0.135	1.108	0.148	437	0.05	12000	1000	1	500	111	1	0	1	12	13	1	1	0.179544725873677	2	4104.22571339497	2
Simulation_438	2.426	0.029	0.123	0.026	1.735	0.827	438	0.05	12000	1000	1	500	111	1	0	1	0	1	1	-1	-1	-1	5082.95239809102	3
Simulation_439	1.42	0.074	0.248	0.099	2.99	0.374	439	0.05	12000	1000	1	500	111	1	0	1	40	40	0	1	0.118627765309394	20	2139.55724405721	1
Simulation_440	1.295	0.035	0.17	0.144	2.52	0.431	440	0.05	12000	1000	1	500	111	1	0	1	5	5	0	0	-1	-1	6357.00190403854	3
Simulation_441	2.301	0.08	0.295	0.072	1.265	0.883	441	0.05	12000	1000	1	500	111	1	0	1	10	10	0	1	0.137544084642514	5	1802.98175010402	1
Simulation_442	2.804	0.012	0.232	0.108	0.637	0.204	442	0.05	12000	1000	1	500	111	1	0	1	2	3	1	0	-1	-1	5770.7639457842	1
Simulation_443	1.798	0.057	0.107	0.035	1.892	0.657	443	0.05	12000	1000	1	500	111	1	0	1	266	267	1	1	0.125360692529657	82	5415.85095071965	3
Simulation_444	1.546	0.023	0.264	0.126	0.951	0.77	444	0.05	12000	1000	1	500	111	1	0	1	0	1	1	-1	-1	-1	5267.0627425814	1
Simulation_445	2.552	0.069	0.138	0.053	2.206	0.317	445	0.05	12000	1000	1	500	111	1	0	1	2	2	0	1	0.102917601795447	-1	4156.60351012466	1
Simulation_446	2.049	0.046	0.075	0.09	2.833	0.996	446	0.05	12000	1000	1	500	111	1	0	1	0	1	1	-1	-1	-1	5064.72821919276	1
Simulation_447	1.043	0.091	0.201	0.017	1.578	0.544	447	0.05	12000	1000	1	500	111	1	0	1	22	22	0	1	0.190766271240782	20	5558.04396449755	3
Simulation_448	1.028	0.037	0.077	0.073	1.951	0.367	448	0.05	12000	1000	1	500	111	0	112	1	2025	2036	11	1	0.119268996473229	191	5230.99709327699	1
Simulation_449	2.033	0.082	0.203	0.145	0.696	0.82	449	0.05	12000	1000	1	500	111	1	0	1	1	1	0	1	-1	-1	5864.46942413812	3
Simulation_450	2.536	0.014	0.266	0.036	1.324	0.141	450	0.05	12000	1000	1	500	111	1	0	1	0	1	1	-1	-1	-1	5168.35392382117	3
Simulation_451	1.53	0.059	0.14	0.109	2.578	0.593	451	0.05	12000	1000	1	500	111	1	0	1	1174	1180	6	1	0.12856684834883	210	5434.39698170923	3
Simulation_452	1.782	0.025	0.234	0.054	1.637	0.706	452	0.05	12000	1000	1	500	111	1	0	1	0	1	1	-1	-1	-1	4211.66483578997	1
Simulation_453	2.788	0.071	0.109	0.127	2.892	0.254	453	0.05	12000	1000	1	500	111	1	0	1	6	6	0	0	-1	-1	3155.3800704289	5
Simulation_454	2.285	0.048	0.172	0.018	2.265	0.933	454	0.05	12000	1000	1	500	111	1	0	1	54	54	0	0	-1	-1	5531.37456884905	3
Simulation_455	1.279	0.093	0.297	0.091	1.01	0.48	455	0.05	12000	1000	1	500	111	1	0	1	250	270	20	1	0.223148445014428	100	5684.26398167684	3
Simulation_456	1.405	0.02	0.125	0.118	0.539	0.537	456	0.05	12000	1000	1	500	111	1	0	1	0	1	1	-1	-1	-1	4550.30073875428	1
Simulation_457	2.411	0.065	0.25	0.045	1.794	0.989	457	0.05	12000	1000	1	500	111	1	0	1	15	15	0	1	0.0965052901571016	6	2036.98257364394	1
Simulation_458	2.914	0.042	0.187	0.082	2.422	0.31	458	0.05	12000	1000	1	500	111	1	0	1	1	1	0	0	-1	-1	2296.6184362815	1
Simulation_459	1.908	0.088	0.062	0.009	1.167	0.763	459	0.05	12000	1000	1	500	111	1	0	1	3	3	0	0	-1	-1	6405.65477285516	2
Simulation_460	1.656	0.054	0.281	0.136	2.735	0.65	460	0.05	12000	1000	1	500	111	0	13	1	1512	1514	2	1	0.151651170246874	18	4412.79425101053	3
Simulation_461	2.662	0.099	0.156	0.064	1.48	0.197	461	0.05	12000	1000	1	500	111	1	0	1	1	1	0	1	-1	-1	4453.4568068815	1
Simulation_462	2.159	0.031	0.093	0.1	0.853	0.876	462	0.05	12000	1000	1	500	111	1	0	1	36	36	0	0	-1	-1	4145.61477610777	2
Simulation_463	1.153	0.076	0.219	0.027	2.108	0.424	463	0.05	12000	1000	1	500	111	1	0	1	222	222	0	1	0.134337928823341	88	2001.79156550654	1
Simulation_464	1.216	0.028	0.242	0.023	2.657	0.169	464	0.05	12000	1000	1	500	111	1	0	1	378	378	0	0	-1	-1	1844.83788152961	1
Simulation_465	2.222	0.073	0.117	0.095	1.402	0.622	465	0.05	12000	1000	1	500	111	1	0	1	68	70	2	1	0.0795126643154857	34	5677.04212769467	2
Simulation_466	2.725	0.051	0.054	0.059	0.775	0.395	466	0.05	12000	1000	1	500	111	1	0	1	8	8	0	1	0.0977877524847708	4	3995.5095174452	1
Simulation_467	1.719	0.096	0.179	0.132	2.029	0.848	467	0.05	12000	1000	1	500	111	1	0	1	698	703	5	1	0.148124398845784	309	2231.5764980964	1
Simulation_468	1.971	0.04	0.148	0.041	1.088	0.961	468	0.05	12000	1000	1	500	111	1	0	1	4	4	0	1	0.0580314203270279	2	2808.40546688225	1
Simulation_469	2.976	0.085	0.274	0.114	2.343	0.508	469	0.05	12000	1000	1	500	111	1	0	1	27	27	0	1	0.136261622314845	15	3827.59324212481	1
Simulation_470	2.473	0.017	0.211	0.077	2.971	0.735	470	0.05	12000	1000	1	500	111	1	0	1	0	1	1	-1	-1	-1	4087.61258367233	1
Simulation_471	1.468	0.062	0.085	0.15	1.716	0.282	471	0.05	12000	1000	1	500	111	1	0	1	4	4	0	1	0.0942609810836807	4	4122.06786502771	1
Simulation_472	1.342	0.045	0.195	0.105	1.245	0.226	472	0.05	12000	1000	1	500	111	1	0	1	3	3	0	0	-1	-1	2384.38575442248	1
Simulation_473	2.348	0.09	0.07	0.032	2.5	0.678	473	0.05	12000	1000	1	500	111	1	0	1	132	132	0	0	-1	-1	3926.45501489628	2
Simulation_474	2.851	0.023	0.132	0.141	1.873	0.452	474	0.05	12000	1000	1	500	111	1	0	1	3	5	2	0	-1	-1	5738.43813111877	1
Simulation_475	1.845	0.068	0.258	0.068	0.618	0.905	475	0.05	12000	1000	1	500	111	1	0	1	1	1	0	1	-1	-1	4519.44127214496	3
Simulation_476	1.593	0.011	0.101	0.086	2.186	0.791	476	0.05	12000	1000	1	500	111	1	0	1	0	1	1	-1	-1	-1	3247.08582421538	1
Simulation_477	2.599	0.057	0.226	0.014	0.931	0.339	477	0.05	12000	1000	1	500	111	1	0	1	108	108	0	1	0.104841295286951	27	1491.68215066593	1
Simulation_478	2.096	0.034	0.289	0.123	1.559	0.565	478	0.05	12000	1000	1	500	111	1	0	1	4	4	0	0	-1	-1	5575.31606886035	3
Simulation_479	1.09	0.079	0.164	0.05	2.814	0.112	479	0.05	12000	1000	1	500	111	1	0	1	16	16	0	1	0.136582237896762	8	1963.2724201955	1
Simulation_480	1.059	0.013	0.175	0.134	0.814	0.919	480	0.05	12000	1000	1	500	111	1	0	1	0	1	1	-1	-1	-1	5092.51431509656	3
Simulation_481	2.065	0.058	0.05	0.061	2.069	0.466	481	0.05	12000	1000	1	500	111	1	0	1	8	9	1	0	-1	-1	1733.88152020149	3
Simulation_482	2.568	0.035	0.113	0.098	2.696	0.692	482	0.05	12000	1000	1	500	111	1	0	1	52	60	8	0	-1	-1	5076.85641735285	3
Simulation_483	1.562	0.081	0.238	0.025	1.441	0.24	483	0.05	12000	1000	1	500	111	1	0	1	56	56	0	1	0.111574222507214	20	2903.08016441691	1
Simulation_484	1.813	0.047	0.081	0.116	2.382	0.127	484	0.05	12000	1000	1	500	111	1	0	1	2	2	0	0	-1	-1	6161.42911252558	1
Simulation_485	2.819	0.092	0.207	0.043	1.127	0.579	485	0.05	12000	1000	1	500	111	1	0	1	10	10	0	1	0.143635780698942	6	3592.39963287354	1
Simulation_486	2.316	0.024	0.27	0.079	0.5	0.353	486	0.05	12000	1000	1	500	111	1	0	1	2	2	0	0	-1	-1	5548.98912307028	1
Simulation_487	1.31	0.069	0.144	0.007	1.755	0.806	487	0.05	12000	1000	1	500	111	1	0	1	221	257	36	0	-1	-1	7773.66405225194	5
Simulation_488	1.436	0.041	0.254	0.052	2.225	0.862	488	0.05	12000	1000	1	500	111	1	0	1	0	1	1	-1	-1	-1	4438.46141508287	1
Simulation_489	2.442	0.086	0.128	0.125	0.971	0.409	489	0.05	12000	1000	1	500	111	1	0	1	1	1	0	1	-1	-1	5286.06273696992	3
Simulation_490	2.945	0.018	0.066	0.016	1.598	0.636	490	0.05	12000	1000	1	500	111	1	0	1	13	16	3	1	0.0115421609490221	3	2381.2429600858	2
Simulation_491	1.939	0.064	0.191	0.089	2.853	0.183	491	0.05	12000	1000	1	500	111	1	0	1	1	1	0	1	-1	-1	5230.99709327699	1
Simulation_492	1.688	0.03	0.16	0.07	1.284	0.296	492	0.05	12000	1000	1	500	111	1	0	1	222	222	0	1	0.0211606284065406	6	1645.77702190694	1
Simulation_493	2.694	0.075	0.285	0.143	2.539	0.749	493	0.05	12000	1000	1	500	111	1	0	1	6	7	1	1	0.162552100032062	2	5430.70093836223	3
Simulation_494	2.191	0.052	0.223	0.034	1.912	0.523	494	0.05	12000	1000	1	500	111	1	0	1	65	65	0	1	0.06957358127605	21	3279.2427954584	1
Simulation_495	1.185	0.098	0.097	0.107	0.657	0.975	495	0.05	12000	1000	1	500	111	1	0	1	2	2	0	0	-1	-1	6276.93386806159	3
Simulation_496	1.122	0.049	0.136	0.084	1.52	0.721	496	0.05	12000	1000	1	500	111	0	132	1	2338	2341	3	1	0.164475793523565	191	2869.49786488479	1
Simulation_497	2.128	0.095	0.262	0.011	2.775	0.268	497	0.05	12000	1000	1	500	111	1	0	1	2	2	0	1	0.135941006732927	-1	2636.4563911067	1
Simulation_498	2.631	0.027	0.199	0.12	2.147	0.947	498	0.05	12000	1000	1	500	111	1	0	1	9	9	0	0	-1	-1	5752.13679203631	3
Simulation_499	1.625	0.072	0.074	0.048	0.892	0.494	499	0.05	12000	1000	1	500	111	1	0	1	212	218	6	1	0.119910227637063	88	5801.13940708525	1
Simulation_500	1.876	0.015	0.293	0.102	1.833	0.381	500	0.05	12000	1000	1	500	111	1	0	1	0	1	1	-1	-1	-1	6106.10250832712	2
