Sim_index	S	omega_T	omega_P	sigma_e	disp_shape	disp_scale	seed	divergence_factor	max_species	max_coex_sp	start_species	init_ab	grid_cell_distance	finished	final_timestep	initial_nb_species	final_nb_species	sp_events	ex_events	exchanged	prop_col_area	div_col	dist_to_isthmus	start_biome
Simulation_1	1.998	0.055	0.175	0.078	1.75	0.549	1	0.05	12000	1000	1	500	111	1	0	1	0	1	1	-1	-1	-1	5794.73037098102	4
Simulation_2	2.501	0.032	0.238	0.041	2.377	0.323	2	0.05	12000	1000	1	500	111	1	0	1	0	1	1	-1	-1	-1	5591.76794547674	4
Simulation_3	1.495	0.078	0.112	0.114	1.123	0.775	3	0.05	12000	1000	1	500	111	1	0	1	0	1	1	-1	-1	-1	5197.63024273142	4
Simulation_4	1.747	0.044	0.206	0.023	2.691	0.889	4	0.05	12000	1000	1	500	111	1	0	1	1054	1061	7	1	0.390898483080513	1003	2734.94690099948	2
Simulation_5	2.752	0.089	0.081	0.096	1.436	0.436	5	0.05	12000	1000	1	500	111	1	0	1	5	6	1	1	0.320303383897316	4	4857.1491872245	2
Simulation_6	2.25	0.021	0.144	0.059	0.809	0.662	6	0.05	12000	1000	1	500	111	1	0	1	0	1	1	-1	-1	-1	4857.1491872245	2
Simulation_7	1.244	0.066	0.269	0.132	2.064	0.21	7	0.05	12000	1000	1	500	111	1	0	1	0	1	1	-1	-1	-1	6013.70404501876	4
Simulation_8	1.369	0.038	0.128	0.105	1.907	0.266	8	0.05	12000	1000	1	500	111	1	0	1	0	1	1	-1	-1	-1	6301.7232439476	4
Simulation_9	2.375	0.083	0.253	0.032	0.652	0.719	9	0.05	12000	1000	1	500	111	1	0	1	1	1	0	0	-1	-1	4286.53724370079	2
Simulation_10	2.878	0.015	0.191	0.141	1.279	0.493	10	0.05	12000	1000	1	500	111	1	0	1	10	11	1	0	-1	-1	2365.14208091186	2
Simulation_11	1.872	0.061	0.065	0.068	2.534	0.945	11	0.05	12000	1000	1	500	111	1	0	1	56	58	2	1	0.262543757292882	48	3353.6746683221	3
Simulation_12	1.621	0.027	0.285	0.087	1.593	0.832	12	0.05	12000	1000	1	500	111	1	0	1	97	103	6	0	-1	-1	3841.49772102168	4
Simulation_13	2.627	0.072	0.159	0.014	2.848	0.379	13	0.05	12000	1000	1	500	111	1	0	1	0	1	1	-1	-1	-1	6080.23737745349	4
Simulation_14	2.124	0.049	0.097	0.123	2.221	0.606	14	0.05	12000	1000	1	500	111	1	0	1	0	1	1	-1	-1	-1	5935.92733825037	4
Simulation_15	1.118	0.095	0.222	0.05	0.966	0.153	15	0.05	12000	1000	1	500	111	1	0	1	135	136	1	1	0.801050175029172	65	3917.61224143482	2
Simulation_16	1.181	0.052	0.261	0.064	1.201	0.408	16	0.05	12000	1000	1	500	111	1	0	1	742	987	245	0	-1	-1	4195.59684767855	2
Simulation_17	2.187	0.097	0.136	0.137	2.456	0.86	17	0.05	12000	1000	1	500	111	1	0	1	151	151	0	1	0.721703617269545	151	1512.90265010755	1
Simulation_18	2.69	0.029	0.073	0.027	1.828	0.181	18	0.05	12000	1000	1	500	111	1	0	1	0	1	1	-1	-1	-1	9260.72136263067	5
Simulation_19	1.684	0.075	0.199	0.1	0.574	0.634	19	0.05	12000	1000	1	500	111	1	0	1	22	22	0	1	0.196032672112019	13	5348.05344147446	3
Simulation_20	1.935	0.018	0.167	0.046	2.142	0.747	20	0.05	12000	1000	1	500	111	1	0	1	0	1	1	-1	-1	-1	5393.307716133	4
Simulation_21	2.941	0.063	0.293	0.118	0.887	0.294	21	0.05	12000	1000	1	500	111	1	0	1	0	1	1	-1	-1	-1	5787.55895034385	4
Simulation_22	2.438	0.041	0.23	0.009	1.515	0.973	22	0.05	12000	1000	1	500	111	1	0	1	7	7	0	1	0.605017502917153	7	1862.48938814096	1
Simulation_23	1.432	0.086	0.104	0.082	2.77	0.521	23	0.05	12000	1000	1	500	111	0	86	1	2853	2866	13	0	-1	-1	4984.49074956686	2
Simulation_24	1.306	0.024	0.183	0.128	2.613	0.464	24	0.05	12000	1000	1	500	111	1	0	1	3	3	0	0	-1	-1	2491.39119453214	3
Simulation_25	2.312	0.069	0.057	0.055	1.358	0.917	25	0.05	12000	1000	1	500	111	1	0	1	1	1	0	0	-1	-1	4257.77064182026	3
Simulation_26	2.815	0.046	0.12	0.091	0.73	0.238	26	0.05	12000	1000	1	500	111	1	0	1	0	1	1	-1	-1	-1	5253.79958759889	2
Simulation_27	1.809	0.092	0.246	0.018	1.985	0.691	27	0.05	12000	1000	1	500	111	1	0	1	3	4	1	0	-1	-1	4250.43092995372	3
Simulation_28	1.558	0.035	0.089	0.146	1.044	0.577	28	0.05	12000	1000	1	500	111	1	0	1	36	36	0	0	-1	-1	3113.8588736223	2
Simulation_29	2.564	0.08	0.214	0.073	2.299	0.125	29	0.05	12000	1000	1	500	111	1	0	1	1	1	0	1	0.75904317386231	1	2546.02765578417	2
Simulation_30	2.061	0.012	0.277	0.109	2.926	0.804	30	0.05	12000	1000	1	500	111	1	0	1	0	1	1	-1	-1	-1	6044.48856772335	4
Simulation_31	1.055	0.058	0.151	0.037	1.672	0.351	31	0.05	12000	1000	1	500	111	1	0	1	0	1	1	-1	-1	-1	7645.05363185352	5
Simulation_32	1.086	0.034	0.202	0.089	2.26	0.676	32	0.05	12000	1000	1	500	111	0	91	1	1947	1947	0	1	0.645274212368728	1221	2165.83380140296	1
Simulation_33	2.092	0.079	0.077	0.016	1.005	0.224	33	0.05	12000	1000	1	500	111	1	0	1	83	83	0	1	0.752625437572929	83	3325.21412482363	2
Simulation_34	2.595	0.011	0.14	0.125	1.632	0.903	34	0.05	12000	1000	1	500	111	1	0	1	0	1	1	-1	-1	-1	5329.81285873543	5
Simulation_35	1.589	0.056	0.265	0.052	2.887	0.45	35	0.05	12000	1000	1	500	111	1	0	1	2	2	0	0	-1	-1	4426.60651197216	4
Simulation_36	1.841	0.022	0.108	0.107	1.319	0.337	36	0.05	12000	1000	1	500	111	1	0	1	0	1	1	-1	-1	-1	7548.74441608246	5
Simulation_37	2.847	0.068	0.234	0.034	2.574	0.79	37	0.05	12000	1000	1	500	111	1	0	1	12	14	2	0	-1	-1	4321.1367223496	4
Simulation_38	2.344	0.045	0.297	0.143	1.946	0.111	38	0.05	12000	1000	1	500	111	1	0	1	0	1	1	-1	-1	-1	6404.54585192892	4
Simulation_39	1.338	0.09	0.171	0.071	0.691	0.563	39	0.05	12000	1000	1	500	111	1	0	1	0	1	1	-1	-1	-1	6257.63227088988	4
Simulation_40	1.464	0.017	0.25	0.025	0.848	0.62	40	0.05	12000	1000	1	500	111	1	0	1	0	1	1	-1	-1	-1	5717.13043452219	5
Simulation_41	2.47	0.062	0.124	0.098	2.103	0.167	41	0.05	12000	1000	1	500	111	1	0	1	2	2	0	0	-1	-1	5059.36370996829	4
Simulation_42	2.972	0.039	0.061	0.062	2.73	0.846	42	0.05	12000	1000	1	500	111	1	0	1	19	19	0	0	-1	-1	2920.48206593193	2
Simulation_43	1.967	0.085	0.187	0.134	1.475	0.394	43	0.05	12000	1000	1	500	111	1	0	1	0	1	1	-1	-1	-1	5658.58091785837	4
Simulation_44	1.715	0.051	0.155	0.007	2.417	0.507	44	0.05	12000	1000	1	500	111	1	0	1	108	108	0	1	0.38973162193699	108	1512.90265010755	1
Simulation_45	2.721	0.096	0.281	0.08	1.162	0.959	45	0.05	12000	1000	1	500	111	1	0	1	1	1	0	1	0.813302217036173	1	3917.61224143482	2
Simulation_46	2.218	0.028	0.218	0.043	0.534	0.28	46	0.05	12000	1000	1	500	111	1	0	1	0	1	1	-1	-1	-1	6992.98149717472	4
Simulation_47	1.212	0.073	0.093	0.116	1.789	0.733	47	0.05	12000	1000	1	500	111	1	0	1	19	26	7	0	-1	-1	3500.50139391878	3
Simulation_48	1.149	0.031	0.116	0.148	2.966	0.988	48	0.05	12000	1000	1	500	111	1	0	1	0	1	1	-1	-1	-1	5133.81696862347	4
Simulation_49	2.155	0.076	0.242	0.075	1.711	0.535	49	0.05	12000	1000	1	500	111	1	0	1	0	1	1	-1	-1	-1	7281.82663202784	5
Simulation_50	2.658	0.053	0.179	0.112	1.083	0.761	50	0.05	12000	1000	1	500	111	1	0	1	0	1	1	-1	-1	-1	7750.57122353169	5
Simulation_51	1.652	0.099	0.053	0.039	2.338	0.309	51	0.05	12000	1000	1	500	111	1	0	1	0	1	1	-1	-1	-1	5190.0987741751	3
Simulation_52	1.904	0.042	0.273	0.13	0.77	0.195	52	0.05	12000	1000	1	500	111	1	0	1	73	74	1	0	-1	-1	3260.30876219794	2
Simulation_53	2.91	0.087	0.148	0.057	2.025	0.648	53	0.05	12000	1000	1	500	111	1	0	1	35	35	0	1	0.270128354725788	25	4991.04897234086	2
Simulation_54	2.407	0.02	0.085	0.093	2.652	0.422	54	0.05	12000	1000	1	500	111	1	0	1	14	14	0	1	0.00058343057176196	13	1512.90265010755	1
Simulation_55	1.401	0.065	0.21	0.021	1.397	0.874	55	0.05	12000	1000	1	500	111	1	0	1	0	1	1	-1	-1	-1	5216.82296364839	2
Simulation_56	1.275	0.048	0.069	0.048	1.554	0.818	56	0.05	12000	1000	1	500	111	1	0	1	14	15	1	0	-1	-1	5387.06984348018	3
Simulation_57	2.281	0.093	0.195	0.121	2.809	0.365	57	0.05	12000	1000	1	500	111	1	0	1	0	1	1	-1	-1	-1	4953.44873279652	4
Simulation_58	2.784	0.025	0.257	0.012	2.181	0.592	58	0.05	12000	1000	1	500	111	1	0	1	0	1	1	-1	-1	-1	5313.16096319049	4
Simulation_59	1.778	0.07	0.132	0.084	0.926	0.139	59	0.05	12000	1000	1	500	111	1	0	1	19	24	5	0	-1	-1	3502.68028159587	2
Simulation_60	1.527	0.014	0.226	0.066	1.868	0.252	60	0.05	12000	1000	1	500	111	1	0	1	0	1	1	-1	-1	-1	6021.4349409846	4
Simulation_61	2.532	0.059	0.1	0.139	0.613	0.705	61	0.05	12000	1000	1	500	111	1	0	1	1	1	0	1	0.277129521586931	1	2923.81170496233	2
Simulation_62	2.029	0.037	0.163	0.03	1.24	0.478	62	0.05	12000	1000	1	500	111	1	0	1	11	18	7	0	-1	-1	3936.97747191585	2
Simulation_63	1.024	0.082	0.289	0.103	2.495	0.931	63	0.05	12000	1000	1	500	111	0	112	1	1925	1925	0	1	0.829054842473746	1916	2165.83380140296	1
Simulation_64	1.039	0.046	0.161	0.122	1.025	0.882	64	0.05	12000	1000	1	500	111	1	0	1	0	1	1	-1	-1	-1	4943.77508435479	4
Simulation_65	2.045	0.091	0.287	0.049	2.279	0.429	65	0.05	12000	1000	1	500	111	1	0	1	0	1	1	-1	-1	-1	7374.04937693406	5
Simulation_66	2.548	0.023	0.224	0.085	2.907	0.655	66	0.05	12000	1000	1	500	111	1	0	1	0	1	1	-1	-1	-1	7673.07277298831	4
Simulation_67	1.542	0.068	0.099	0.013	1.652	0.203	67	0.05	12000	1000	1	500	111	1	0	1	1	2	1	0	-1	-1	4931.75392782851	3
Simulation_68	1.794	0.012	0.255	0.14	2.593	0.316	68	0.05	12000	1000	1	500	111	1	0	1	0	1	1	-1	-1	-1	6358.55645427212	4
Simulation_69	2.8	0.057	0.13	0.067	1.338	0.768	69	0.05	12000	1000	1	500	111	1	0	1	0	1	1	-1	-1	-1	5731.8144410389	4
Simulation_70	2.297	0.034	0.067	0.104	0.711	0.542	70	0.05	12000	1000	1	500	111	1	0	1	0	1	1	-1	-1	-1	6046.25385839905	4
Simulation_71	1.291	0.08	0.193	0.031	1.966	0.995	71	0.05	12000	1000	1	500	111	1	0	1	0	1	1	-1	-1	-1	6961.86292947744	4
Simulation_72	1.417	0.029	0.083	0.076	2.123	0.938	72	0.05	12000	1000	1	500	111	1	0	1	0	1	1	-1	-1	-1	3648.66585188855	2
Simulation_73	2.422	0.074	0.208	0.149	0.868	0.485	73	0.05	12000	1000	1	500	111	1	0	1	0	1	1	-1	-1	-1	6085.91895647047	4
Simulation_74	2.925	0.051	0.271	0.04	1.495	0.712	74	0.05	12000	1000	1	500	111	1	0	1	0	1	1	-1	-1	-1	5731.8144410389	4
Simulation_75	1.919	0.097	0.146	0.113	2.75	0.259	75	0.05	12000	1000	1	500	111	1	0	1	0	1	1	-1	-1	-1	4424.81355990815	4
Simulation_76	1.668	0.04	0.177	0.058	1.181	0.146	76	0.05	12000	1000	1	500	111	1	0	1	42	43	1	0	-1	-1	4018.69720531727	3
Simulation_77	2.674	0.085	0.051	0.131	2.436	0.599	77	0.05	12000	1000	1	500	111	1	0	1	13	13	0	0	-1	-1	4298.48634349225	2
Simulation_78	2.171	0.017	0.114	0.022	1.809	0.372	78	0.05	12000	1000	1	500	111	1	0	1	0	1	1	-1	-1	-1	5658.58091785837	4
Simulation_79	1.165	0.063	0.24	0.095	0.554	0.825	79	0.05	12000	1000	1	500	111	1	0	1	1	1	0	0	-1	-1	7926.04820555126	4
Simulation_80	1.228	0.02	0.216	0.099	1.73	0.57	80	0.05	12000	1000	1	500	111	1	0	1	0	6	6	0	-1	-1	1039.35316064544	1
Simulation_81	2.234	0.066	0.091	0.026	2.985	0.118	81	0.05	12000	1000	1	500	111	1	0	1	1	1	0	0	-1	-1	5301.26941047859	3
Simulation_82	2.737	0.043	0.153	0.136	2.358	0.797	82	0.05	12000	1000	1	500	111	1	0	1	2	2	0	0	-1	-1	4063.88792337665	4
Simulation_83	1.731	0.088	0.279	0.063	1.103	0.344	83	0.05	12000	1000	1	500	111	1	0	1	73	73	0	1	0.802217036172695	73	4355.76357748533	2
Simulation_84	1.982	0.054	0.059	0.081	2.044	0.457	84	0.05	12000	1000	1	500	111	1	0	1	0	1	1	-1	-1	-1	4917.21283146445	4
Simulation_85	2.988	0.099	0.185	0.008	0.789	0.91	85	0.05	12000	1000	1	500	111	1	0	1	1	1	0	1	0.329054842473746	1	3644.93764899566	2
Simulation_86	2.485	0.032	0.248	0.117	1.417	0.231	86	0.05	12000	1000	1	500	111	1	0	1	7	7	0	1	0.0116686114352392	7	2284.7663045369	3
Simulation_87	1.479	0.077	0.122	0.045	2.672	0.683	87	0.05	12000	1000	1	500	111	1	0	1	0	1	1	-1	-1	-1	5850.61394091324	4
Simulation_88	1.354	0.037	0.295	0.017	2.828	0.74	88	0.05	12000	1000	1	500	111	1	0	1	0	1	1	-1	-1	-1	4485.95364548681	3
Simulation_89	2.36	0.082	0.169	0.09	1.574	0.287	89	0.05	12000	1000	1	500	111	1	0	1	4	4	0	1	0.76196032672112	4	2507.15650689187	3
Simulation_90	2.862	0.015	0.106	0.054	0.946	0.966	90	0.05	12000	1000	1	500	111	1	0	1	0	1	1	-1	-1	-1	4195.59684767855	2
Simulation_91	1.857	0.06	0.232	0.126	2.201	0.514	91	0.05	12000	1000	1	500	111	1	0	1	16	16	0	1	0.577596266044341	16	4664.79241743922	1
Simulation_92	1.605	0.026	0.138	0.035	0.632	0.401	92	0.05	12000	1000	1	500	111	1	0	1	10	15	5	0	-1	-1	3824.5751768708	2
Simulation_93	2.611	0.071	0.263	0.108	1.887	0.853	93	0.05	12000	1000	1	500	111	1	0	1	8	8	0	1	0.376312718786464	8	2923.81170496233	2
Simulation_94	2.108	0.049	0.2	0.072	2.515	0.174	94	0.05	12000	1000	1	500	111	1	0	1	1	1	0	0	-1	-1	3513.41688064546	2
Simulation_95	1.102	0.094	0.075	0.145	1.26	0.627	95	0.05	12000	1000	1	500	111	1	0	1	0	1	1	-1	-1	-1	5782.42783820839	3
Simulation_96	1.071	0.022	0.283	0.056	1.77	0.528	96	0.05	12000	1000	1	500	111	1	0	1	4	4	0	0	-1	-1	3402.05044170747	3
Simulation_97	2.077	0.067	0.157	0.129	0.515	0.981	97	0.05	12000	1000	1	500	111	1	0	1	1	1	0	1	0.154025670945158	1	4449.89365844511	3
Simulation_98	2.58	0.044	0.095	0.02	1.142	0.302	98	0.05	12000	1000	1	500	111	1	0	1	3	3	0	0	-1	-1	3464.94646475626	2
Simulation_99	1.574	0.09	0.22	0.092	2.397	0.754	99	0.05	12000	1000	1	500	111	1	0	1	0	1	1	-1	-1	-1	7902.24037808589	5
Simulation_100	1.825	0.033	0.126	0.074	1.456	0.641	100	0.05	12000	1000	1	500	111	1	0	1	30	33	3	0	-1	-1	2579.66459828706	3
Simulation_101	2.831	0.078	0.251	0.147	2.711	0.188	101	0.05	12000	1000	1	500	111	1	0	1	4	4	0	0	-1	-1	5062.23153364354	3
Simulation_102	2.328	0.01	0.189	0.038	2.083	0.867	102	0.05	12000	1000	1	500	111	1	0	1	17	21	4	0	-1	-1	3356.88570176958	3
Simulation_103	1.322	0.056	0.063	0.11	0.828	0.415	103	0.05	12000	1000	1	500	111	1	0	1	4	6	2	0	-1	-1	2671.05922679478	2
Simulation_104	1.448	0.05	0.236	0.138	0.672	0.358	104	0.05	12000	1000	1	500	111	1	0	1	0	1	1	-1	-1	-1	6386.40195950716	4
Simulation_105	2.454	0.095	0.11	0.065	1.926	0.811	105	0.05	12000	1000	1	500	111	1	0	1	2	2	0	0	-1	-1	4264.12515571187	2
Simulation_106	2.957	0.027	0.173	0.101	2.554	0.132	106	0.05	12000	1000	1	500	111	1	0	1	0	1	1	-1	-1	-1	6333.48170054561	4
Simulation_107	1.951	0.073	0.299	0.029	1.299	0.584	107	0.05	12000	1000	1	500	111	1	0	1	243	246	3	1	0.760210035005834	242	3426.39713954656	2
Simulation_108	1.699	0.016	0.079	0.12	2.868	0.698	108	0.05	12000	1000	1	500	111	1	0	1	0	1	1	-1	-1	-1	4014.17295839317	4
Simulation_109	2.705	0.061	0.204	0.047	1.613	0.245	109	0.05	12000	1000	1	500	111	1	0	1	2	2	0	0	-1	-1	4586.56291393011	2
Simulation_110	2.202	0.039	0.267	0.083	0.985	0.924	110	0.05	12000	1000	1	500	111	1	0	1	0	1	1	-1	-1	-1	6001.45683811936	4
Simulation_111	1.196	0.084	0.142	0.01	2.24	0.471	111	0.05	12000	1000	1	500	111	0	24	1	2418	2482	64	1	0.689031505250875	2383	2639.32896132445	3
Simulation_112	1.134	0.041	0.102	0.033	2.475	0.217	112	0.05	12000	1000	1	500	111	1	0	1	0	1	1	-1	-1	-1	6353.71655442809	4
Simulation_113	2.139	0.087	0.228	0.106	1.221	0.669	113	0.05	12000	1000	1	500	111	1	0	1	0	1	1	-1	-1	-1	7568.47448821797	5
Simulation_114	2.642	0.019	0.291	0.07	0.593	0.443	114	0.05	12000	1000	1	500	111	1	0	1	0	1	1	-1	-1	-1	5591.27776702112	2
Simulation_115	1.637	0.064	0.165	0.142	1.848	0.896	115	0.05	12000	1000	1	500	111	1	0	1	6	9	3	0	-1	-1	3430.6444995479	3
Simulation_116	1.888	0.03	0.197	0.015	0.907	0.783	116	0.05	12000	1000	1	500	111	1	0	1	0	1	1	-1	-1	-1	7613.18602268531	5
Simulation_117	2.894	0.075	0.071	0.088	2.162	0.33	117	0.05	12000	1000	1	500	111	1	0	1	0	1	1	-1	-1	-1	4842.25363161903	4
Simulation_118	2.391	0.053	0.134	0.051	2.789	0.556	118	0.05	12000	1000	1	500	111	1	0	1	0	1	1	-1	-1	-1	5296.48042657216	2
Simulation_119	1.385	0.098	0.259	0.124	1.534	0.104	119	0.05	12000	1000	1	500	111	1	0	1	1	1	0	0	-1	-1	5364.52088459127	4
Simulation_120	1.259	0.013	0.15	0.079	1.377	0.16	120	0.05	12000	1000	1	500	111	1	0	1	0	1	1	-1	-1	-1	6150.37312808226	4
Simulation_121	2.265	0.058	0.275	0.006	2.632	0.613	121	0.05	12000	1000	1	500	111	1	0	1	0	1	1	-1	-1	-1	4857.1491872245	2
Simulation_122	2.768	0.036	0.212	0.115	2.005	0.386	122	0.05	12000	1000	1	500	111	1	0	1	46	47	1	1	0.00058343057176196	1	2316.74178092533	3
Simulation_123	1.762	0.081	0.087	0.042	0.75	0.839	123	0.05	12000	1000	1	500	111	1	0	1	7	7	0	1	0.271878646441074	7	2718.11603648608	2
Simulation_124	1.511	0.047	0.244	0.097	2.319	0.952	124	0.05	12000	1000	1	500	111	1	0	1	0	1	1	-1	-1	-1	6318.31454222615	4
Simulation_125	2.517	0.092	0.118	0.024	1.064	0.5	125	0.05	12000	1000	1	500	111	1	0	1	3	3	0	0	-1	-1	5196.33664682793	4
Simulation_126	2.014	0.024	0.055	0.133	1.691	0.726	126	0.05	12000	1000	1	500	111	1	0	1	0	1	1	-1	-1	-1	4927.03659544313	3
Simulation_127	1.008	0.07	0.181	0.06	2.946	0.273	127	0.05	12000	1000	1	500	111	1	0	1	1	1	0	0	-1	-1	5078.13753477634	2
Simulation_128	1.016	0.04	0.247	0.142	1.662	0.475	128	0.05	12000	1000	1	500	111	0	118	1	2321	2321	0	1	0.682613768961494	1838	2448.23435358155	1
Simulation_129	2.022	0.085	0.121	0.069	2.917	0.928	129	0.05	12000	1000	1	500	111	1	0	1	1	1	0	0	-1	-1	2176.94029133655	3
Simulation_130	2.525	0.017	0.058	0.105	2.289	0.249	130	0.05	12000	1000	1	500	111	1	0	1	0	1	1	-1	-1	-1	5697.53164988641	4
Simulation_131	1.519	0.062	0.184	0.033	1.034	0.701	131	0.05	12000	1000	1	500	111	1	0	1	0	1	1	-1	-1	-1	6345.70293694516	4
Simulation_132	1.77	0.028	0.152	0.124	1.975	0.588	132	0.05	12000	1000	1	500	111	1	0	1	0	1	1	-1	-1	-1	5699.75221566373	5
Simulation_133	2.776	0.074	0.278	0.051	0.721	0.135	133	0.05	12000	1000	1	500	111	1	0	1	10	10	0	0	-1	-1	4771.14130478315	2
Simulation_134	2.273	0.051	0.215	0.087	1.348	0.814	134	0.05	12000	1000	1	500	111	1	0	1	8	8	0	0	-1	-1	4708.1979613225	4
Simulation_135	1.267	0.096	0.09	0.014	2.603	0.362	135	0.05	12000	1000	1	500	111	1	0	1	2	5	3	0	-1	-1	4907.93002319331	2
Simulation_136	1.393	0.011	0.2	0.042	2.76	0.418	136	0.05	12000	1000	1	500	111	1	0	1	0	1	1	-1	-1	-1	4146.43091511159	4
Simulation_137	2.399	0.057	0.074	0.114	1.505	0.871	137	0.05	12000	1000	1	500	111	1	0	1	5	6	1	1	0.315052508751459	5	2131.88792348267	3
Simulation_138	2.902	0.034	0.137	0.005	0.877	0.192	138	0.05	12000	1000	1	500	111	1	0	1	8	8	0	0	-1	-1	2890.03769595014	1
Simulation_139	1.896	0.079	0.262	0.078	2.132	0.645	139	0.05	12000	1000	1	500	111	1	0	1	4	4	0	0	-1	-1	3824.5751768708	4
Simulation_140	1.644	0.045	0.105	0.06	0.564	0.758	140	0.05	12000	1000	1	500	111	1	0	1	5	5	0	1	0.0915985997666278	5	4615.30881596394	3
Simulation_141	2.65	0.091	0.231	0.133	1.819	0.305	141	0.05	12000	1000	1	500	111	1	0	1	1	1	0	1	0.792298716452742	1	2844.46299406568	2
Simulation_142	2.147	0.023	0.294	0.023	2.446	0.984	142	0.05	12000	1000	1	500	111	1	0	1	0	1	1	-1	-1	-1	5869.27422211534	4
Simulation_143	1.141	0.068	0.168	0.096	1.191	0.531	143	0.05	12000	1000	1	500	111	0	75	1	1553	1553	0	1	0.819719953325554	1553	3569.08169033849	2
Simulation_144	1.204	0.026	0.066	0.092	1.113	0.277	144	0.05	12000	1000	1	500	111	1	0	1	0	1	1	-1	-1	-1	4704.44828943885	2
Simulation_145	2.21	0.071	0.192	0.019	2.368	0.729	145	0.05	12000	1000	1	500	111	1	0	1	4	8	4	0	-1	-1	5313.16096319049	4
Simulation_146	2.713	0.048	0.254	0.128	2.995	0.503	146	0.05	12000	1000	1	500	111	1	0	1	4	4	0	1	0.566511085180863	4	3628.7631689924	2
Simulation_147	1.707	0.093	0.129	0.055	1.74	0.956	147	0.05	12000	1000	1	500	111	1	0	1	4	4	0	1	0.827887981330222	4	1757.67242040909	1
Simulation_148	1.959	0.037	0.223	0.11	2.681	0.843	148	0.05	12000	1000	1	500	111	1	0	1	0	1	1	-1	-1	-1	7815.3578790485	4
Simulation_149	2.965	0.082	0.098	0.037	1.426	0.39	149	0.05	12000	1000	1	500	111	1	0	1	5	6	1	1	0.701283547257876	5	1619.51859837764	1
Simulation_150	2.462	0.014	0.16	0.146	0.799	0.616	150	0.05	12000	1000	1	500	111	1	0	1	0	1	1	-1	-1	-1	6201.27327014718	4
Simulation_151	1.456	0.06	0.286	0.074	2.054	0.164	151	0.05	12000	1000	1	500	111	1	0	1	16	16	0	1	0.679113185530922	10	1664.48807336653	1
Simulation_152	1.33	0.054	0.113	0.028	2.211	0.107	152	0.05	12000	1000	1	500	111	1	0	1	0	1	1	-1	-1	-1	6715.46636153806	4
Simulation_153	2.336	0.099	0.239	0.101	0.956	0.56	153	0.05	12000	1000	1	500	111	1	0	1	0	1	1	-1	-1	-1	5852.88310628805	3
Simulation_154	2.839	0.031	0.176	0.064	1.583	0.333	154	0.05	12000	1000	1	500	111	1	0	1	0	1	1	-1	-1	-1	5151.03977385101	2
Simulation_155	1.833	0.076	0.05	0.137	2.838	0.786	155	0.05	12000	1000	1	500	111	1	0	1	21	24	3	0	-1	-1	3575.08075462478	3
Simulation_156	1.582	0.02	0.27	0.01	1.27	0.899	156	0.05	12000	1000	1	500	111	1	0	1	0	1	1	-1	-1	-1	6068.74072134119	4
Simulation_157	2.587	0.065	0.145	0.083	2.525	0.447	157	0.05	12000	1000	1	500	111	1	0	1	0	1	1	-1	-1	-1	6072.18508566955	4
Simulation_158	2.084	0.043	0.082	0.046	1.897	0.673	158	0.05	12000	1000	1	500	111	1	0	1	0	1	1	-1	-1	-1	4816.53049233659	4
Simulation_159	1.079	0.088	0.207	0.119	0.642	0.22	159	0.05	12000	1000	1	500	111	1	0	1	0	1	1	-1	-1	-1	6591.42333663245	4
Simulation_160	1.11	0.016	0.133	0.062	2.407	0.828	160	0.05	12000	1000	1	500	111	1	0	1	0	1	1	-1	-1	-1	5418.41292048528	4
Simulation_161	2.116	0.061	0.258	0.135	1.152	0.376	161	0.05	12000	1000	1	500	111	1	0	1	0	1	1	-1	-1	-1	7168.1894769318	4
Simulation_162	2.619	0.038	0.196	0.026	0.525	0.602	162	0.05	12000	1000	1	500	111	1	0	1	1	1	0	1	0.180863477246208	1	3267.99321259567	2
Simulation_163	1.613	0.084	0.07	0.099	1.779	0.15	163	0.05	12000	1000	1	500	111	1	0	1	1	1	0	0	-1	-1	5551.92663877178	4
Simulation_164	1.864	0.05	0.29	0.044	0.838	0.263	164	0.05	12000	1000	1	500	111	1	0	1	0	1	1	-1	-1	-1	5133.81696862347	2
Simulation_165	2.87	0.095	0.164	0.117	2.093	0.715	165	0.05	12000	1000	1	500	111	1	0	1	2	2	0	0	-1	-1	7693.39973588069	4
Simulation_166	2.367	0.027	0.101	0.008	2.721	0.489	166	0.05	12000	1000	1	500	111	1	0	1	5	5	0	0	-1	-1	3063.33769289286	2
Simulation_167	1.361	0.072	0.227	0.08	1.466	0.942	167	0.05	12000	1000	1	500	111	1	0	1	13	13	0	0	-1	-1	4606.03076159417	4
Simulation_168	1.487	0.033	0.054	0.126	1.309	0.998	168	0.05	12000	1000	1	500	111	1	0	1	0	1	1	-1	-1	-1	6257.63227088988	4
Simulation_169	2.493	0.078	0.18	0.053	2.564	0.546	169	0.05	12000	1000	1	500	111	1	0	1	202	209	7	0	-1	-1	3872.60494060879	4
Simulation_170	2.996	0.01	0.243	0.089	1.936	0.772	170	0.05	12000	1000	1	500	111	1	0	1	0	1	1	-1	-1	-1	5672.19341474425	4
Simulation_171	1.99	0.055	0.117	0.017	0.681	0.319	171	0.05	12000	1000	1	500	111	1	0	1	7	7	0	0	-1	-1	2522.20315519876	2
Simulation_172	1.739	0.021	0.211	0.144	2.25	0.206	172	0.05	12000	1000	1	500	111	1	0	1	1	1	0	0	-1	-1	3353.6746683221	3
Simulation_173	2.745	0.067	0.086	0.071	0.995	0.659	173	0.05	12000	1000	1	500	111	1	0	1	6	6	0	0	-1	-1	4092.50713703774	2
Simulation_174	2.242	0.044	0.149	0.108	1.623	0.432	174	0.05	12000	1000	1	500	111	1	0	1	0	1	1	-1	-1	-1	4203.95719164802	4
Simulation_175	1.236	0.089	0.274	0.035	2.877	0.885	175	0.05	12000	1000	1	500	111	1	0	1	1188	1196	8	1	0.279463243873979	1161	2616.93302176316	2
Simulation_176	1.173	0.047	0.188	0.012	1.858	0.63	176	0.05	12000	1000	1	500	111	1	0	1	0	1	1	-1	-1	-1	5869.05437363622	4
Simulation_177	2.179	0.092	0.062	0.085	0.603	0.178	177	0.05	12000	1000	1	500	111	1	0	1	126	127	1	1	0.799299883313886	125	2435.37423066528	1
Simulation_178	2.682	0.024	0.125	0.048	1.23	0.857	178	0.05	12000	1000	1	500	111	1	0	1	0	1	1	-1	-1	-1	4645.64126494622	4
Simulation_179	1.676	0.069	0.25	0.121	2.485	0.404	179	0.05	12000	1000	1	500	111	1	0	1	6	6	0	1	0.395565927654609	6	2683.12229750809	3
Simulation_180	1.927	0.013	0.094	0.03	1.544	0.517	180	0.05	12000	1000	1	500	111	1	0	1	0	1	1	-1	-1	-1	3647.42472943693	2
Simulation_181	2.933	0.058	0.219	0.103	2.799	0.97	181	0.05	12000	1000	1	500	111	1	0	1	0	1	1	-1	-1	-1	5865.93962483521	4
Simulation_182	2.43	0.035	0.282	0.067	2.172	0.291	182	0.05	12000	1000	1	500	111	1	0	1	0	1	1	-1	-1	-1	5850.52155572914	4
Simulation_183	1.424	0.081	0.156	0.139	0.917	0.744	183	0.05	12000	1000	1	500	111	1	0	1	1	1	0	0	-1	-1	5393.03525294473	4
Simulation_184	1.299	0.03	0.266	0.112	0.76	0.687	184	0.05	12000	1000	1	500	111	1	0	1	3	3	0	0	-1	-1	6210.01819025489	4
Simulation_185	2.305	0.075	0.141	0.039	2.015	0.234	185	0.05	12000	1000	1	500	111	1	0	1	2	2	0	1	0.73220536756126	2	3224.03111010071	3
Simulation_186	2.807	0.052	0.078	0.149	2.642	0.913	186	0.05	12000	1000	1	500	111	1	0	1	3	3	0	0	-1	-1	3213.37093903825	3
Simulation_187	1.802	0.098	0.203	0.076	1.387	0.461	187	0.05	12000	1000	1	500	111	1	0	1	27	27	0	1	0.781796966161027	27	4760.60104585795	1
Simulation_188	1.55	0.041	0.172	0.094	2.956	0.348	188	0.05	12000	1000	1	500	111	1	0	1	0	1	1	-1	-1	-1	6663.63824808416	4
Simulation_189	2.556	0.086	0.298	0.021	1.701	0.8	189	0.05	12000	1000	1	500	111	1	0	1	2	2	0	0	-1	-1	3753.41737034906	2
Simulation_190	2.053	0.018	0.235	0.13	1.074	0.121	190	0.05	12000	1000	1	500	111	1	0	1	0	1	1	-1	-1	-1	5366.02912300653	4
Simulation_191	1.047	0.064	0.109	0.058	2.328	0.574	191	0.05	12000	1000	1	500	111	0	19	1	1343	1411	68	1	0.743873978996499	1339	1558.43954224841	1
Simulation_192	1.031	0.028	0.233	0.041	1.132	0.737	192	0.05	12000	1000	1	500	111	1	0	1	0	1	1	-1	-1	-1	5685.36509980047	3
Simulation_193	2.037	0.073	0.107	0.113	2.387	0.284	193	0.05	12000	1000	1	500	111	1	0	1	1	1	0	0	-1	-1	3872.60494060879	4
Simulation_194	2.54	0.05	0.17	0.077	1.76	0.963	194	0.05	12000	1000	1	500	111	1	0	1	0	1	1	-1	-1	-1	6732.57035163626	4
Simulation_195	1.534	0.096	0.296	0.15	0.505	0.51	195	0.05	12000	1000	1	500	111	1	0	1	1	1	0	1	0.337806301050175	1	3872.60494060879	3
Simulation_196	1.786	0.039	0.076	0.022	2.074	0.397	196	0.05	12000	1000	1	500	111	1	0	1	0	1	1	-1	-1	-1	3648.66585188855	2
Simulation_197	2.792	0.084	0.201	0.095	0.819	0.85	197	0.05	12000	1000	1	500	111	1	0	1	1	1	0	1	0.763710618436406	1	3894.3448430097	2
Simulation_198	2.289	0.016	0.264	0.059	1.446	0.171	198	0.05	12000	1000	1	500	111	1	0	1	0	1	1	-1	-1	-1	4670.52110620269	2
Simulation_199	1.283	0.062	0.139	0.132	2.701	0.623	199	0.05	12000	1000	1	500	111	1	0	1	21	23	2	0	-1	-1	2616.93302176316	2
Simulation_200	1.409	0.045	0.28	0.086	2.544	0.567	200	0.05	12000	1000	1	500	111	1	0	1	0	1	1	-1	-1	-1	5151.08237216938	4
Simulation_201	2.415	0.09	0.154	0.013	1.289	0.114	201	0.05	12000	1000	1	500	111	1	0	1	0	1	1	-1	-1	-1	5883.64697080712	4
Simulation_202	2.917	0.022	0.092	0.122	0.662	0.793	202	0.05	12000	1000	1	500	111	1	0	1	1	1	0	0	-1	-1	5489.29423465978	4
Simulation_203	1.912	0.067	0.217	0.05	1.917	0.34	203	0.05	12000	1000	1	500	111	1	0	1	0	1	1	-1	-1	-1	4739.04776808766	4
Simulation_204	1.66	0.011	0.123	0.104	0.975	0.454	204	0.05	12000	1000	1	500	111	1	0	1	0	1	1	-1	-1	-1	4503.69531016241	2
Simulation_205	2.666	0.056	0.249	0.031	2.23	0.906	205	0.05	12000	1000	1	500	111	1	0	1	0	1	1	-1	-1	-1	5584.94781851817	2
Simulation_206	2.163	0.033	0.186	0.141	2.858	0.227	206	0.05	12000	1000	1	500	111	1	0	1	0	1	1	-1	-1	-1	5372.48142612303	2
Simulation_207	1.157	0.079	0.06	0.068	1.603	0.68	207	0.05	12000	1000	1	500	111	0	66	1	1739	1746	7	1	0.769544924154026	1263	1682.25849232411	1
Simulation_208	1.22	0.036	0.147	0.054	0.583	0.935	208	0.05	12000	1000	1	500	111	1	0	1	1	1	0	1	0.142357059509918	1	3210.43318487002	2
Simulation_209	2.226	0.081	0.272	0.127	1.838	0.482	209	0.05	12000	1000	1	500	111	1	0	1	9	9	0	1	0.763127187864644	9	3937.76170486617	2
Simulation_210	2.729	0.014	0.209	0.018	2.466	0.708	210	0.05	12000	1000	1	500	111	1	0	1	0	1	1	-1	-1	-1	5661.95077143406	4
Simulation_211	1.723	0.059	0.084	0.091	1.211	0.256	211	0.05	12000	1000	1	500	111	1	0	1	0	1	1	-1	-1	-1	5267.81306868873	4
Simulation_212	1.974	0.025	0.241	0.072	2.779	0.142	212	0.05	12000	1000	1	500	111	1	0	1	16	16	0	1	0.00116686114352392	6	1635.240861546	1
Simulation_213	2.98	0.07	0.115	0.145	1.525	0.595	213	0.05	12000	1000	1	500	111	1	0	1	47	48	1	1	0.736872812135356	46	2475.31011661104	3
Simulation_214	2.477	0.047	0.052	0.036	0.897	0.369	214	0.05	12000	1000	1	500	111	1	0	1	198	201	3	1	0.203033838973162	190	2419.47246806205	2
Simulation_215	1.472	0.093	0.178	0.109	2.152	0.821	215	0.05	12000	1000	1	500	111	1	0	1	33	33	0	1	0.400816802800467	29	3641.31294421125	3
Simulation_216	1.346	0.019	0.1	0.136	1.995	0.878	216	0.05	12000	1000	1	500	111	1	0	1	0	1	1	-1	-1	-1	4309.52046550428	3
Simulation_217	2.352	0.064	0.225	0.063	0.74	0.425	217	0.05	12000	1000	1	500	111	1	0	1	3	3	0	0	-1	-1	2176.94029133655	3
Simulation_218	2.855	0.042	0.288	0.1	1.368	0.652	218	0.05	12000	1000	1	500	111	1	0	1	16	16	0	1	0.542590431738623	16	2173.57120335942	3
Simulation_219	1.849	0.087	0.162	0.027	2.623	0.199	219	0.05	12000	1000	1	500	111	1	0	1	4	4	0	1	0.768378063010502	4	2062.37610218194	1
Simulation_220	1.597	0.053	0.194	0.118	1.681	0.312	220	0.05	12000	1000	1	500	111	1	0	1	24	24	0	0	-1	-1	3904.43543601787	2
Simulation_221	2.603	0.098	0.068	0.045	2.936	0.765	221	0.05	12000	1000	1	500	111	1	0	1	0	1	1	-1	-1	-1	5088.10205885482	2
Simulation_222	2.1	0.031	0.131	0.081	2.309	0.539	222	0.05	12000	1000	1	500	111	1	0	1	0	1	1	-1	-1	-1	5275.89920717669	3
Simulation_223	1.094	0.076	0.256	0.009	1.054	0.991	223	0.05	12000	1000	1	500	111	1	0	1	0	1	1	-1	-1	-1	5614.36213515407	4
Simulation_224	1.063	0.052	0.088	0.102	2.897	0.157	224	0.05	12000	1000	1	500	111	1	0	1	0	1	1	-1	-1	-1	5326.10874225969	2
Simulation_225	2.069	0.097	0.213	0.029	1.642	0.609	225	0.05	12000	1000	1	500	111	1	0	1	0	1	1	-1	-1	-1	6280.95369171872	4
Simulation_226	2.572	0.029	0.276	0.138	1.015	0.383	226	0.05	12000	1000	1	500	111	1	0	1	24	24	0	0	-1	-1	4859.35789477442	4
Simulation_227	1.566	0.074	0.15	0.066	2.27	0.836	227	0.05	12000	1000	1	500	111	1	0	1	0	1	1	-1	-1	-1	4397.4732269091	4
Simulation_228	1.817	0.018	0.182	0.084	0.701	0.949	228	0.05	12000	1000	1	500	111	1	0	1	0	1	1	-1	-1	-1	5273.51911480716	4
Simulation_229	2.823	0.063	0.056	0.011	1.956	0.496	229	0.05	12000	1000	1	500	111	1	0	1	10	10	0	1	0.697199533255543	10	2194.73072895713	1
Simulation_230	2.32	0.04	0.119	0.12	2.583	0.722	230	0.05	12000	1000	1	500	111	1	0	1	89	89	0	1	0.00116686114352392	1	2194.73072895713	1
Simulation_231	1.314	0.086	0.245	0.047	1.328	0.27	231	0.05	12000	1000	1	500	111	1	0	1	0	1	1	-1	-1	-1	4949.63040780467	4
Simulation_232	1.44	0.023	0.166	0.02	1.485	0.213	232	0.05	12000	1000	1	500	111	1	0	1	0	1	1	-1	-1	-1	5197.63024273142	4
Simulation_233	2.446	0.069	0.292	0.093	2.74	0.666	233	0.05	12000	1000	1	500	111	1	0	1	14	16	2	0	-1	-1	5256.33477927336	2
Simulation_234	2.949	0.046	0.229	0.056	2.113	0.439	234	0.05	12000	1000	1	500	111	1	0	1	16	16	0	1	0.00058343057176196	1	3062.8825878134	2
Simulation_235	1.943	0.091	0.103	0.129	0.858	0.892	235	0.05	12000	1000	1	500	111	1	0	1	28	29	1	1	0.26196032672112	24	5215.468977477	3
Simulation_236	1.692	0.035	0.26	0.038	1.799	0.779	236	0.05	12000	1000	1	500	111	1	0	1	0	1	1	-1	-1	-1	5035.79107475695	3
Simulation_237	2.697	0.08	0.135	0.111	0.544	0.326	237	0.05	12000	1000	1	500	111	1	0	1	0	1	1	-1	-1	-1	5491.09774121206	4
Simulation_238	2.194	0.012	0.072	0.075	1.172	0.553	238	0.05	12000	1000	1	500	111	1	0	1	0	1	1	-1	-1	-1	5118.57742520554	4
Simulation_239	1.189	0.057	0.198	0.147	2.426	0.1	239	0.05	12000	1000	1	500	111	1	0	1	33	35	2	1	0.335472578763127	33	2964.25159539152	2
Simulation_240	1.126	0.015	0.3	0.116	2.348	0.355	240	0.05	12000	1000	1	500	111	1	0	1	0	1	1	-1	-1	-1	7297.01490370235	4
Simulation_241	2.132	0.06	0.174	0.043	1.093	0.807	241	0.05	12000	1000	1	500	111	1	0	1	2	2	0	0	-1	-1	5035.79107475695	3
Simulation_242	2.635	0.038	0.111	0.079	1.721	0.128	242	0.05	12000	1000	1	500	111	1	0	1	137	139	2	1	0.148191365227538	119	2665.81625711002	2
Simulation_243	1.629	0.083	0.237	0.006	2.975	0.581	243	0.05	12000	1000	1	500	111	1	0	1	12	12	0	1	0.770128354725788	8	4738.2537017771	3
Simulation_244	1.88	0.049	0.143	0.134	1.407	0.694	244	0.05	12000	1000	1	500	111	1	0	1	1	1	0	0	-1	-1	4018.69720531727	3
Simulation_245	2.886	0.094	0.268	0.061	2.662	0.241	245	0.05	12000	1000	1	500	111	1	0	1	0	1	1	-1	-1	-1	6309.86081399374	4
Simulation_246	2.383	0.026	0.205	0.097	2.034	0.92	246	0.05	12000	1000	1	500	111	1	0	1	14	14	0	0	-1	-1	8286.17749138036	4
Simulation_247	1.377	0.072	0.08	0.025	0.779	0.468	247	0.05	12000	1000	1	500	111	1	0	1	2	2	0	1	0.484247374562427	2	1146.50404925855	1
Simulation_248	1.251	0.043	0.221	0.07	0.936	0.524	248	0.05	12000	1000	1	500	111	1	0	1	6	6	0	0	-1	-1	3497.8590701262	3
Simulation_249	2.257	0.089	0.096	0.143	2.191	0.977	249	0.05	12000	1000	1	500	111	1	0	1	2	2	0	1	0.487164527421237	2	3135.56022446859	3
Simulation_250	2.76	0.021	0.158	0.034	2.819	0.298	250	0.05	12000	1000	1	500	111	1	0	1	0	1	1	-1	-1	-1	5375.80225639223	4
Simulation_251	1.754	0.066	0.284	0.106	1.564	0.751	251	0.05	12000	1000	1	500	111	1	0	1	29	29	0	1	0.723453908984831	29	2695.53407604859	3
Simulation_252	1.503	0.032	0.064	0.052	2.505	0.638	252	0.05	12000	1000	1	500	111	1	0	1	0	1	1	-1	-1	-1	4921.60635590046	4
Simulation_253	2.509	0.077	0.19	0.125	1.25	0.185	253	0.05	12000	1000	1	500	111	1	0	1	2	2	0	0	-1	-1	1770.53660448465	3
Simulation_254	2.006	0.055	0.252	0.016	0.623	0.864	254	0.05	12000	1000	1	500	111	1	0	1	1	1	0	1	0.21120186697783	1	2844.46299406568	2
Simulation_255	1	0.1	0.127	0.088	1.877	0.411	255	0.05	12000	1000	1	500	111	0	58	1	3033	3178	145	1	0.594515752625438	2892	3546.50386339736	3
Simulation_256	1.004	0.055	0.214	0.046	2.588	0.979	256	0.05	12000	1000	1	500	111	0	81	1	1576	1581	5	1	0.768961493582264	1410	1261.5992817761	1
Simulation_257	2.01	0.1	0.088	0.119	1.333	0.526	257	0.05	12000	1000	1	500	111	1	0	1	0	1	1	-1	-1	-1	5520.57528721111	4
Simulation_258	2.513	0.032	0.151	0.01	0.706	0.752	258	0.05	12000	1000	1	500	111	1	0	1	0	1	1	-1	-1	-1	5644.26837712262	4
Simulation_259	1.507	0.077	0.276	0.082	1.961	0.3	259	0.05	12000	1000	1	500	111	1	0	1	48	48	0	1	0.697782963827305	24	3933.09309433022	2
Simulation_260	1.758	0.021	0.057	0.064	1.02	0.187	260	0.05	12000	1000	1	500	111	1	0	1	0	1	1	-1	-1	-1	3980.99331143716	2
Simulation_261	2.764	0.066	0.182	0.137	2.275	0.639	261	0.05	12000	1000	1	500	111	1	0	1	19	20	1	1	0.250291715285881	17	3014.34680820634	2
Simulation_262	2.261	0.043	0.245	0.028	2.902	0.413	262	0.05	12000	1000	1	500	111	1	0	1	16	17	1	0	-1	-1	4312.32941758579	2
Simulation_263	1.255	0.089	0.12	0.101	1.647	0.866	263	0.05	12000	1000	1	500	111	1	0	1	0	1	1	-1	-1	-1	5081.43443417039	4
Simulation_264	1.381	0.026	0.292	0.146	1.176	0.809	264	0.05	12000	1000	1	500	111	1	0	1	0	1	1	-1	-1	-1	5116.18989388541	4
Simulation_265	2.387	0.072	0.167	0.073	2.431	0.356	265	0.05	12000	1000	1	500	111	1	0	1	31	32	1	1	0.274795799299883	28	1982.63366672089	3
Simulation_266	2.89	0.049	0.104	0.11	1.804	0.583	266	0.05	12000	1000	1	500	111	1	0	1	9	9	0	0	-1	-1	3497.8590701262	3
Simulation_267	1.884	0.094	0.229	0.037	0.549	0.13	267	0.05	12000	1000	1	500	111	1	0	1	0	1	1	-1	-1	-1	6301.65120513653	4
Simulation_268	1.633	0.038	0.135	0.128	2.118	0.243	268	0.05	12000	1000	1	500	111	1	0	1	4	4	0	0	-1	-1	5313.16096319049	4
Simulation_269	2.639	0.083	0.261	0.055	0.863	0.696	269	0.05	12000	1000	1	500	111	1	0	1	9	9	0	1	0.288214702450408	7	3063.33769289286	3
Simulation_270	2.136	0.015	0.198	0.091	1.49	0.47	270	0.05	12000	1000	1	500	111	1	0	1	0	1	1	-1	-1	-1	2695.53407604859	2
Simulation_271	1.13	0.06	0.073	0.019	2.745	0.922	271	0.05	12000	1000	1	500	111	1	0	1	37	44	7	0	-1	-1	4356.39413807168	4
Simulation_272	1.193	0.012	0.175	0.023	2.039	0.668	272	0.05	12000	1000	1	500	111	1	0	1	0	1	1	-1	-1	-1	5066.52940654678	4
Simulation_273	2.198	0.058	0.3	0.096	0.784	0.215	273	0.05	12000	1000	1	500	111	1	0	1	49	50	1	0	-1	-1	4356.39413807168	4
Simulation_274	2.701	0.035	0.237	0.06	1.412	0.894	274	0.05	12000	1000	1	500	111	1	0	1	0	1	1	-1	-1	-1	5935.92733825037	4
Simulation_275	1.695	0.08	0.112	0.132	2.667	0.441	275	0.05	12000	1000	1	500	111	1	0	1	8	8	0	1	0.754959159859977	8	2214.01109378862	1
Simulation_276	1.947	0.046	0.269	0.005	1.725	0.328	276	0.05	12000	1000	1	500	111	1	0	1	0	1	1	-1	-1	-1	7693.663607467	5
Simulation_277	2.953	0.092	0.143	0.078	2.98	0.781	277	0.05	12000	1000	1	500	111	1	0	1	0	1	1	-1	-1	-1	6631.14061933246	4
Simulation_278	2.45	0.024	0.08	0.041	2.353	0.102	278	0.05	12000	1000	1	500	111	1	0	1	15	16	1	0	-1	-1	2656.66292715628	3
Simulation_279	1.444	0.069	0.206	0.114	1.098	0.554	279	0.05	12000	1000	1	500	111	1	0	1	1	3	2	0	-1	-1	4041.26773790882	4
Simulation_280	1.318	0.041	0.096	0.087	0.627	0.611	280	0.05	12000	1000	1	500	111	1	0	1	1	1	0	0	-1	-1	5527.62556210169	4
Simulation_281	2.324	0.086	0.222	0.014	1.882	0.158	281	0.05	12000	1000	1	500	111	1	0	1	2	2	0	0	-1	-1	4947.67445719419	3
Simulation_282	2.827	0.018	0.284	0.123	2.51	0.837	282	0.05	12000	1000	1	500	111	1	0	1	59	59	0	0	-1	-1	4931.75392782851	3
Simulation_283	1.821	0.063	0.159	0.05	1.255	0.385	283	0.05	12000	1000	1	500	111	1	0	1	0	1	1	-1	-1	-1	5336.99237076006	4
Simulation_284	1.57	0.029	0.19	0.105	2.824	0.498	284	0.05	12000	1000	1	500	111	1	0	1	1	1	0	1	0.00058343057176196	1	2014.40978101725	1
Simulation_285	2.576	0.075	0.065	0.032	1.569	0.95	285	0.05	12000	1000	1	500	111	1	0	1	0	1	1	-1	-1	-1	5561.6494513336	2
Simulation_286	2.073	0.052	0.127	0.141	0.941	0.272	286	0.05	12000	1000	1	500	111	1	0	1	0	1	1	-1	-1	-1	4219.36890656524	4
Simulation_287	1.067	0.097	0.253	0.069	2.196	0.724	287	0.05	12000	1000	1	500	111	1	0	1	0	1	1	-1	-1	-1	6153.55734404844	4
Simulation_288	1.098	0.031	0.108	0.13	1.451	0.427	288	0.05	12000	1000	1	500	111	0	205	1	1789	1804	15	0	-1	-1	5393.307716133	3
Simulation_289	2.104	0.076	0.233	0.057	2.706	0.88	289	0.05	12000	1000	1	500	111	1	0	1	0	1	1	-1	-1	-1	5722.20555043624	4
Simulation_290	2.607	0.053	0.296	0.094	2.078	0.201	290	0.05	12000	1000	1	500	111	1	0	1	0	1	1	-1	-1	-1	4466.20248222878	4
Simulation_291	1.601	0.099	0.171	0.021	0.824	0.653	291	0.05	12000	1000	1	500	111	1	0	1	41	41	0	1	0.00058343057176196	7	3267.99321259567	3
Simulation_292	1.853	0.042	0.202	0.148	1.765	0.767	292	0.05	12000	1000	1	500	111	1	0	1	124	127	3	1	0.624270711785298	70	1939.36644318789	1
Simulation_293	2.859	0.087	0.076	0.076	0.51	0.314	293	0.05	12000	1000	1	500	111	1	0	1	1	1	0	1	0.789964994165694	1	4034.54069667591	2
Simulation_294	2.356	0.019	0.139	0.112	1.137	0.993	294	0.05	12000	1000	1	500	111	1	0	1	0	1	1	-1	-1	-1	5873.11574540646	4
Simulation_295	1.35	0.065	0.265	0.039	2.392	0.54	295	0.05	12000	1000	1	500	111	1	0	1	0	1	1	-1	-1	-1	7613.18602268531	5
Simulation_296	1.475	0.048	0.155	0.066	2.863	0.484	296	0.05	12000	1000	1	500	111	1	0	1	0	1	1	-1	-1	-1	5088.10205885482	2
Simulation_297	2.481	0.093	0.28	0.139	1.608	0.936	297	0.05	12000	1000	1	500	111	1	0	1	5	5	0	0	-1	-1	3541.15357138862	3
Simulation_298	2.984	0.025	0.218	0.03	0.98	0.257	298	0.05	12000	1000	1	500	111	1	0	1	0	1	1	-1	-1	-1	6353.66543237728	4
Simulation_299	1.978	0.07	0.092	0.103	2.235	0.71	299	0.05	12000	1000	1	500	111	1	0	1	34	34	0	0	-1	-1	6118.05213104948	4
Simulation_300	1.727	0.014	0.249	0.048	0.667	0.597	300	0.05	12000	1000	1	500	111	1	0	1	0	1	1	-1	-1	-1	2993.49539517116	1
Simulation_301	2.733	0.059	0.124	0.121	1.922	0.144	301	0.05	12000	1000	1	500	111	1	0	1	0	1	1	-1	-1	-1	5608.7025932843	4
Simulation_302	2.23	0.036	0.061	0.012	2.549	0.823	302	0.05	12000	1000	1	500	111	1	0	1	0	1	1	-1	-1	-1	7080.40078792239	4
Simulation_303	1.224	0.082	0.186	0.085	1.294	0.371	303	0.05	12000	1000	1	500	111	1	0	1	12	15	3	0	-1	-1	7793.60998526048	5
Simulation_304	1.161	0.034	0.273	0.107	0.902	0.116	304	0.05	12000	1000	1	500	111	1	0	1	0	1	1	-1	-1	-1	4428.82234976098	4
Simulation_305	2.167	0.079	0.147	0.035	2.157	0.569	305	0.05	12000	1000	1	500	111	1	0	1	0	1	1	-1	-1	-1	6240.17106894252	4
Simulation_306	2.67	0.011	0.084	0.144	2.784	0.342	306	0.05	12000	1000	1	500	111	1	0	1	0	1	1	-1	-1	-1	5393.307716133	4
Simulation_307	1.664	0.056	0.21	0.071	1.529	0.795	307	0.05	12000	1000	1	500	111	1	0	1	0	1	1	-1	-1	-1	6158.13386792219	4
Simulation_308	1.916	0.022	0.116	0.089	2.471	0.908	308	0.05	12000	1000	1	500	111	1	0	1	0	1	1	-1	-1	-1	3861.10299776043	2
Simulation_309	2.921	0.067	0.241	0.016	1.216	0.455	309	0.05	12000	1000	1	500	111	1	0	1	91	91	0	1	0.718786464410735	91	1910.25658429938	1
Simulation_310	2.418	0.045	0.178	0.126	0.588	0.682	310	0.05	12000	1000	1	500	111	1	0	1	1	1	0	1	0.191948658109685	1	2844.46299406568	2
Simulation_311	1.413	0.09	0.053	0.053	1.843	0.229	311	0.05	12000	1000	1	500	111	1	0	1	1	1	0	0	-1	-1	5313.16096319049	2
Simulation_312	1.287	0.017	0.225	0.007	2.314	0.286	312	0.05	12000	1000	1	500	111	1	0	1	0	1	1	-1	-1	-1	8151.94329013578	4
Simulation_313	2.293	0.062	0.1	0.08	1.059	0.738	313	0.05	12000	1000	1	500	111	1	0	1	5	5	0	1	0.622520420070012	5	4515.86349942213	3
Simulation_314	2.796	0.039	0.163	0.044	1.686	0.512	314	0.05	12000	1000	1	500	111	1	0	1	22	22	0	0	-1	-1	3213.37093903825	3
Simulation_315	1.79	0.084	0.288	0.116	2.941	0.965	315	0.05	12000	1000	1	500	111	1	0	1	1	2	1	0	-1	-1	5080.43351587678	3
Simulation_316	1.538	0.05	0.069	0.025	1.373	0.851	316	0.05	12000	1000	1	500	111	1	0	1	0	1	1	-1	-1	-1	7579.39355804248	5
Simulation_317	2.544	0.096	0.194	0.098	2.627	0.399	317	0.05	12000	1000	1	500	111	1	0	1	1	1	0	1	0.750875145857643	1	3556.03754992278	2
Simulation_318	2.041	0.028	0.257	0.062	2	0.625	318	0.05	12000	1000	1	500	111	1	0	1	13	13	0	0	-1	-1	3245.48492047852	3
Simulation_319	1.035	0.073	0.131	0.135	0.745	0.172	319	0.05	12000	1000	1	500	111	0	42	1	2821	2848	27	1	0.599766627771295	2725	2964.25159539152	2
Simulation_320	1.051	0.019	0.259	0.081	2.725	0.236	320	0.05	12000	1000	1	500	111	1	0	1	0	1	1	-1	-1	-1	6173.46660020883	4
Simulation_321	2.057	0.064	0.133	0.008	1.471	0.689	321	0.05	12000	1000	1	500	111	1	0	1	18	18	0	0	-1	-1	4074.00270342228	4
Simulation_322	2.56	0.041	0.071	0.118	0.843	0.462	322	0.05	12000	1000	1	500	111	1	0	1	0	1	1	-1	-1	-1	6688.66145912769	4
Simulation_323	1.554	0.087	0.196	0.045	2.098	0.915	323	0.05	12000	1000	1	500	111	1	0	1	0	1	1	-1	-1	-1	5216.82296364839	4
Simulation_324	1.806	0.053	0.165	0.099	0.529	0.802	324	0.05	12000	1000	1	500	111	1	0	1	11	11	0	1	0.107351225204201	10	4337.89916844314	2
Simulation_325	2.811	0.098	0.29	0.027	1.784	0.349	325	0.05	12000	1000	1	500	111	1	0	1	45	45	0	1	0.00058343057176196	1	4633.51079819718	2
Simulation_326	2.308	0.03	0.227	0.136	2.412	0.576	326	0.05	12000	1000	1	500	111	1	0	1	56	67	11	0	-1	-1	4461.20599062097	4
Simulation_327	1.303	0.075	0.102	0.063	1.157	0.123	327	0.05	12000	1000	1	500	111	1	0	1	0	1	1	-1	-1	-1	6128.69669800444	4
Simulation_328	1.428	0.036	0.18	0.036	1.627	0.18	328	0.05	12000	1000	1	500	111	1	0	1	4	5	1	0	-1	-1	4559.84296260248	2
Simulation_329	2.434	0.081	0.055	0.108	2.882	0.632	329	0.05	12000	1000	1	500	111	1	0	1	2	2	0	1	0.733955659276546	2	2966.90473485284	2
Simulation_330	2.937	0.013	0.118	0.072	2.255	0.406	330	0.05	12000	1000	1	500	111	1	0	1	0	1	1	-1	-1	-1	6347.93315049945	4
Simulation_331	1.931	0.058	0.243	0.145	1	0.859	331	0.05	12000	1000	1	500	111	1	0	1	1	1	0	1	0.511668611435239	1	2701.02512999587	1
Simulation_332	1.68	0.024	0.086	0.018	1.941	0.972	332	0.05	12000	1000	1	500	111	1	0	1	0	1	1	-1	-1	-1	5892.8189922338	3
Simulation_333	2.686	0.07	0.212	0.09	0.686	0.519	333	0.05	12000	1000	1	500	111	1	0	1	1	1	0	0	-1	-1	8057.33118195222	5
Simulation_334	2.183	0.047	0.275	0.054	1.314	0.745	334	0.05	12000	1000	1	500	111	1	0	1	0	1	1	-1	-1	-1	5869.05437363622	4
Simulation_335	1.177	0.092	0.149	0.127	2.569	0.293	335	0.05	12000	1000	1	500	111	1	0	1	1	1	0	1	0.696032672112019	1	4122.94461479541	2
Simulation_336	1.24	0.044	0.063	0.14	2.176	0.547	336	0.05	12000	1000	1	500	111	1	0	1	0	1	1	-1	-1	-1	6412.10645682536	4
Simulation_337	2.246	0.089	0.188	0.068	0.922	1	337	0.05	12000	1000	1	500	111	1	0	1	0	1	1	-1	-1	-1	5520.57528721111	2
Simulation_338	2.749	0.021	0.251	0.104	1.549	0.321	338	0.05	12000	1000	1	500	111	1	0	1	3	3	0	0	-1	-1	3320.12169378307	3
Simulation_339	1.743	0.067	0.125	0.031	2.804	0.774	339	0.05	12000	1000	1	500	111	1	0	1	0	1	1	-1	-1	-1	5749.5973723469	4
Simulation_340	1.994	0.01	0.22	0.122	1.235	0.661	340	0.05	12000	1000	1	500	111	1	0	1	0	1	1	-1	-1	-1	6555.66187935476	4
Simulation_341	3	0.055	0.094	0.049	2.49	0.208	341	0.05	12000	1000	1	500	111	1	0	1	0	1	1	-1	-1	-1	6301.65120513653	4
Simulation_342	2.497	0.033	0.157	0.086	1.863	0.887	342	0.05	12000	1000	1	500	111	1	0	1	56	56	0	1	0.542590431738623	23	1483.12134366345	1
Simulation_343	1.491	0.078	0.282	0.013	0.608	0.434	343	0.05	12000	1000	1	500	111	1	0	1	0	1	1	-1	-1	-1	6031.00612825631	4
Simulation_344	1.365	0.027	0.141	0.058	1.078	0.378	344	0.05	12000	1000	1	500	111	1	0	1	0	1	1	-1	-1	-1	5910.12179870241	4
Simulation_345	2.371	0.072	0.267	0.131	2.333	0.83	345	0.05	12000	1000	1	500	111	1	0	1	57	57	0	1	0.247957992998833	52	4901.66442880494	2
Simulation_346	2.874	0.05	0.204	0.022	2.961	0.151	346	0.05	12000	1000	1	500	111	1	0	1	0	1	1	-1	-1	-1	5935.92733825037	4
Simulation_347	1.868	0.095	0.078	0.095	1.706	0.604	347	0.05	12000	1000	1	500	111	1	0	1	13	14	1	0	-1	-1	3572.92960560808	2
Simulation_348	1.617	0.038	0.298	0.077	2.647	0.717	348	0.05	12000	1000	1	500	111	1	0	1	0	1	1	-1	-1	-1	7750.57122353169	5
Simulation_349	2.623	0.084	0.173	0.149	1.392	0.264	349	0.05	12000	1000	1	500	111	1	0	1	28	28	0	0	-1	-1	4223.47229743663	2
Simulation_350	2.12	0.016	0.11	0.04	0.765	0.943	350	0.05	12000	1000	1	500	111	1	0	1	1	1	0	0	-1	-1	3210.43318487002	3
Simulation_351	1.114	0.061	0.235	0.113	2.02	0.491	351	0.05	12000	1000	1	500	111	1	0	1	0	1	1	-1	-1	-1	3982.25602468746	2
Simulation_352	1.083	0.043	0.122	0.015	1.353	0.561	352	0.05	12000	1000	1	500	111	0	143	1	1535	1555	20	1	0.00408401400233372	1	7499.01577690738	4
Simulation_353	2.088	0.088	0.247	0.088	2.608	0.109	353	0.05	12000	1000	1	500	111	1	0	1	1	1	0	0	-1	-1	4708.1979613225	4
Simulation_354	2.591	0.02	0.184	0.052	1.98	0.788	354	0.05	12000	1000	1	500	111	1	0	1	0	1	1	-1	-1	-1	4203.95719164802	4
Simulation_355	1.585	0.065	0.059	0.124	0.725	0.335	355	0.05	12000	1000	1	500	111	1	0	1	88	95	7	1	0.275379229871645	84	2877.88095398614	3
Simulation_356	1.837	0.031	0.278	0.033	2.294	0.448	356	0.05	12000	1000	1	500	111	1	0	1	0	1	1	-1	-1	-1	6106.10250832712	4
Simulation_357	2.843	0.077	0.153	0.106	1.039	0.901	357	0.05	12000	1000	1	500	111	1	0	1	1	2	1	0	-1	-1	5543.30925888844	4
Simulation_358	2.34	0.054	0.09	0.07	1.667	0.222	358	0.05	12000	1000	1	500	111	1	0	1	16	17	1	1	0.253208868144691	16	2625.37636668082	2
Simulation_359	1.334	0.099	0.216	0.143	2.922	0.675	359	0.05	12000	1000	1	500	111	1	0	1	77	77	0	1	0.834305717619603	77	1815.54149338379	1
Simulation_360	1.46	0.014	0.075	0.097	2.451	0.731	360	0.05	12000	1000	1	500	111	1	0	1	0	1	1	-1	-1	-1	6412.10645682536	4
Simulation_361	2.466	0.06	0.2	0.024	1.196	0.279	361	0.05	12000	1000	1	500	111	1	0	1	0	1	1	-1	-1	-1	5513.57449210548	4
Simulation_362	2.969	0.037	0.263	0.134	0.569	0.958	362	0.05	12000	1000	1	500	111	1	0	1	1	1	0	1	0.0845974329054842	1	5343.03884893186	3
Simulation_363	1.963	0.082	0.137	0.061	1.824	0.505	363	0.05	12000	1000	1	500	111	1	0	1	4	4	0	1	0.722870478413069	4	2237.33673351563	1
Simulation_364	1.711	0.048	0.231	0.079	0.882	0.392	364	0.05	12000	1000	1	500	111	0	19	1	2278	2298	20	1	0.494749124854142	2261	2964.25159539152	2
Simulation_365	2.717	0.094	0.106	0.006	2.137	0.844	365	0.05	12000	1000	1	500	111	1	0	1	9	9	0	1	0.00058343057176196	1	3684.89070846409	3
Simulation_366	2.214	0.026	0.169	0.115	2.765	0.165	366	0.05	12000	1000	1	500	111	1	0	1	0	1	1	-1	-1	-1	7322.63205245448	5
Simulation_367	1.208	0.071	0.294	0.043	1.51	0.618	367	0.05	12000	1000	1	500	111	1	0	1	0	1	1	-1	-1	-1	6906.36777228064	4
Simulation_368	1.145	0.023	0.192	0.074	0.804	0.873	368	0.05	12000	1000	1	500	111	1	0	1	0	1	1	-1	-1	-1	6276.21274747931	4
Simulation_369	2.151	0.068	0.067	0.147	2.059	0.42	369	0.05	12000	1000	1	500	111	1	0	1	24	24	0	1	0.714702450408401	24	2890.03769595014	1
Simulation_370	2.654	0.046	0.129	0.038	2.686	0.646	370	0.05	12000	1000	1	500	111	1	0	1	0	1	1	-1	-1	-1	5183.58180974899	2
Simulation_371	1.648	0.091	0.255	0.111	1.431	0.194	371	0.05	12000	1000	1	500	111	1	0	1	0	1	1	-1	-1	-1	5085.56866215762	4
Simulation_372	1.9	0.034	0.098	0.056	3	0.307	372	0.05	12000	1000	1	500	111	1	0	1	19	19	0	0	-1	-1	4313.99756740633	2
Simulation_373	2.906	0.079	0.224	0.129	1.745	0.76	373	0.05	12000	1000	1	500	111	1	0	1	0	1	1	-1	-1	-1	5553.72922554512	4
Simulation_374	2.403	0.012	0.286	0.02	1.118	0.533	374	0.05	12000	1000	1	500	111	1	0	1	0	1	1	-1	-1	-1	4132.94702746694	2
Simulation_375	1.397	0.057	0.161	0.093	2.373	0.986	375	0.05	12000	1000	1	500	111	1	0	1	0	1	1	-1	-1	-1	5018.49790817193	4
Simulation_376	1.271	0.051	0.239	0.12	1.902	0.929	376	0.05	12000	1000	1	500	111	1	0	1	4	4	0	0	-1	-1	6616.02539604741	4
Simulation_377	2.277	0.096	0.114	0.047	0.647	0.477	377	0.05	12000	1000	1	500	111	1	0	1	0	1	1	-1	-1	-1	7490.92794305121	5
Simulation_378	2.78	0.029	0.051	0.083	1.275	0.703	378	0.05	12000	1000	1	500	111	1	0	1	0	1	1	-1	-1	-1	5190.0987741751	3
Simulation_379	1.774	0.074	0.176	0.011	2.529	0.25	379	0.05	12000	1000	1	500	111	1	0	1	1	1	0	0	-1	-1	2222.71617445298	3
Simulation_380	1.523	0.017	0.145	0.138	1.588	0.137	380	0.05	12000	1000	1	500	111	1	0	1	0	1	1	-1	-1	-1	4682.92471479189	2
Simulation_381	2.528	0.063	0.271	0.065	2.843	0.59	381	0.05	12000	1000	1	500	111	1	0	1	0	1	1	-1	-1	-1	5697.53164988641	4
Simulation_382	2.026	0.04	0.208	0.102	2.216	0.363	382	0.05	12000	1000	1	500	111	1	0	1	1	1	0	0	-1	-1	4760.60104585795	1
Simulation_383	1.02	0.085	0.082	0.029	0.961	0.816	383	0.05	12000	1000	1	500	111	1	0	1	118	119	1	1	0.261376896149358	43	2976.97637267771	3
Simulation_384	1.012	0.025	0.158	0.11	2.088	0.615	384	0.05	12000	1000	1	500	111	1	0	1	0	1	1	-1	-1	-1	6339.60694730025	4
Simulation_385	2.018	0.07	0.283	0.037	0.833	0.162	385	0.05	12000	1000	1	500	111	1	0	1	14	16	2	1	0.00058343057176196	1	3245.48492047852	3
Simulation_386	2.521	0.047	0.221	0.147	1.461	0.841	386	0.05	12000	1000	1	500	111	1	0	1	1	2	1	0	-1	-1	4580.87777814164	2
Simulation_387	1.515	0.093	0.095	0.074	2.716	0.388	387	0.05	12000	1000	1	500	111	1	0	1	42	42	0	1	0.264294049008168	38	3641.31294421125	3
Simulation_388	1.766	0.036	0.252	0.092	1.147	0.501	388	0.05	12000	1000	1	500	111	1	0	1	1101	1231	130	1	0.605017502917153	526	1789.40938093722	1
Simulation_389	2.772	0.081	0.126	0.019	2.402	0.954	389	0.05	12000	1000	1	500	111	1	0	1	2	2	0	0	-1	-1	3872.60494060879	4
Simulation_390	2.269	0.013	0.064	0.128	1.775	0.275	390	0.05	12000	1000	1	500	111	1	0	1	0	1	1	-1	-1	-1	5956.9148530769	4
Simulation_391	1.263	0.059	0.189	0.056	0.52	0.728	391	0.05	12000	1000	1	500	111	1	0	1	1	1	0	1	0.289381563593932	1	2683.12229750809	1
Simulation_392	1.389	0.053	0.111	0.01	0.99	0.671	392	0.05	12000	1000	1	500	111	1	0	1	0	1	1	-1	-1	-1	5956.9148530769	4
Simulation_393	2.395	0.098	0.236	0.083	2.245	0.218	393	0.05	12000	1000	1	500	111	1	0	1	0	1	1	-1	-1	-1	6620.03441066183	4
Simulation_394	2.898	0.03	0.299	0.047	2.873	0.897	394	0.05	12000	1000	1	500	111	1	0	1	0	1	1	-1	-1	-1	6900.49078222197	4
Simulation_395	1.892	0.076	0.174	0.119	1.618	0.445	395	0.05	12000	1000	1	500	111	1	0	1	141	144	3	0	-1	-1	4465.9614933228	2
Simulation_396	1.64	0.019	0.205	0.028	2.559	0.332	396	0.05	12000	1000	1	500	111	1	0	1	0	1	1	-1	-1	-1	6085.91895647047	4
Simulation_397	2.646	0.064	0.079	0.101	1.304	0.784	397	0.05	12000	1000	1	500	111	1	0	1	8	9	1	1	0.723453908984831	8	2890.03769595014	1
Simulation_398	2.143	0.042	0.142	0.065	0.676	0.105	398	0.05	12000	1000	1	500	111	1	0	1	1352	1434	82	0	-1	-1	4907.93002319331	2
Simulation_399	1.138	0.087	0.268	0.137	1.931	0.558	399	0.05	12000	1000	1	500	111	1	0	1	0	1	1	-1	-1	-1	4932.69747517034	4
Simulation_400	1.2	0.039	0.228	0.124	2.794	0.813	400	0.05	12000	1000	1	500	111	1	0	1	0	1	1	-1	-1	-1	5504.66404212704	4
Simulation_401	2.206	0.084	0.103	0.051	1.539	0.36	401	0.05	12000	1000	1	500	111	1	0	1	0	1	1	-1	-1	-1	6270.54398554942	4
Simulation_402	2.709	0.016	0.166	0.087	0.912	0.586	402	0.05	12000	1000	1	500	111	1	0	1	0	1	1	-1	-1	-1	6852.46518639125	4
Simulation_403	1.703	0.061	0.291	0.015	2.167	0.134	403	0.05	12000	1000	1	500	111	1	0	1	24	24	0	1	0.690781796966161	24	2237.33673351563	1
Simulation_404	1.955	0.028	0.072	0.142	0.598	0.247	404	0.05	12000	1000	1	500	111	1	0	1	12	12	0	0	-1	-1	3736.12202502515	3
Simulation_405	2.961	0.073	0.197	0.069	1.853	0.699	405	0.05	12000	1000	1	500	111	1	0	1	5	5	0	1	0.00058343057176196	1	3248.74450395695	2
Simulation_406	2.458	0.05	0.26	0.106	2.48	0.473	406	0.05	12000	1000	1	500	111	1	0	1	4	6	2	0	-1	-1	2365.14208091186	3
Simulation_407	1.452	0.095	0.134	0.033	1.225	0.926	407	0.05	12000	1000	1	500	111	1	0	1	0	1	1	-1	-1	-1	6446.99351372903	4
Simulation_408	1.326	0.011	0.275	0.06	1.696	0.982	408	0.05	12000	1000	1	500	111	1	0	1	0	1	1	-1	-1	-1	2866.54190893857	2
Simulation_409	2.332	0.056	0.15	0.133	2.951	0.53	409	0.05	12000	1000	1	500	111	1	0	1	1	2	1	0	-1	-1	4586.56291393011	2
Simulation_410	2.835	0.033	0.087	0.024	2.324	0.756	410	0.05	12000	1000	1	500	111	1	0	1	164	165	1	1	0.2024504084014	143	2805.59184517338	2
Simulation_411	1.829	0.078	0.213	0.097	1.069	0.303	411	0.05	12000	1000	1	500	111	1	0	1	23	25	2	1	0.33022170361727	20	2915.61477082575	3
Simulation_412	1.578	0.044	0.119	0.042	2.01	0.19	412	0.05	12000	1000	1	500	111	1	0	1	66	66	0	1	0.491248541423571	50	2507.15650689187	2
Simulation_413	2.583	0.09	0.244	0.115	0.755	0.643	413	0.05	12000	1000	1	500	111	1	0	1	1	1	0	1	0.713535589264877	1	3556.03754992278	3
Simulation_414	2.081	0.022	0.181	0.006	1.382	0.417	414	0.05	12000	1000	1	500	111	1	0	1	164	166	2	0	-1	-1	4449.89657899751	2
Simulation_415	1.075	0.067	0.056	0.078	2.637	0.869	415	0.05	12000	1000	1	500	111	1	0	1	0	1	1	-1	-1	-1	7106.83653495792	5
Simulation_416	1.106	0.049	0.287	0.031	0.716	0.289	416	0.05	12000	1000	1	500	111	1	0	1	48	51	3	0	-1	-1	4562.57091397598	4
Simulation_417	2.112	0.094	0.162	0.103	1.971	0.742	417	0.05	12000	1000	1	500	111	1	0	1	37	37	0	1	0.829638273045508	37	4515.86349942213	3
Simulation_418	2.615	0.026	0.099	0.067	2.598	0.516	418	0.05	12000	1000	1	500	111	1	0	1	0	1	1	-1	-1	-1	4699.54385083562	4
Simulation_419	1.609	0.071	0.225	0.14	1.343	0.968	419	0.05	12000	1000	1	500	111	1	0	1	21	21	0	1	0.750291715285881	21	3950.56151961028	2
Simulation_420	1.861	0.015	0.13	0.012	2.912	0.855	420	0.05	12000	1000	1	500	111	1	0	1	0	1	1	-1	-1	-1	4931.75392782851	3
Simulation_421	2.866	0.06	0.256	0.085	1.657	0.402	421	0.05	12000	1000	1	500	111	1	0	1	32	35	3	0	-1	-1	4014.17295839317	3
Simulation_422	2.363	0.037	0.193	0.049	1.029	0.629	422	0.05	12000	1000	1	500	111	1	0	1	2	2	0	0	-1	-1	4722.3172645792	3
Simulation_423	1.358	0.083	0.068	0.122	2.284	0.176	423	0.05	12000	1000	1	500	111	1	0	1	0	1	1	-1	-1	-1	5331.51212154335	4
Simulation_424	1.483	0.032	0.209	0.094	1.814	0.119	424	0.05	12000	1000	1	500	111	1	0	1	0	1	1	-1	-1	-1	5878.07989706347	4
Simulation_425	2.489	0.077	0.083	0.021	0.559	0.572	425	0.05	12000	1000	1	500	111	1	0	1	1	1	0	1	0.225204200700117	1	4800.26146059452	3
Simulation_426	2.992	0.054	0.146	0.131	1.186	0.346	426	0.05	12000	1000	1	500	111	1	0	1	0	1	1	-1	-1	-1	5282.74937996616	4
Simulation_427	1.986	0.1	0.272	0.058	2.441	0.798	427	0.05	12000	1000	1	500	111	1	0	1	0	1	1	-1	-1	-1	5149.96109605535	4
Simulation_428	1.735	0.043	0.052	0.112	1.5	0.912	428	0.05	12000	1000	1	500	111	1	0	1	0	1	1	-1	-1	-1	5185.59243147622	2
Simulation_429	2.741	0.088	0.177	0.04	2.755	0.459	429	0.05	12000	1000	1	500	111	1	0	1	1	1	0	0	-1	-1	5664.87928265123	3
Simulation_430	2.238	0.02	0.24	0.149	2.127	0.685	430	0.05	12000	1000	1	500	111	1	0	1	0	1	1	-1	-1	-1	6188.53896445924	4
Simulation_431	1.232	0.066	0.115	0.076	0.873	0.233	431	0.05	12000	1000	1	500	111	0	13	1	1454	1460	6	1	0.787631271878646	1454	2284.7663045369	2
Simulation_432	1.169	0.018	0.091	0.044	1.422	0.487	432	0.05	12000	1000	1	500	111	1	0	1	0	1	1	-1	-1	-1	3224.03111010071	2
Simulation_433	2.175	0.063	0.217	0.117	2.676	0.94	433	0.05	12000	1000	1	500	111	1	0	1	23	24	1	1	0.26779463243874	17	3976.90221221983	3
Simulation_434	2.678	0.04	0.279	0.008	2.049	0.261	434	0.05	12000	1000	1	500	111	1	0	1	0	1	1	-1	-1	-1	4186.82687066726	2
Simulation_435	1.672	0.086	0.154	0.081	0.794	0.714	435	0.05	12000	1000	1	500	111	1	0	1	0	1	1	-1	-1	-1	5104.29834117351	4
Simulation_436	1.923	0.052	0.185	0.062	2.363	0.6	436	0.05	12000	1000	1	500	111	1	0	1	17	17	0	1	0.0700116686114352	8	1150.80696810754	1
Simulation_437	2.929	0.097	0.06	0.135	1.108	0.148	437	0.05	12000	1000	1	500	111	1	0	1	22	24	2	0	-1	-1	4074.00270342228	4
Simulation_438	2.426	0.029	0.123	0.026	1.735	0.827	438	0.05	12000	1000	1	500	111	1	0	1	9	13	4	0	-1	-1	7356.77272620209	4
Simulation_439	1.42	0.074	0.248	0.099	2.99	0.374	439	0.05	12000	1000	1	500	111	1	0	1	12	12	0	1	0.585180863477246	4	2237.33673351563	1
Simulation_440	1.295	0.035	0.17	0.144	2.52	0.431	440	0.05	12000	1000	1	500	111	1	0	1	0	1	1	-1	-1	-1	6355.45368578797	4
Simulation_441	2.301	0.08	0.295	0.072	1.265	0.883	441	0.05	12000	1000	1	500	111	1	0	1	5	5	0	1	0.774795799299883	5	1664.48807336653	1
Simulation_442	2.804	0.012	0.232	0.108	0.637	0.204	442	0.05	12000	1000	1	500	111	1	0	1	0	1	1	-1	-1	-1	5749.5973723469	4
Simulation_443	1.798	0.057	0.107	0.035	1.892	0.657	443	0.05	12000	1000	1	500	111	1	0	1	11	11	0	0	-1	-1	5336.99237076006	2
Simulation_444	1.546	0.023	0.264	0.126	0.951	0.77	444	0.05	12000	1000	1	500	111	1	0	1	0	1	1	-1	-1	-1	5162.69113571736	2
Simulation_445	2.552	0.069	0.138	0.053	2.206	0.317	445	0.05	12000	1000	1	500	111	1	0	1	6	6	0	0	-1	-1	4052.57125109198	2
Simulation_446	2.049	0.046	0.075	0.09	2.833	0.996	446	0.05	12000	1000	1	500	111	1	0	1	0	1	1	-1	-1	-1	5087.23802365132	4
Simulation_447	1.043	0.091	0.201	0.017	1.578	0.544	447	0.05	12000	1000	1	500	111	1	0	1	0	1	1	-1	-1	-1	5582.14034039396	4
Simulation_448	1.028	0.037	0.077	0.073	1.951	0.367	448	0.05	12000	1000	1	500	111	1	0	1	557	562	5	0	-1	-1	5146.60147710975	2
Simulation_449	2.033	0.082	0.203	0.145	0.696	0.82	449	0.05	12000	1000	1	500	111	1	0	1	0	1	1	-1	-1	-1	5865.70758124877	3
Simulation_450	2.536	0.014	0.266	0.036	1.324	0.141	450	0.05	12000	1000	1	500	111	1	0	1	0	1	1	-1	-1	-1	5677.62032569562	4
Simulation_451	1.53	0.059	0.14	0.109	2.578	0.593	451	0.05	12000	1000	1	500	111	1	0	1	0	1	1	-1	-1	-1	5513.57449210548	4
Simulation_452	1.782	0.025	0.234	0.054	1.637	0.706	452	0.05	12000	1000	1	500	111	1	0	1	25	28	3	0	-1	-1	4168.51946905728	3
Simulation_453	2.788	0.071	0.109	0.127	2.892	0.254	453	0.05	12000	1000	1	500	111	1	0	1	7	8	1	1	0.298716452742124	7	3160.11668470261	3
Simulation_454	2.285	0.048	0.172	0.018	2.265	0.933	454	0.05	12000	1000	1	500	111	1	0	1	0	1	1	-1	-1	-1	5661.95077143406	4
Simulation_455	1.279	0.093	0.297	0.091	1.01	0.48	455	0.05	12000	1000	1	500	111	1	0	1	0	1	1	-1	-1	-1	5684.58839862421	2
Simulation_456	1.405	0.02	0.125	0.118	0.539	0.537	456	0.05	12000	1000	1	500	111	1	0	1	0	1	1	-1	-1	-1	7274.91114425968	4
Simulation_457	2.411	0.065	0.25	0.045	1.794	0.989	457	0.05	12000	1000	1	500	111	1	0	1	9	9	0	1	0.680280046674446	9	2045.98239145797	1
Simulation_458	2.914	0.042	0.187	0.082	2.422	0.31	458	0.05	12000	1000	1	500	111	1	0	1	4	4	0	1	0.411318553092182	2	2342.78554354859	1
Simulation_459	1.908	0.088	0.062	0.009	1.167	0.763	459	0.05	12000	1000	1	500	111	1	0	1	0	1	1	-1	-1	-1	6428.73928022943	4
Simulation_460	1.656	0.054	0.281	0.136	2.735	0.65	460	0.05	12000	1000	1	500	111	1	0	1	474	478	4	1	0.205950991831972	468	4360.13672589473	3
Simulation_461	2.662	0.099	0.156	0.064	1.48	0.197	461	0.05	12000	1000	1	500	111	1	0	1	0	1	1	-1	-1	-1	4424.81355990815	4
Simulation_462	2.159	0.031	0.093	0.1	0.853	0.876	462	0.05	12000	1000	1	500	111	1	0	1	1	1	0	0	-1	-1	4180.31330548459	2
Simulation_463	1.153	0.076	0.219	0.027	2.108	0.424	463	0.05	12000	1000	1	500	111	1	0	1	42	42	0	1	0.748541423570595	42	1910.25658429938	1
Simulation_464	1.216	0.028	0.242	0.023	2.657	0.169	464	0.05	12000	1000	1	500	111	1	0	1	1	1	0	0	-1	-1	3904.43543601787	4
Simulation_465	2.222	0.073	0.117	0.095	1.402	0.622	465	0.05	12000	1000	1	500	111	1	0	1	0	1	1	-1	-1	-1	5752.74212888812	4
Simulation_466	2.725	0.051	0.054	0.059	0.775	0.395	466	0.05	12000	1000	1	500	111	1	0	1	9	9	0	1	0.247957992998833	9	3894.3448430097	2
Simulation_467	1.719	0.096	0.179	0.132	2.029	0.848	467	0.05	12000	1000	1	500	111	1	0	1	114	114	0	1	0.795799299883314	100	2281.75725906841	1
Simulation_468	1.971	0.04	0.148	0.041	1.088	0.961	468	0.05	12000	1000	1	500	111	1	0	1	3	3	0	1	0.244457409568261	3	2805.59184517338	2
Simulation_469	2.976	0.085	0.274	0.114	2.343	0.508	469	0.05	12000	1000	1	500	111	1	0	1	30	31	1	0	-1	-1	3936.97747191585	2
Simulation_470	2.473	0.017	0.211	0.077	2.971	0.735	470	0.05	12000	1000	1	500	111	1	0	1	0	1	1	-1	-1	-1	4092.50713703774	2
Simulation_471	1.468	0.062	0.085	0.15	1.716	0.282	471	0.05	12000	1000	1	500	111	1	0	1	0	1	1	-1	-1	-1	4027.90217514412	2
Simulation_472	1.342	0.045	0.195	0.105	1.245	0.226	472	0.05	12000	1000	1	500	111	1	0	1	397	426	29	0	-1	-1	2491.39119453214	3
Simulation_473	2.348	0.09	0.07	0.032	2.5	0.678	473	0.05	12000	1000	1	500	111	1	0	1	14	15	1	0	-1	-1	3877.80289564416	3
Simulation_474	2.851	0.023	0.132	0.141	1.873	0.452	474	0.05	12000	1000	1	500	111	1	0	1	0	1	1	-1	-1	-1	5712.71654297896	4
Simulation_475	1.845	0.068	0.258	0.068	0.618	0.905	475	0.05	12000	1000	1	500	111	1	0	1	2	2	0	1	0.14585764294049	1	4479.46718622752	2
Simulation_476	1.593	0.011	0.101	0.086	2.186	0.791	476	0.05	12000	1000	1	500	111	1	0	1	0	1	1	-1	-1	-1	3282.01274136815	3
Simulation_477	2.599	0.057	0.226	0.014	0.931	0.339	477	0.05	12000	1000	1	500	111	1	0	1	35	35	0	1	0.673278879813302	31	1604.64387331788	1
Simulation_478	2.096	0.034	0.289	0.123	1.559	0.565	478	0.05	12000	1000	1	500	111	1	0	1	0	1	1	-1	-1	-1	5489.29423465978	3
Simulation_479	1.09	0.079	0.164	0.05	2.814	0.112	479	0.05	12000	1000	1	500	111	1	0	1	2	2	0	0	-1	-1	1967.30635587282	3
Simulation_480	1.059	0.013	0.175	0.134	0.814	0.919	480	0.05	12000	1000	1	500	111	1	0	1	0	1	1	-1	-1	-1	4925.28861336145	2
Simulation_481	2.065	0.058	0.05	0.061	2.069	0.466	481	0.05	12000	1000	1	500	111	1	0	1	6	6	0	0	-1	-1	1770.53660448465	1
Simulation_482	2.568	0.035	0.113	0.098	2.696	0.692	482	0.05	12000	1000	1	500	111	1	0	1	0	1	1	-1	-1	-1	5078.13753477634	2
Simulation_483	1.562	0.081	0.238	0.025	1.441	0.24	483	0.05	12000	1000	1	500	111	1	0	1	6	6	0	1	0.738623103850642	6	2866.54190893857	2
Simulation_484	1.813	0.047	0.081	0.116	2.382	0.127	484	0.05	12000	1000	1	500	111	1	0	1	0	1	1	-1	-1	-1	6230.3487793739	4
Simulation_485	2.819	0.092	0.207	0.043	1.127	0.579	485	0.05	12000	1000	1	500	111	1	0	1	3	3	0	1	0.391481913652275	3	3547.2326519416	3
Simulation_486	2.316	0.024	0.27	0.079	0.5	0.353	486	0.05	12000	1000	1	500	111	1	0	1	0	1	1	-1	-1	-1	5509.42423868394	4
Simulation_487	1.31	0.069	0.144	0.007	1.755	0.806	487	0.05	12000	1000	1	500	111	1	0	1	0	1	1	-1	-1	-1	7750.57122353169	5
Simulation_488	1.436	0.041	0.254	0.052	2.225	0.862	488	0.05	12000	1000	1	500	111	1	0	1	47	48	1	0	-1	-1	4440.05436127663	2
Simulation_489	2.442	0.086	0.128	0.125	0.971	0.409	489	0.05	12000	1000	1	500	111	1	0	1	0	1	1	-1	-1	-1	5253.79958759889	2
Simulation_490	2.945	0.018	0.066	0.016	1.598	0.636	490	0.05	12000	1000	1	500	111	1	0	1	9	10	1	0	-1	-1	2431.02256788872	3
Simulation_491	1.939	0.064	0.191	0.089	2.853	0.183	491	0.05	12000	1000	1	500	111	1	0	1	1	1	0	0	-1	-1	5146.60147710975	2
Simulation_492	1.688	0.03	0.16	0.07	1.284	0.296	492	0.05	12000	1000	1	500	111	1	0	1	3	3	0	1	0.00116686114352392	1	1593.8517988332	1
Simulation_493	2.694	0.075	0.285	0.143	2.539	0.749	493	0.05	12000	1000	1	500	111	1	0	1	4	4	0	0	-1	-1	5393.03525294473	4
Simulation_494	2.191	0.052	0.223	0.034	1.912	0.523	494	0.05	12000	1000	1	500	111	1	0	1	5	7	2	0	-1	-1	3245.48492047852	3
Simulation_495	1.185	0.098	0.097	0.107	0.657	0.975	495	0.05	12000	1000	1	500	111	1	0	1	0	1	1	-1	-1	-1	6276.21274747931	4
Simulation_496	1.122	0.049	0.136	0.084	1.52	0.721	496	0.05	12000	1000	1	500	111	0	117	1	1797	1801	4	1	0.674445740956826	1759	2766.17908302429	2
Simulation_497	2.128	0.095	0.262	0.011	2.775	0.268	497	0.05	12000	1000	1	500	111	1	0	1	3	3	0	1	0.503500583430572	3	2683.12229750809	3
Simulation_498	2.631	0.027	0.199	0.12	2.147	0.947	498	0.05	12000	1000	1	500	111	1	0	1	0	1	1	-1	-1	-1	5677.62032569562	4
Simulation_499	1.625	0.072	0.074	0.048	0.892	0.494	499	0.05	12000	1000	1	500	111	1	0	1	0	1	1	-1	-1	-1	5800.14272374985	4
Simulation_500	1.876	0.015	0.293	0.102	1.833	0.381	500	0.05	12000	1000	1	500	111	1	0	1	0	1	1	-1	-1	-1	6084.31120074718	4
