Sim_index	S	omega_T	omega_P	sigma_e	disp_shape	disp_scale	decay	inflexion	seed	max_species	max_coex_sp	start_species	init_ab	grid_cell_distance	finished	final_timestep	initial_nb_species	final_nb_species	sp_events	ex_events
Simulation_1	1.122	0.055	0.175	0.052	1.75	1.042	0	1256	1	12000	1000	1	500	111	0	0	0	0	0	0
Simulation_2	1.314	0.032	0.111	0.028	2.385	0.556	0.762	872	2	12000	1000	1	500	111	0	0	0	0	0	0
Simulation_3	0.93	0.078	0.239	0.076	1.115	1.529	-0.762	1640	3	12000	1000	1	500	111	0	0	0	0	0	0
Simulation_4	1.026	0.043	0.142	0.016	2.702	1.772	-1.143	1448	4	12000	1000	1	500	111	1	0	1	1	1	0
Simulation_5	1.41	0.089	0.269	0.064	1.433	0.799	0.381	680	5	12000	1000	1	500	111	1	0	1	0	1	1
Simulation_6	1.218	0.02	0.078	0.04	0.798	1.286	1.143	1832	6	12000	1000	1	500	111	1	0	1	0	1	1
Simulation_7	0.834	0.066	0.206	0.089	2.067	0.313	-0.381	1064	7	12000	1000	1	500	111	0	1159	1	5252	5252	0
Simulation_8	0.882	0.037	0.125	0.07	1.909	0.434	-1.333	1928	8	12000	1000	1	500	111	0	4851	1	6717	6717	0
Simulation_9	1.266	0.083	0.253	0.022	0.639	1.407	0.19	1160	9	12000	1000	1	500	111	0	0	0	0	0	0
Simulation_10	1.458	0.014	0.061	0.095	1.274	0.921	0.952	1544	10	12000	1000	1	500	111	1	0	1	0	1	1
Simulation_11	1.074	0.06	0.189	0.046	2.544	1.894	-0.571	776	11	12000	1000	1	500	111	1	0	1	1	1	0
Simulation_12	0.978	0.026	0.094	0.058	1.591	1.65	-0.952	968	12	12000	1000	1	500	111	1	0	1	1	1	0
Simulation_13	1.362	0.072	0.222	0.01	2.861	0.678	0.571	1736	13	12000	1000	1	500	111	1	0	1	0	1	1
Simulation_14	1.17	0.049	0.158	0.083	2.226	1.164	1.333	584	14	12000	1000	1	500	111	1	0	1	0	1	1
Simulation_15	0.786	0.095	0.286	0.034	0.956	0.191	-0.19	1352	15	12000	1000	1	500	111	0	4862	1	4869	4869	0
Simulation_16	0.81	0.052	0.167	0.043	1.194	0.738	0.095	1784	16	12000	1000	1	500	111	1	0	1	0	1	1
Simulation_17	1.194	0.098	0.294	0.092	2.464	1.711	-1.429	1016	17	12000	1000	1	500	111	1	0	1	1	1	0
Simulation_18	1.386	0.029	0.103	0.019	1.829	0.252	-0.667	1400	18	12000	1000	1	500	111	1	0	1	57	57	0
Simulation_19	1.002	0.075	0.231	0.067	0.56	1.225	0.857	632	19	12000	1000	1	500	111	1	0	1	0	1	1
Simulation_20	1.098	0.017	0.069	0.031	2.147	1.468	0.476	1208	20	12000	1000	1	500	111	1	0	1	0	1	1
Simulation_21	1.482	0.063	0.197	0.079	0.877	0.495	-1.048	1976	21	12000	1000	1	500	111	1	0	1	4	4	0
Simulation_22	1.29	0.04	0.133	0.007	1.512	1.954	-0.286	824	22	12000	1000	1	500	111	1	0	1	1	1	0
Simulation_23	0.906	0.086	0.261	0.055	2.782	0.982	1.238	1592	23	12000	1000	1	500	111	1	0	1	0	1	1
Simulation_24	0.858	0.023	0.086	0.086	2.623	0.86	0.286	728	24	12000	1000	1	500	111	1	0	1	0	1	1
Simulation_25	1.242	0.069	0.214	0.037	1.353	1.833	-1.238	1496	25	12000	1000	1	500	111	0	0	0	0	0	0
Simulation_26	1.434	0.046	0.15	0.061	0.718	0.374	-0.476	1112	26	12000	1000	1	500	111	1	0	1	1	1	0
Simulation_27	1.05	0.092	0.278	0.013	1.988	1.346	1.048	1880	27	12000	1000	1	500	111	1	0	1	0	1	1
Simulation_28	0.954	0.034	0.117	0.098	1.036	1.103	0.667	1304	28	12000	1000	1	500	111	1	0	1	0	1	1
Simulation_29	1.338	0.081	0.247	0.049	2.306	0.13	-0.857	536	29	12000	1000	1	500	111	1	0	1	1	1	0
Simulation_30	1.146	0.011	0.053	0.073	2.94	1.59	-0.095	1688	30	12000	1000	1	500	111	1	0	1	4	4	0
Simulation_31	0.762	0.058	0.183	0.025	1.671	0.617	1.429	920	31	12000	1000	1	500	111	1	0	1	0	1	1
Simulation_32	0.774	0.033	0.114	0.06	2.266	1.316	-0.714	1520	32	12000	1000	1	500	111	1	0	1	1	1	0
Simulation_33	1.158	0.079	0.242	0.011	0.996	0.343	0.81	752	33	12000	1000	1	500	111	1	0	1	0	1	1
Simulation_34	1.35	0.01	0.05	0.084	1.631	1.802	0.048	1904	34	12000	1000	1	500	111	1	0	1	0	1	1
Simulation_35	0.966	0.056	0.178	0.035	2.901	0.83	-1.476	1136	35	12000	1000	1	500	111	0	4684	1	2003	2003	0
Simulation_36	1.062	0.022	0.083	0.072	1.313	0.586	-0.333	560	36	12000	1000	1	500	111	0	4676	1	1864	1864	0
Simulation_37	1.446	0.068	0.211	0.023	2.583	1.559	1.19	1328	37	12000	1000	1	500	111	1	0	1	0	1	1
Simulation_38	1.254	0.045	0.147	0.096	1.948	0.1	0.429	944	38	12000	1000	1	500	111	1	0	1	0	1	1
Simulation_39	0.87	0.091	0.275	0.048	0.679	1.073	-1.095	1712	39	12000	1000	1	500	111	1	0	1	1	1	0
Simulation_40	0.918	0.016	0.067	0.017	0.837	1.194	-0.524	1040	40	12000	1000	1	500	111	1	0	1	1	1	0
Simulation_41	1.302	0.062	0.194	0.066	2.107	0.222	1	1808	41	12000	1000	1	500	111	0	0	0	0	0	0
Simulation_42	1.494	0.039	0.131	0.041	2.742	1.681	0.238	656	42	12000	1000	1	500	111	1	0	1	0	1	1
Simulation_43	1.11	0.085	0.258	0.09	1.472	0.708	-1.286	1424	43	12000	1000	1	500	111	0	0	0	0	0	0
Simulation_44	1.014	0.05	0.161	0.005	2.425	0.951	-0.143	2000	44	12000	1000	1	500	111	0	0	0	0	0	0
Simulation_45	1.398	0.096	0.289	0.054	1.155	1.924	1.381	1232	45	12000	1000	1	500	111	0	0	0	0	0	0
Simulation_46	1.206	0.027	0.097	0.029	0.52	0.465	0.619	1616	46	12000	1000	1	500	111	1	0	1	0	1	1
Simulation_47	0.822	0.073	0.225	0.078	1.79	1.438	-0.905	848	47	12000	1000	1	500	111	1	0	1	1	1	0
Simulation_48	0.798	0.03	0.106	0.099	2.98	1.985	0.905	1184	48	12000	1000	1	500	111	1	0	1	0	1	1
Simulation_49	1.182	0.076	0.233	0.051	1.71	1.012	-0.619	1952	49	12000	1000	1	500	111	1	0	1	1	1	0
Simulation_50	1.374	0.053	0.169	0.075	1.075	1.498	-1.381	800	50	12000	1000	1	500	111	1	0	1	1	1	0
Simulation_51	0.99	0.099	0.297	0.026	2.345	0.526	0.143	1568	51	12000	1000	1	500	111	1	0	1	0	1	1
Simulation_52	1.086	0.042	0.139	0.087	0.758	0.282	1.286	1760	52	12000	1000	1	500	111	1	0	1	0	1	1
Simulation_53	1.47	0.088	0.267	0.038	2.028	1.255	-0.238	992	53	12000	1000	1	500	111	1	0	1	1	1	0
Simulation_54	1.278	0.019	0.075	0.063	2.663	0.769	-1	1376	54	12000	1000	1	500	111	0	4649	1	2117	2117	0
Simulation_55	0.894	0.065	0.203	0.014	1.393	1.742	0.524	608	55	12000	1000	1	500	111	1	0	1	0	1	1
Simulation_56	0.846	0.047	0.153	0.032	1.552	1.62	1.095	1280	56	12000	1000	1	500	111	1	0	1	0	1	1
Simulation_57	1.23	0.094	0.283	0.081	2.821	0.647	-0.429	512	57	12000	1000	1	500	111	0	4810	1	2979	2979	0
Simulation_58	1.422	0.024	0.089	0.008	2.187	1.134	-1.19	1664	58	12000	1000	1	500	111	1	0	1	1	1	0
Simulation_59	1.038	0.07	0.217	0.057	0.917	0.161	0.333	896	59	12000	1000	1	500	111	1	0	1	0	1	1
Simulation_60	0.942	0.013	0.058	0.045	1.869	0.404	1.476	704	60	12000	1000	1	500	111	1	0	1	0	1	1
Simulation_61	1.326	0.059	0.186	0.093	0.599	1.377	-0.048	1472	61	12000	1000	1	500	111	1	0	1	1	1	0
Simulation_62	1.134	0.036	0.122	0.02	1.234	0.89	-0.81	1088	62	12000	1000	1	500	111	1	0	1	1	1	0
Simulation_63	0.75	0.082	0.25	0.069	2.504	1.863	0.714	1856	63	12000	1000	1	500	111	1	0	1	0	1	1
Simulation_64	0.756	0.045	0.147	0.082	1.016	1.757	-0.31	1556	64	12000	1000	1	500	111	1	0	1	1	1	0
Simulation_65	1.14	0.091	0.275	0.033	2.286	0.784	1.214	788	65	12000	1000	1	500	111	1	0	1	0	1	1
Simulation_66	1.332	0.022	0.083	0.057	2.921	1.27	0.452	1940	66	12000	1000	1	500	111	1	0	1	0	1	1
Simulation_67	0.948	0.068	0.211	0.009	1.651	0.298	-1.071	1172	67	12000	1000	1	500	111	0	4715	1	5415	5415	0
Simulation_68	1.044	0.011	0.053	0.094	2.603	0.541	-0.69	596	68	12000	1000	1	500	111	0	4806	1	3650	3650	0
Simulation_69	1.428	0.057	0.181	0.045	1.333	1.514	0.833	1364	69	12000	1000	1	500	111	1	0	1	0	1	1
Simulation_70	1.236	0.034	0.117	0.07	0.698	1.027	0.071	980	70	12000	1000	1	500	111	1	0	1	0	1	1
Simulation_71	0.852	0.08	0.244	0.021	1.968	2	-1.452	1748	71	12000	1000	1	500	111	1	0	1	1	1	0
Simulation_72	0.9	0.028	0.1	0.051	2.127	1.878	-0.119	884	72	12000	1000	1	500	111	1	0	1	1	1	0
Simulation_73	1.284	0.074	0.228	0.1	0.857	0.906	1.405	1652	73	12000	1000	1	500	111	1	0	1	0	1	1
Simulation_74	1.476	0.051	0.164	0.027	1.492	1.392	0.643	500	74	12000	1000	1	500	111	1	0	1	0	1	1
Simulation_75	1.092	0.097	0.292	0.076	2.762	0.419	-0.881	1268	75	12000	1000	1	500	111	0	363	1	6404	6404	0
Simulation_76	0.996	0.04	0.133	0.039	1.175	0.176	-0.5	1844	76	12000	1000	1	500	111	0	0	0	0	0	0
Simulation_77	1.38	0.086	0.261	0.088	2.444	1.149	1.024	1076	77	12000	1000	1	500	111	1	0	1	0	1	1
Simulation_78	1.188	0.016	0.067	0.015	1.81	0.662	0.262	1460	78	12000	1000	1	500	111	1	0	1	0	1	1
Simulation_79	0.804	0.063	0.197	0.064	0.54	1.635	-1.262	692	79	12000	1000	1	500	111	0	0	0	0	0	0
Simulation_80	0.828	0.019	0.075	0.067	1.73	1.088	1.31	1124	80	12000	1000	1	500	111	1	0	1	0	1	1
Simulation_81	1.212	0.065	0.203	0.018	3	0.115	-0.214	1892	81	12000	1000	1	500	111	1	0	1	1	1	0
Simulation_82	1.404	0.042	0.139	0.091	2.365	1.574	-0.976	740	82	12000	1000	1	500	111	1	0	1	1	1	0
Simulation_83	1.02	0.088	0.267	0.042	1.095	0.602	0.548	1508	83	12000	1000	1	500	111	1	0	1	0	1	1
Simulation_84	1.116	0.054	0.172	0.054	2.048	0.845	0.929	1700	84	12000	1000	1	500	111	1	0	1	0	1	1
Simulation_85	1.5	0.1	0.3	0.006	0.778	1.818	-0.595	932	85	12000	1000	1	500	111	1	0	1	1	1	0
Simulation_86	1.308	0.031	0.108	0.079	1.413	0.358	-1.357	1316	86	12000	1000	1	500	111	0	4802	1	4486	4486	0
Simulation_87	0.924	0.077	0.236	0.03	2.683	1.331	0.167	548	87	12000	1000	1	500	111	1	0	1	0	1	1
Simulation_88	0.876	0.037	0.125	0.012	2.841	1.453	1.5	1412	88	12000	1000	1	500	111	1	0	1	0	1	1
Simulation_89	1.26	0.083	0.253	0.06	1.571	0.48	-0.024	644	89	12000	1000	1	500	111	0	4757	1	3801	3801	0
Simulation_90	1.452	0.014	0.061	0.036	0.937	1.939	-0.786	1796	90	12000	1000	1	500	111	1	0	1	1	1	0
Simulation_91	1.068	0.06	0.189	0.085	2.206	0.966	0.738	1028	91	12000	1000	1	500	111	1	0	1	0	1	1
Simulation_92	0.972	0.025	0.092	0.024	0.619	0.723	1.119	836	92	12000	1000	1	500	111	1	0	1	0	1	1
Simulation_93	1.356	0.071	0.219	0.073	1.889	1.696	-0.405	1604	93	12000	1000	1	500	111	1	0	1	1	1	0
Simulation_94	1.164	0.048	0.156	0.048	2.524	0.237	-1.167	1220	94	12000	1000	1	500	111	1	0	1	1	1	0
Simulation_95	0.78	0.094	0.283	0.097	1.254	1.21	0.357	1988	95	12000	1000	1	500	111	1	0	1	0	1	1
Simulation_96	0.768	0.021	0.081	0.038	1.77	0.997	-1.119	668	96	12000	1000	1	500	111	0	0	0	0	0	0
Simulation_97	1.152	0.067	0.208	0.086	0.5	1.97	0.405	1436	97	12000	1000	1	500	111	0	0	0	0	0	0
Simulation_98	1.344	0.044	0.144	0.013	1.135	0.51	1.167	1052	98	12000	1000	1	500	111	1	0	1	0	1	1
Simulation_99	0.96	0.09	0.272	0.062	2.405	1.483	-0.357	1820	99	12000	1000	1	500	111	1	0	1	1	1	0
Simulation_100	1.056	0.032	0.111	0.05	1.452	1.24	-1.5	1628	100	12000	1000	1	500	111	1	0	1	1	1	0
